0 0.174981 0.360500 0.044636 0.050000
0 0.165041 0.403000 0.046512 0.049000
0 0.217554 0.381000 0.044261 0.050000
0 0.239310 0.328000 0.048012 0.063000
0 0.282258 0.301750 0.046137 0.054500
0 0.202176 0.455750 0.045761 0.049500
0 0.180420 0.502750 0.042761 0.044500
0 0.145536 0.580250 0.042761 0.045500
0 0.199737 0.596750 0.042386 0.038500
0 0.214179 0.672250 0.043511 0.040500
0 0.210428 0.706500 0.041260 0.044000
0 0.245124 0.702000 0.040135 0.049000
0 0.246999 0.763500 0.037134 0.041000
0 0.240060 0.864750 0.042011 0.039500
0 0.280383 0.818750 0.034884 0.040500
0 0.314329 0.877250 0.042011 0.036500
0 0.353338 0.837500 0.035259 0.040000
0 0.279257 0.761500 0.032633 0.039000
0 0.324081 0.767250 0.037509 0.039500
0 0.298950 0.715000 0.038260 0.035000
0 0.358215 0.754000 0.033758 0.042000
0 0.284884 0.674000 0.038635 0.039000
0 0.267067 0.640750 0.042761 0.039500
0 0.250188 0.610000 0.044261 0.045000
0 0.266129 0.590500 0.042386 0.040000
0 0.291823 0.604500 0.032258 0.045000
0 0.309452 0.652500 0.039760 0.049000
0 0.320705 0.621500 0.041260 0.043000
0 0.341148 0.668500 0.040135 0.038000
0 0.339460 0.692250 0.035259 0.034500
0 0.368530 0.700000 0.036384 0.043000
0 0.389535 0.706250 0.033383 0.033500
0 0.390285 0.741750 0.031883 0.039500
0 0.386909 0.810000 0.031883 0.038000
0 0.409602 0.803250 0.023256 0.038500
0 0.440173 0.822750 0.036384 0.035500
0 0.473931 0.879250 0.034884 0.036500
0 0.514816 0.889500 0.038635 0.036000
0 0.428170 0.780750 0.037884 0.038500
0 0.422168 0.750000 0.034134 0.036000
0 0.461740 0.780500 0.034509 0.032000
0 0.454239 0.754250 0.036759 0.036500
0 0.420480 0.713500 0.036759 0.037000
0 0.454426 0.723250 0.032633 0.045500
0 0.385409 0.661500 0.040885 0.042000
0 0.414104 0.678500 0.042011 0.037000
0 0.455364 0.683750 0.036759 0.045500
0 0.414666 0.648000 0.035634 0.043000
0 0.449362 0.646250 0.039760 0.040500
0 0.453863 0.613750 0.037509 0.042500
0 0.416354 0.607500 0.039760 0.047000
0 0.376219 0.577750 0.045761 0.044500
0 0.337397 0.557000 0.046887 0.046000
0 0.382783 0.540750 0.043886 0.043500
0 0.309827 0.516750 0.039760 0.042500
0 0.267629 0.520250 0.043136 0.046500
0 0.227119 0.499000 0.037134 0.045000
0 0.249062 0.479750 0.044261 0.050500
0 0.246437 0.435500 0.042011 0.048000
0 0.271568 0.387500 0.045011 0.058000
0 0.292198 0.423000 0.042761 0.050000
0 0.314141 0.354750 0.042386 0.048500
0 0.307952 0.257250 0.046512 0.058500
0 0.326332 0.185250 0.042761 0.054500
0 0.373968 0.198000 0.038260 0.054000
0 0.334584 0.318000 0.042011 0.059000
0 0.369842 0.278750 0.039010 0.055500
0 0.361215 0.354500 0.045761 0.056000
0 0.339835 0.394000 0.043511 0.051000
0 0.323143 0.486000 0.040885 0.049000
0 0.359340 0.483250 0.041260 0.046500
0 0.381095 0.464500 0.044261 0.054000
0 0.421230 0.553000 0.036009 0.045000
0 0.484621 0.742500 0.020255 0.039000
0 0.506189 0.756750 0.037884 0.040500
0 0.508815 0.722000 0.037134 0.042000
0 0.499062 0.665500 0.037134 0.041000
0 0.487809 0.625750 0.037884 0.048500
0 0.475806 0.566750 0.041635 0.045500
0 0.506002 0.574750 0.035259 0.045500
0 0.428170 0.523250 0.038635 0.049500
0 0.460428 0.529250 0.040885 0.045500
0 0.503376 0.527750 0.038260 0.047500
0 0.419167 0.470250 0.042386 0.045500
0 0.459115 0.479000 0.039760 0.051000
0 0.389535 0.403000 0.039385 0.052000
0 0.420105 0.417500 0.041260 0.050000
0 0.469805 0.440000 0.040885 0.055000
0 0.497937 0.467500 0.038635 0.049000
0 0.522881 0.484500 0.034509 0.050000
0 0.393286 0.329750 0.039385 0.056500
0 0.431358 0.361000 0.044261 0.053000
0 0.408102 0.275500 0.042761 0.058000
0 0.434171 0.305000 0.041635 0.059000
0 0.420293 0.213750 0.042386 0.058500
0 0.456302 0.257500 0.045386 0.058000
0 0.458177 0.185500 0.042386 0.049000
0 0.494749 0.211750 0.043511 0.057500
0 0.483308 0.291500 0.046887 0.063000
0 0.477494 0.348250 0.046512 0.056500
0 0.506939 0.375250 0.044636 0.050500
0 0.512378 0.150250 0.047262 0.061500
0 0.553826 0.140250 0.049137 0.059500
0 0.572206 0.188250 0.047637 0.051500
0 0.610465 0.156750 0.042386 0.060500
0 0.610090 0.217250 0.044636 0.057500
0 0.538447 0.270500 0.046887 0.058000
0 0.574269 0.251500 0.045011 0.060000
0 0.517817 0.316750 0.038635 0.055500
0 0.562453 0.299750 0.040885 0.054500
0 0.547637 0.353250 0.041260 0.053500
0 0.548762 0.406500 0.039760 0.053000
0 0.554389 0.470250 0.041260 0.049500
0 0.560203 0.508500 0.038635 0.044000
0 0.549887 0.557250 0.036759 0.041500
0 0.529445 0.631500 0.037134 0.041000
0 0.545949 0.645250 0.029632 0.040500
0 0.539947 0.686500 0.034134 0.041000
0 0.552701 0.706250 0.035634 0.031500
0 0.547262 0.764000 0.033758 0.031000
0 0.548387 0.795500 0.033758 0.034000
0 0.576144 0.783000 0.031508 0.035000
0 0.596399 0.771250 0.022506 0.029500
0 0.614029 0.746000 0.021755 0.034000
0 0.564141 0.751000 0.029257 0.038000
0 0.592273 0.743250 0.036759 0.042500
0 0.576894 0.697000 0.033758 0.039000
0 0.574831 0.649000 0.034884 0.039000
0 0.574269 0.613750 0.036009 0.038500
0 0.610465 0.665250 0.035634 0.044500
0 0.605964 0.691750 0.036384 0.043500
0 0.640848 0.684750 0.036384 0.040500
0 0.631095 0.721500 0.035634 0.044000
0 0.660165 0.718750 0.032258 0.039500
0 0.661103 0.672500 0.025131 0.038000
0 0.635596 0.634000 0.034884 0.043000
0 0.656602 0.639750 0.031883 0.045500
0 0.605401 0.583750 0.039760 0.033500
0 0.599587 0.558750 0.039385 0.040500
0 0.590210 0.528750 0.040885 0.045500
0 0.663916 0.156750 0.042011 0.055500
0 0.627532 0.260250 0.039760 0.050500
0 0.599400 0.296250 0.042761 0.054500
0 0.584396 0.351250 0.040510 0.054500
0 0.627719 0.307250 0.032633 0.049500
0 0.606527 0.366750 0.036009 0.045500
0 0.588897 0.424500 0.039760 0.046000
0 0.611965 0.410000 0.033383 0.046000
0 0.599587 0.483250 0.041635 0.042500
0 0.614216 0.499250 0.033383 0.033500
0 0.635596 0.477000 0.037134 0.046000
0 0.630533 0.512000 0.030758 0.037000
0 0.644599 0.561000 0.036384 0.048000
0 0.684734 0.599750 0.036384 0.037500
0 0.679857 0.560000 0.040885 0.043000
0 0.714929 0.585250 0.036009 0.040500
0 0.755064 0.580500 0.034509 0.045000
0 0.663541 0.500750 0.039760 0.043500
0 0.712866 0.529250 0.034884 0.045500
0 0.719430 0.494500 0.039010 0.039000
0 0.750375 0.501750 0.031883 0.049500
0 0.692236 0.467500 0.037884 0.049000
0 0.668792 0.434750 0.037509 0.047500
0 0.728807 0.458500 0.039010 0.053000
0 0.704801 0.414750 0.042761 0.050500
0 0.748312 0.455250 0.026257 0.044500
0 0.748687 0.396750 0.035259 0.035500
0 0.750750 0.370250 0.040885 0.044500
0 0.645536 0.372250 0.038260 0.048500
0 0.678545 0.384000 0.033008 0.052000
0 0.699550 0.356250 0.036759 0.057500
0 0.722993 0.349000 0.028132 0.046000
0 0.774569 0.340500 0.042761 0.055000
0 0.663916 0.284750 0.041260 0.057500
0 0.734059 0.294000 0.042011 0.054000
0 0.688297 0.238500 0.042761 0.054000