0 0.087584 0.478000 0.061140 0.080000
0 0.109715 0.554500 0.061890 0.073000
0 0.178357 0.567750 0.060390 0.067500
0 0.236309 0.587750 0.058515 0.076500
0 0.286759 0.608250 0.062641 0.078500
0 0.277007 0.532500 0.049137 0.061000
0 0.220743 0.514500 0.058140 0.065000
0 0.164104 0.485750 0.050638 0.076500
0 0.155851 0.406000 0.058890 0.079000
0 0.113466 0.401250 0.052888 0.073500
0 0.150788 0.332000 0.055514 0.074000
0 0.192798 0.287750 0.064516 0.075500
0 0.223556 0.365500 0.056264 0.075000
0 0.214179 0.439000 0.054764 0.080000
0 0.283758 0.409000 0.053638 0.073000
0 0.295199 0.488000 0.065266 0.076000
0 0.333646 0.548250 0.053638 0.077500
0 0.362153 0.612250 0.058890 0.078500
0 0.387847 0.529500 0.052513 0.079000
0 0.424794 0.598500 0.048387 0.076000
0 0.474681 0.606250 0.053638 0.074500
0 0.525319 0.613250 0.055889 0.076500
0 0.206677 0.197250 0.061515 0.083500
0 0.231620 0.126750 0.061140 0.089500
0 0.256752 0.251250 0.055139 0.086500
0 0.313391 0.281250 0.055139 0.074500
0 0.287884 0.194500 0.062641 0.087000
0 0.319955 0.112000 0.067517 0.076000
0 0.283571 0.060000 0.067517 0.084000
0 0.428170 0.072000 0.062641 0.081000
0 0.387472 0.149500 0.060015 0.092000
0 0.412603 0.219250 0.051013 0.084500
0 0.360653 0.225750 0.060390 0.081500
0 0.372093 0.302750 0.056264 0.084500
0 0.420668 0.295000 0.067142 0.093000
0 0.459302 0.215250 0.067892 0.104500
0 0.453676 0.145750 0.059640 0.070500
0 0.491373 0.075500 0.061515 0.094000
0 0.519880 0.180750 0.063766 0.091500
0 0.565829 0.096250 0.062641 0.085500
0 0.580083 0.191000 0.059640 0.074000
0 0.524756 0.276750 0.048762 0.071500
0 0.576894 0.279000 0.057764 0.083000
0 0.546887 0.336000 0.064516 0.080000
0 0.483871 0.327250 0.053263 0.086500
0 0.511440 0.403250 0.058890 0.078500
0 0.564704 0.413000 0.058140 0.075000
0 0.608027 0.346500 0.059265 0.081000
0 0.441485 0.383750 0.066767 0.070500
0 0.384096 0.379000 0.059265 0.074000
0 0.330083 0.361750 0.049512 0.077500
0 0.274194 0.337000 0.057764 0.071000
0 0.357839 0.448750 0.054014 0.077500
0 0.417292 0.456500 0.053638 0.079000
0 0.442986 0.528000 0.057764 0.074000
0 0.480308 0.473000 0.055889 0.085000
0 0.504501 0.535750 0.054014 0.079500
0 0.541635 0.476750 0.057764 0.073500
0 0.590023 0.515000 0.058515 0.071000
0 0.582896 0.589750 0.051763 0.076500
0 0.627157 0.652750 0.050263 0.070500
0 0.675731 0.682250 0.052888 0.077500
0 0.727307 0.681750 0.057764 0.063500
0 0.776632 0.723000 0.058140 0.073000
0 0.830645 0.686000 0.063391 0.074000
0 0.839272 0.743500 0.063391 0.061000
0 0.914104 0.740500 0.063016 0.082000
0 0.830645 0.612000 0.058890 0.061000
0 0.870593 0.636250 0.056264 0.070500
0 0.770818 0.641000 0.056264 0.076000
0 0.714179 0.617750 0.060015 0.073500
0 0.651538 0.587500 0.054014 0.067000
0 0.653226 0.517250 0.056639 0.074500
0 0.707052 0.547000 0.063016 0.074000
0 0.769692 0.571750 0.057764 0.075500
0 0.616279 0.443250 0.056264 0.073500
0 0.653226 0.394750 0.059640 0.072500
0 0.685109 0.453000 0.054389 0.080000
0 0.733683 0.490000 0.053263 0.070000
0 0.784696 0.488500 0.056264 0.071000
0 0.739310 0.415000 0.058515 0.075000
0 0.834584 0.421750 0.064516 0.078500
0 0.891785 0.481250 0.055889 0.071500
0 0.884284 0.550000 0.061140 0.085000
0 0.912041 0.405250 0.064141 0.080500
0 0.873781 0.324500 0.064141 0.073000
0 0.810203 0.318500 0.051013 0.084000
0 0.762378 0.343500 0.056639 0.082000
0 0.703676 0.326000 0.066767 0.082000
0 0.656602 0.281250 0.061140 0.070500
0 0.649662 0.195500 0.062266 0.082000
0 0.710240 0.163000 0.064891 0.087000
0 0.637097 0.088750 0.067142 0.087500
0 0.716429 0.257000 0.063016 0.068000
0 0.778320 0.253500 0.057764 0.077000
0 0.948425 0.435000 0.059640 0.079000