0 0.114216 0.541250 0.032633 0.037500
0 0.125656 0.590500 0.034509 0.041000
0 0.132221 0.640750 0.032633 0.038500
0 0.147787 0.680000 0.032258 0.032000
0 0.187922 0.752250 0.033008 0.037500
0 0.231245 0.719500 0.030383 0.036000
0 0.184171 0.670000 0.031508 0.035000
0 0.168980 0.638000 0.031883 0.039000
0 0.223743 0.684250 0.026632 0.037500
0 0.247187 0.677000 0.032258 0.039000
0 0.294449 0.671500 0.030758 0.036000
0 0.295574 0.640750 0.030008 0.036500
0 0.210240 0.624500 0.030383 0.038000
0 0.155664 0.542750 0.031508 0.035500
0 0.184921 0.577500 0.031508 0.044000
0 0.189985 0.553000 0.032633 0.042000
0 0.215679 0.588000 0.033758 0.041000
0 0.235559 0.610750 0.033758 0.038500
0 0.271193 0.623250 0.029257 0.041500
0 0.316204 0.619250 0.030008 0.041500
0 0.354464 0.616000 0.032258 0.039000
0 0.248687 0.569250 0.030008 0.040500
0 0.286197 0.577500 0.030008 0.041000
0 0.142911 0.488000 0.028507 0.042000
0 0.180608 0.495000 0.026632 0.046000
0 0.207427 0.508500 0.030758 0.044000
0 0.254689 0.525500 0.030008 0.038000
0 0.278695 0.515750 0.032258 0.040500
0 0.284884 0.546250 0.028882 0.038500
0 0.302513 0.540000 0.031133 0.040000
0 0.328582 0.553000 0.031508 0.040000
0 0.375844 0.541250 0.030008 0.044500
0 0.243248 0.492500 0.031133 0.036000
0 0.226932 0.465250 0.035259 0.040500
0 0.259565 0.456250 0.030008 0.044500
0 0.316954 0.492750 0.028507 0.035500
0 0.362716 0.504500 0.026257 0.034000
0 0.385221 0.507750 0.028507 0.040500
0 0.343023 0.469750 0.031133 0.038500
0 0.304201 0.446000 0.030758 0.041000
0 0.158102 0.430250 0.032633 0.042500
0 0.159040 0.390750 0.030758 0.038500
0 0.177044 0.355500 0.028507 0.042000
0 0.201988 0.394250 0.030383 0.036500
0 0.230870 0.396750 0.032633 0.043500
0 0.259940 0.417500 0.030758 0.045000
0 0.211178 0.317250 0.032258 0.040500
0 0.248125 0.284000 0.031133 0.048000
0 0.237622 0.346750 0.032633 0.046500
0 0.265941 0.326750 0.029257 0.040500
0 0.292198 0.253000 0.030008 0.047000
0 0.306077 0.232500 0.037509 0.043000
0 0.285634 0.307250 0.028132 0.047500
0 0.312641 0.286500 0.029632 0.043000
0 0.334584 0.267000 0.033008 0.045000
0 0.358215 0.247250 0.030758 0.048500
0 0.381658 0.270250 0.034134 0.042500
0 0.355401 0.301500 0.032633 0.046000
0 0.329520 0.324250 0.031883 0.044500
0 0.293511 0.347250 0.031133 0.037500
0 0.271193 0.372500 0.031508 0.042000
0 0.284884 0.397750 0.035634 0.042500
0 0.328395 0.353250 0.023631 0.035500
0 0.344711 0.360000 0.031508 0.038000
0 0.321830 0.423500 0.027757 0.044000
0 0.349025 0.397750 0.034134 0.041500
0 0.371155 0.337750 0.033383 0.044500
0 0.389160 0.306500 0.031883 0.046000
0 0.420105 0.251000 0.033008 0.047000
0 0.454989 0.225250 0.032258 0.051500
0 0.445424 0.275250 0.034884 0.049500
0 0.416729 0.298500 0.032258 0.047000
0 0.441673 0.315500 0.036384 0.046000
0 0.483871 0.240750 0.036759 0.050500
0 0.491373 0.279750 0.036759 0.047500
0 0.517254 0.251500 0.033008 0.050000
0 0.536759 0.278500 0.038260 0.048000
0 0.489122 0.320500 0.029257 0.041000
0 0.465491 0.347750 0.032258 0.043500
0 0.398162 0.346500 0.031883 0.044000
0 0.390660 0.369500 0.030383 0.039000
0 0.387847 0.409750 0.033758 0.038500
0 0.367967 0.426250 0.025506 0.034500
0 0.389722 0.460250 0.030758 0.035500
0 0.381470 0.470750 0.027757 0.033500
0 0.416729 0.489750 0.029257 0.039500
0 0.432108 0.519000 0.030008 0.032000
0 0.445236 0.549250 0.028507 0.037500
0 0.478245 0.560250 0.029257 0.041500
0 0.465304 0.519500 0.029632 0.035000
0 0.426482 0.454000 0.029257 0.038000
0 0.413166 0.417500 0.024381 0.039000
0 0.433608 0.423250 0.030008 0.040500
0 0.420855 0.390500 0.032258 0.044000
0 0.430608 0.358000 0.030758 0.046000
0 0.457802 0.385000 0.031883 0.043000
0 0.458927 0.451500 0.031883 0.043000
0 0.444861 0.479500 0.031508 0.042000
0 0.469805 0.492500 0.033383 0.040000
0 0.498125 0.510500 0.030008 0.037000
0 0.486122 0.463500 0.033008 0.046000
0 0.481245 0.421750 0.031508 0.040500
0 0.487247 0.378250 0.030008 0.046500
0 0.513878 0.376250 0.033758 0.042500
0 0.512753 0.337500 0.028507 0.044000
0 0.540135 0.338750 0.035259 0.043500
0 0.535446 0.400000 0.028132 0.042000
0 0.557202 0.383000 0.034134 0.046000
0 0.515191 0.431000 0.031883 0.040000
0 0.514629 0.472250 0.030758 0.041500
0 0.540135 0.464000 0.035259 0.040000
0 0.524569 0.518500 0.030383 0.055000
0 0.549512 0.494250 0.029257 0.041500
0 0.569955 0.523000 0.030383 0.037000
0 0.574456 0.487750 0.030383 0.042500
0 0.558515 0.437250 0.031508 0.039500
0 0.580645 0.409750 0.033008 0.042500
0 0.584396 0.443000 0.027007 0.037000
0 0.606527 0.464500 0.028507 0.042000
0 0.596774 0.507000 0.028507 0.043000
0 0.593961 0.529500 0.028882 0.035000
0 0.562266 0.309250 0.034509 0.047500
0 0.557577 0.229750 0.039385 0.053500
0 0.577082 0.268500 0.035634 0.044000
0 0.617967 0.218500 0.037884 0.050000
0 0.614404 0.265750 0.035259 0.050500
0 0.644786 0.262750 0.036759 0.050500
0 0.594149 0.329750 0.036759 0.052500
0 0.619655 0.311250 0.034509 0.041500
0 0.588897 0.373000 0.034509 0.043000
0 0.618155 0.377250 0.033008 0.049500
0 0.617029 0.415250 0.033008 0.046500
0 0.636347 0.478000 0.033383 0.044000
0 0.624531 0.514000 0.026257 0.038000
0 0.636347 0.525250 0.028132 0.035500
0 0.652663 0.493250 0.032258 0.036500
0 0.654726 0.453500 0.031133 0.039000
0 0.677794 0.470500 0.027007 0.042000
0 0.639722 0.420000 0.028132 0.039000
0 0.654164 0.400500 0.033758 0.050000
0 0.671605 0.372000 0.034884 0.044000
0 0.651350 0.335000 0.038635 0.050000
0 0.657352 0.299250 0.034884 0.049500
0 0.691110 0.292250 0.035634 0.041500
0 0.685296 0.335000 0.033758 0.049000
0 0.687734 0.445000 0.034134 0.044000
0 0.704989 0.420750 0.033383 0.054500
0 0.709677 0.360500 0.038260 0.047000
0 0.734434 0.324750 0.036009 0.051500
0 0.737434 0.264750 0.033758 0.045500
0 0.772131 0.311750 0.034884 0.048500
0 0.750000 0.348250 0.034134 0.047500
0 0.724494 0.383500 0.031883 0.042000
0 0.731058 0.410750 0.033008 0.042500
0 0.721868 0.460500 0.030383 0.045000
0 0.724494 0.499500 0.032633 0.039000
0 0.714179 0.520000 0.025506 0.036000
0 0.694111 0.525500 0.029632 0.043000
0 0.734246 0.545750 0.027382 0.039500
0 0.756002 0.528250 0.028132 0.031500
0 0.750563 0.511000 0.030008 0.041000
0 0.766504 0.479750 0.031883 0.046500
0 0.778882 0.487750 0.028132 0.037500
0 0.775131 0.442500 0.028882 0.047000
0 0.766879 0.391500 0.031883 0.044000
0 0.798762 0.355000 0.037134 0.044000
0 0.820705 0.317750 0.036759 0.046500
0 0.817892 0.390500 0.035634 0.047000
0 0.851463 0.374250 0.036009 0.049500
0 0.870218 0.375500 0.027757 0.051000
0 0.839085 0.408500 0.027757 0.040000
0 0.805701 0.428750 0.033758 0.044500
0 0.798012 0.476000 0.028882 0.042000
0 0.829707 0.452500 0.031508 0.046000
0 0.885409 0.409250 0.031133 0.043500
0 0.863466 0.445250 0.033008 0.043500
0 0.834209 0.490250 0.029257 0.040500
0 0.807389 0.525250 0.031883 0.042500
0 0.840398 0.535750 0.032633 0.040500