0 0.059077 0.403750 0.037884 0.056500
0 0.085334 0.459500 0.044636 0.054000
0 0.105589 0.433500 0.043886 0.053000
0 0.132221 0.404250 0.039385 0.050500
0 0.154539 0.394500 0.044261 0.061000
0 0.152851 0.450000 0.040885 0.056000
0 0.150038 0.494000 0.040510 0.050000
0 0.194486 0.418250 0.046887 0.058500
0 0.191298 0.449000 0.045761 0.050000
0 0.252626 0.355250 0.040885 0.066500
0 0.199175 0.532750 0.039760 0.043500
0 0.247562 0.508250 0.042761 0.043500
0 0.242498 0.563750 0.037134 0.047500
0 0.274944 0.589250 0.040510 0.050500
0 0.288635 0.569000 0.044636 0.046000
0 0.256189 0.465000 0.043511 0.057000
0 0.296699 0.495000 0.048012 0.047000
0 0.303826 0.431750 0.042011 0.053500
0 0.315266 0.385250 0.046887 0.054500
0 0.336834 0.333750 0.049512 0.053500
0 0.370780 0.322000 0.043886 0.065000
0 0.415229 0.297500 0.051013 0.060000
0 0.382971 0.377000 0.045011 0.058000
0 0.426857 0.351500 0.051763 0.059000
0 0.393848 0.432000 0.047262 0.050000
0 0.356527 0.460250 0.044636 0.051500
0 0.341148 0.502250 0.046137 0.047500
0 0.317892 0.546000 0.044636 0.049000
0 0.303076 0.616750 0.033758 0.046500
0 0.312641 0.655750 0.034884 0.045500
0 0.339647 0.585250 0.040885 0.046500
0 0.345086 0.632500 0.039010 0.048000
0 0.343961 0.695250 0.038260 0.044500
0 0.378095 0.709500 0.036009 0.044000
0 0.372281 0.663500 0.043136 0.046000
0 0.355589 0.559250 0.045011 0.054500
0 0.380908 0.519000 0.043886 0.054000
0 0.393848 0.486000 0.047262 0.060000
0 0.433421 0.455000 0.046137 0.054000
0 0.467742 0.394500 0.047262 0.059000
0 0.479932 0.332750 0.046887 0.063500
0 0.514066 0.298000 0.045386 0.067000
0 0.554951 0.328000 0.050638 0.062000
0 0.522881 0.383750 0.045761 0.063500
0 0.477307 0.443500 0.045386 0.058000
0 0.533758 0.435750 0.043511 0.060500
0 0.454239 0.515250 0.049512 0.048500
0 0.425169 0.537250 0.043886 0.043500
0 0.406789 0.566500 0.042386 0.046000
0 0.384659 0.615250 0.042386 0.048500
0 0.419355 0.607750 0.036009 0.045500
0 0.407352 0.675750 0.033008 0.044500
0 0.421605 0.719000 0.040510 0.037000
0 0.439235 0.675750 0.039010 0.051500
0 0.458177 0.706500 0.037884 0.044000
0 0.449362 0.625000 0.039760 0.050000
0 0.449737 0.578750 0.038260 0.041500
0 0.459677 0.567500 0.043136 0.055000
0 0.490810 0.591250 0.042386 0.050500
0 0.503938 0.644000 0.043886 0.047000
0 0.483683 0.688500 0.039385 0.050000
0 0.509190 0.722500 0.043886 0.048000
0 0.525694 0.669500 0.038635 0.046000
0 0.522881 0.597000 0.042761 0.049000
0 0.497187 0.524500 0.044636 0.058000
0 0.522131 0.488000 0.042011 0.056000
0 0.537509 0.545000 0.045011 0.047000
0 0.602776 0.287500 0.051763 0.054000
0 0.588522 0.359250 0.048012 0.051500
0 0.570893 0.416500 0.050263 0.068000
0 0.561890 0.463750 0.044261 0.047500
0 0.563391 0.512750 0.042761 0.046500
0 0.566954 0.597750 0.040135 0.049500
0 0.561140 0.656500 0.035259 0.051000
0 0.590023 0.677000 0.034509 0.041000
0 0.591710 0.625000 0.039385 0.046000
0 0.619842 0.667750 0.040885 0.040500
0 0.638597 0.702500 0.040885 0.043000
0 0.587959 0.546500 0.040885 0.050000
0 0.620218 0.596750 0.042386 0.050500
0 0.627344 0.556500 0.044636 0.051000
0 0.605776 0.505250 0.047262 0.050500
0 0.607839 0.463500 0.043136 0.053000
0 0.618905 0.402500 0.046512 0.057000
0 0.646099 0.361500 0.051388 0.054000
0 0.690173 0.350000 0.049512 0.065000
0 0.680795 0.402000 0.048012 0.060000
0 0.658290 0.446750 0.046512 0.053500
0 0.710428 0.438750 0.051013 0.051500
0 0.650788 0.499250 0.045761 0.054500
0 0.695049 0.495000 0.040510 0.055000
0 0.667479 0.543250 0.046887 0.054500
0 0.674794 0.579000 0.043511 0.041000
0 0.659415 0.643250 0.043511 0.050500
0 0.681170 0.681000 0.042011 0.051000
0 0.698612 0.644750 0.039385 0.050500
0 0.719805 0.675250 0.039760 0.048500
0 0.709115 0.550750 0.043136 0.055500
0 0.732371 0.611750 0.040885 0.052500
0 0.743811 0.641250 0.044261 0.048500
0 0.747187 0.350000 0.049512 0.063000
0 0.878095 0.334500 0.053263 0.059000
0 0.778320 0.404250 0.052513 0.057500
0 0.852776 0.411500 0.050638 0.052000
0 0.899850 0.405000 0.053263 0.056000
0 0.764254 0.457750 0.055139 0.064500
0 0.735934 0.501000 0.045011 0.054000
0 0.754314 0.547500 0.041260 0.057000
0 0.785259 0.509500 0.044636 0.051000
0 0.817142 0.467750 0.040885 0.058500
0 0.773068 0.595500 0.042761 0.049000
0 0.810578 0.569250 0.048012 0.050500
0 0.834396 0.511500 0.045386 0.059000
0 0.870780 0.467750 0.049887 0.053500