0 0.070707 0.412500 0.053872 0.066000
0 0.101197 0.370000 0.049757 0.071000
0 0.133371 0.356000 0.060980 0.065000
0 0.154321 0.260250 0.058736 0.074500
0 0.203891 0.300000 0.042649 0.064000
0 0.205200 0.235500 0.054246 0.072000
0 0.217172 0.161250 0.060232 0.080500
0 0.278900 0.173250 0.050505 0.080500
0 0.329779 0.219250 0.051253 0.068500
0 0.360269 0.258000 0.053872 0.058000
0 0.400112 0.300500 0.052001 0.072000
0 0.417695 0.237250 0.049757 0.068500
0 0.428171 0.165500 0.049757 0.070000
0 0.389263 0.066000 0.040778 0.070000
0 0.427235 0.092250 0.042649 0.062500
0 0.468201 0.251000 0.046016 0.070000
0 0.515339 0.217000 0.041526 0.076000
0 0.519267 0.271500 0.049383 0.059000
0 0.493640 0.322500 0.045267 0.061000
0 0.531425 0.354750 0.044519 0.055500
0 0.554059 0.321250 0.041900 0.065500
0 0.577628 0.256250 0.045642 0.059500
0 0.606809 0.293750 0.042649 0.059500
0 0.586981 0.349000 0.039656 0.053000
0 0.594463 0.400250 0.038908 0.052500
0 0.637673 0.342750 0.040778 0.052500
0 0.636551 0.392750 0.034044 0.052500
0 0.672278 0.352750 0.040404 0.065500
0 0.420127 0.371500 0.052376 0.056000
0 0.461092 0.395000 0.043771 0.056000
0 0.490086 0.450250 0.043397 0.058500
0 0.261130 0.254750 0.055368 0.070500
0 0.254583 0.312500 0.052750 0.059000
0 0.315189 0.304750 0.051253 0.067500
0 0.289562 0.354750 0.038908 0.057500
0 0.333333 0.381500 0.047138 0.063000
0 0.360831 0.353500 0.046764 0.067000
0 0.372241 0.430000 0.044893 0.061000
0 0.308642 0.434000 0.038908 0.057000
0 0.346801 0.473000 0.039656 0.060000
0 0.225028 0.414750 0.054994 0.072500
0 0.192667 0.433500 0.046390 0.064000
0 0.263749 0.466250 0.050879 0.068500
0 0.289001 0.516000 0.049757 0.054000
0 0.218294 0.495500 0.042275 0.061000
0 0.233633 0.532500 0.047512 0.055000
0 0.160868 0.503250 0.055368 0.059500
0 0.150767 0.531000 0.045642 0.054000
0 0.078750 0.521250 0.060232 0.058500
0 0.098765 0.565250 0.056865 0.050500
0 0.079125 0.614500 0.052750 0.058000
0 0.090161 0.660000 0.050879 0.055000
0 0.135241 0.686250 0.049009 0.050500
0 0.129068 0.723500 0.047886 0.041000
0 0.189113 0.763250 0.052001 0.043500
0 0.192106 0.713750 0.046016 0.052500
0 0.189113 0.667500 0.046016 0.046000
0 0.148148 0.650250 0.050879 0.051500
0 0.134867 0.601000 0.054994 0.054000
0 0.186120 0.612500 0.051253 0.046000
0 0.185372 0.559500 0.046764 0.050000
0 0.228582 0.595750 0.047886 0.052500
0 0.231201 0.633500 0.050131 0.043000
0 0.239057 0.670750 0.042649 0.034500
0 0.282454 0.697750 0.044145 0.041500
0 0.325477 0.708500 0.041900 0.049000
0 0.318743 0.660250 0.038159 0.050500
0 0.275346 0.653250 0.044145 0.045500
0 0.273288 0.616500 0.037785 0.052000
0 0.312196 0.604000 0.037037 0.053000
0 0.344557 0.621750 0.035166 0.049500
0 0.377104 0.646250 0.040404 0.041500
0 0.365507 0.692000 0.038908 0.050000
0 0.376169 0.738250 0.042275 0.040500
0 0.419379 0.721250 0.039656 0.045500
0 0.418444 0.684250 0.039282 0.035500
0 0.384212 0.591750 0.033670 0.051500
0 0.416947 0.608250 0.030303 0.039500
0 0.409652 0.576500 0.041900 0.047000
0 0.439207 0.581250 0.033670 0.046500
0 0.334643 0.538750 0.051253 0.054500
0 0.382342 0.527500 0.050879 0.056000
0 0.424055 0.509000 0.046764 0.050000
0 0.442387 0.539750 0.039282 0.052500
0 0.468201 0.498500 0.040030 0.053000
0 0.424429 0.449750 0.043771 0.059500
0 0.531799 0.428250 0.048260 0.050500
0 0.569772 0.449250 0.042649 0.050500
0 0.529929 0.478500 0.044519 0.056000
0 0.512533 0.522000 0.035915 0.048000
0 0.553124 0.554250 0.040030 0.053500
0 0.493453 0.578250 0.043397 0.045500
0 0.512159 0.619250 0.038159 0.043500
0 0.468388 0.629750 0.041900 0.052500
0 0.461841 0.692500 0.033296 0.042000
0 0.500374 0.662250 0.035541 0.049500
0 0.538346 0.658500 0.038908 0.044000
0 0.575945 0.665250 0.037785 0.048500
0 0.609802 0.673750 0.036663 0.044500
0 0.618219 0.711000 0.036289 0.046000
0 0.636177 0.637250 0.040030 0.041500
0 0.644594 0.670750 0.034418 0.042500
0 0.670969 0.688500 0.032548 0.042000
0 0.697531 0.680500 0.031051 0.034000
0 0.731949 0.727250 0.037785 0.038500
0 0.692106 0.640500 0.041152 0.041000
0 0.659371 0.617250 0.031051 0.039500
0 0.644594 0.587500 0.044893 0.045000
0 0.594837 0.615250 0.035166 0.046500
0 0.552001 0.612500 0.046016 0.046000
0 0.582866 0.572000 0.038159 0.054000
0 0.578189 0.516250 0.041526 0.049500
0 0.610737 0.534500 0.039282 0.056000
0 0.616536 0.441750 0.041900 0.050500
0 0.624392 0.486250 0.039656 0.056500
0 0.536289 0.682500 0.039282 0.033000
0 0.576693 0.692250 0.034044 0.026500
0 0.445380 0.638000 0.035541 0.048000
0 0.666667 0.528750 0.035915 0.051500
0 0.684624 0.465500 0.044145 0.055000
0 0.697157 0.492000 0.039282 0.048000
0 0.717546 0.498500 0.032922 0.044000
0 0.732884 0.544500 0.038908 0.049000
0 0.695473 0.551500 0.038908 0.050000
0 0.723532 0.623250 0.033670 0.050500
0 0.740741 0.661000 0.036663 0.048000
0 0.768986 0.702750 0.033296 0.046500
0 0.710064 0.414500 0.034418 0.056000
0 0.735316 0.457000 0.040778 0.042000
0 0.744295 0.483250 0.034044 0.050500
0 0.770108 0.405250 0.040778 0.057500
0 0.768051 0.442000 0.034418 0.038000
0 0.765806 0.618250 0.036663 0.046500
0 0.789562 0.657750 0.036289 0.044500
0 0.787692 0.686500 0.026562 0.030000
0 0.810887 0.653750 0.027310 0.037500
0 0.837823 0.626250 0.031051 0.042500
0 0.793865 0.606000 0.028432 0.045000
0 0.759633 0.576250 0.038533 0.035500
0 0.783951 0.578750 0.026562 0.034500
0 0.785260 0.526500 0.038159 0.050000
0 0.797793 0.552750 0.030303 0.043500
0 0.833895 0.549000 0.034418 0.047000
0 0.821549 0.582250 0.027684 0.031500
0 0.815189 0.503000 0.027684 0.049000
0 0.806584 0.467500 0.035915 0.056000
0 0.677703 0.584750 0.030303 0.045500