0 0.080833 0.251000 0.073143 0.088000
0 0.151163 0.244000 0.067517 0.095000
0 0.266129 0.195500 0.066392 0.085000
0 0.344711 0.202750 0.056264 0.095500
0 0.399662 0.240500 0.061890 0.093000
0 0.447674 0.171500 0.068642 0.084000
0 0.515191 0.187750 0.063391 0.091500
0 0.576332 0.179250 0.066392 0.088500
0 0.581208 0.277750 0.064141 0.087500
0 0.511815 0.279250 0.061890 0.082500
0 0.455364 0.298500 0.057014 0.091000
0 0.374906 0.306500 0.064141 0.076000
0 0.313203 0.275250 0.070518 0.086500
0 0.241560 0.270000 0.075019 0.085000
0 0.193736 0.323750 0.065641 0.078500
0 0.121718 0.331750 0.073893 0.087500
0 0.045199 0.338500 0.070143 0.075000
0 0.054201 0.418250 0.070893 0.082500
0 0.128470 0.410000 0.059640 0.095000
0 0.197862 0.422000 0.056639 0.083000
0 0.249437 0.371250 0.063016 0.082500
0 0.304764 0.360000 0.057389 0.089000
0 0.367967 0.384250 0.059265 0.082500
0 0.444111 0.383000 0.054014 0.088000
0 0.512378 0.351250 0.060765 0.083500
0 0.588147 0.394250 0.052513 0.068500
0 0.597149 0.456250 0.054014 0.066500
0 0.533383 0.429250 0.054014 0.072500
0 0.473931 0.452000 0.055139 0.072000
0 0.414291 0.442250 0.059640 0.071500
0 0.328020 0.457000 0.064891 0.070000
0 0.259377 0.456250 0.070143 0.076500
0 0.219055 0.490000 0.062266 0.075000
0 0.121905 0.485750 0.060015 0.082500
0 0.165791 0.542750 0.063766 0.071500
0 0.223368 0.562750 0.061890 0.064500
0 0.273818 0.527000 0.063016 0.070000
0 0.278695 0.591000 0.066017 0.066000
0 0.337209 0.536500 0.056264 0.079000
0 0.349587 0.602750 0.060765 0.078500
0 0.395724 0.501250 0.058515 0.074500
0 0.399475 0.565000 0.054014 0.069000
0 0.408290 0.625000 0.058890 0.067000
0 0.443548 0.525750 0.049887 0.072500
0 0.444861 0.589000 0.057764 0.082000
0 0.451988 0.656750 0.062266 0.073500
0 0.506189 0.542000 0.051388 0.071000
0 0.500000 0.603250 0.052513 0.080500
0 0.489497 0.696250 0.054764 0.073500
0 0.556639 0.489250 0.054764 0.066500
0 0.554389 0.565000 0.050263 0.076000
0 0.557764 0.634500 0.049512 0.073000
0 0.547262 0.691000 0.058515 0.064000
0 0.602776 0.613750 0.048012 0.070500
0 0.595461 0.670250 0.048387 0.067500
0 0.642161 0.670750 0.045761 0.069500
0 0.649475 0.582250 0.054389 0.066500
0 0.680608 0.627250 0.058890 0.066500
0 0.693548 0.676500 0.042761 0.052000
0 0.732558 0.628250 0.041260 0.073500
0 0.709490 0.558500 0.052888 0.062000
0 0.768755 0.575750 0.049887 0.065500
0 0.786572 0.628750 0.052513 0.056500
0 0.825769 0.586000 0.048387 0.071000
0 0.813016 0.515000 0.058140 0.064000
0 0.817517 0.451000 0.058890 0.071000
0 0.800450 0.377000 0.057764 0.081000
0 0.721493 0.382250 0.057389 0.071500
0 0.741935 0.439500 0.050263 0.069000
0 0.760315 0.505000 0.057014 0.074000
0 0.703113 0.500000 0.052888 0.072000
0 0.639722 0.510000 0.047637 0.067000
0 0.650038 0.383000 0.059265 0.073000
0 0.671605 0.441500 0.058890 0.081000
0 0.623781 0.325250 0.054764 0.082500
0 0.675169 0.276000 0.057764 0.096000
0 0.732933 0.304750 0.060015 0.087500
0 0.626969 0.209750 0.062641 0.091500
0 0.691860 0.175750 0.065641 0.097500
0 0.747749 0.215500 0.066392 0.092000