0 0.292198 0.141250 0.096774 0.123500
0 0.399475 0.137500 0.089272 0.121000
0 0.157539 0.220500 0.099025 0.105000
0 0.268192 0.255250 0.089272 0.102500
0 0.341710 0.210000 0.084771 0.120000
0 0.459865 0.225000 0.094524 0.120000
0 0.543323 0.192500 0.094899 0.132000
0 0.622281 0.216500 0.084771 0.100000
0 0.708177 0.256500 0.091523 0.105000
0 0.158102 0.343000 0.085896 0.112000
0 0.312078 0.315500 0.087772 0.129000
0 0.244561 0.379250 0.085521 0.122500
0 0.408290 0.316500 0.097899 0.121000
0 0.532633 0.297500 0.082521 0.130000
0 0.618155 0.307000 0.094524 0.118000
0 0.708365 0.355250 0.097149 0.110500
0 0.160353 0.454500 0.082896 0.125000
0 0.127157 0.559250 0.084771 0.120500
0 0.194486 0.603000 0.094149 0.120000
0 0.242311 0.528250 0.087022 0.118500
0 0.293698 0.595000 0.084771 0.116000
0 0.307952 0.444250 0.074269 0.119500
0 0.355964 0.538750 0.091523 0.108500
0 0.368342 0.668250 0.084021 0.100500
0 0.366467 0.788750 0.083271 0.129500
0 0.435484 0.836750 0.089272 0.104500
0 0.513128 0.899000 0.073518 0.110000
0 0.582708 0.929250 0.088147 0.126500
0 0.508252 0.768500 0.078770 0.126000
0 0.457989 0.677750 0.086272 0.118500
0 0.357839 0.539500 0.090023 0.105000
0 0.423481 0.582500 0.087022 0.109000
0 0.403413 0.437000 0.088147 0.110000
0 0.468867 0.403750 0.093023 0.118500
0 0.460240 0.497500 0.089272 0.109000
0 0.554201 0.417250 0.081395 0.108500
0 0.638410 0.419750 0.090023 0.106500
0 0.553076 0.528000 0.088897 0.116000
0 0.518192 0.628750 0.094149 0.108500
0 0.578582 0.733750 0.084396 0.118500
0 0.635409 0.829250 0.081770 0.126500
0 0.687172 0.906000 0.099025 0.110000
0 0.771755 0.913500 0.076144 0.113000
0 0.857089 0.840000 0.088522 0.120000
0 0.774194 0.806000 0.087022 0.100000
0 0.690548 0.764250 0.084771 0.115500
0 0.605964 0.625250 0.082146 0.124500
0 0.686797 0.629000 0.081770 0.124000
0 0.811328 0.690750 0.082521 0.110500
0 0.907539 0.722000 0.090398 0.114000
0 0.627157 0.525000 0.085521 0.124000
0 0.746062 0.322750 0.074269 0.094500
0 0.844899 0.293750 0.083646 0.101500
0 0.760315 0.422750 0.084771 0.102500
0 0.716429 0.509250 0.087772 0.119500
0 0.775319 0.590500 0.099775 0.119000
0 0.845274 0.402250 0.086647 0.115500
0 0.832146 0.532250 0.095649 0.104500
0 0.921043 0.500500 0.097899 0.121000
0 0.915604 0.614500 0.086272 0.114000