0 0.167104 0.360000 0.056639 0.079000
0 0.201988 0.423250 0.040885 0.065500
0 0.166542 0.457000 0.048762 0.057000
0 0.158477 0.524500 0.044636 0.064000
0 0.165979 0.579750 0.037884 0.062500
0 0.162416 0.612250 0.039760 0.042500
0 0.134659 0.670750 0.035259 0.063500
0 0.176482 0.671250 0.042386 0.059500
0 0.174231 0.713750 0.038635 0.049500
0 0.212303 0.719250 0.038260 0.053500
0 0.226182 0.700750 0.040510 0.058500
0 0.193736 0.756000 0.039385 0.052000
0 0.210053 0.790000 0.042761 0.052000
0 0.246624 0.806500 0.040885 0.058000
0 0.277382 0.829500 0.048387 0.051000
0 0.254126 0.854500 0.043886 0.043000
0 0.289197 0.857750 0.028507 0.042500
0 0.319955 0.871000 0.043511 0.057000
0 0.329332 0.824500 0.048012 0.058000
0 0.208740 0.620250 0.045386 0.047500
0 0.222243 0.570750 0.043886 0.054500
0 0.255626 0.622750 0.038635 0.054500
0 0.289760 0.616750 0.043886 0.059500
0 0.286759 0.674000 0.042386 0.059000
0 0.314516 0.723500 0.034884 0.064000
0 0.341898 0.764000 0.040885 0.061000
0 0.388597 0.751250 0.042761 0.059500
0 0.437172 0.766500 0.058140 0.061000
0 0.376969 0.689000 0.048762 0.063000
0 0.338897 0.678750 0.040135 0.066500
0 0.339647 0.620250 0.043886 0.066500
0 0.385409 0.624000 0.052888 0.067000
0 0.352588 0.565000 0.043511 0.065000
0 0.313391 0.550750 0.046887 0.060500
0 0.268005 0.556750 0.041635 0.063500
0 0.206489 0.508500 0.042386 0.070000
0 0.246624 0.488750 0.046137 0.060500
0 0.294636 0.504750 0.049887 0.069500
0 0.259190 0.400250 0.048012 0.065500
0 0.301200 0.433500 0.049512 0.071000
0 0.345274 0.478500 0.049137 0.055000
0 0.390285 0.479750 0.051388 0.064500
0 0.352588 0.418500 0.052513 0.065000
0 0.438297 0.530250 0.053638 0.060500
0 0.439047 0.594000 0.058140 0.079000
0 0.471118 0.643250 0.046512 0.057500
0 0.495311 0.718000 0.046887 0.070000
0 0.540885 0.628250 0.048762 0.058500
0 0.568455 0.672250 0.049887 0.064500
0 0.616842 0.694250 0.051388 0.061500
0 0.600900 0.638250 0.054764 0.059500
0 0.600338 0.595000 0.055889 0.076000
0 0.548012 0.574500 0.054764 0.068000
0 0.495124 0.578000 0.049512 0.055000
0 0.498312 0.537000 0.055889 0.079000
0 0.478057 0.471250 0.056639 0.069500
0 0.444486 0.386250 0.048762 0.076500
0 0.402101 0.362750 0.046512 0.070500
0 0.319955 0.316000 0.045761 0.074000
0 0.271568 0.310250 0.043511 0.078500
0 0.382596 0.264000 0.051013 0.081000
0 0.448612 0.211000 0.051013 0.090000
0 0.459677 0.291250 0.047637 0.080500
0 0.509752 0.275500 0.051013 0.084000
0 0.557764 0.273000 0.050263 0.080000
0 0.561703 0.180000 0.064141 0.090000
0 0.621718 0.212000 0.054389 0.081000
0 0.620030 0.291750 0.057764 0.083500
0 0.575206 0.354750 0.063391 0.083500
0 0.514254 0.388500 0.056264 0.078000
0 0.535071 0.459250 0.053638 0.083500
0 0.568642 0.511750 0.051763 0.063500
0 0.614404 0.492500 0.047262 0.073000
0 0.595086 0.423000 0.057389 0.074000
0 0.639535 0.375500 0.057764 0.079000
0 0.707989 0.410500 0.064141 0.079000
0 0.677232 0.488250 0.066392 0.086500
0 0.652101 0.552250 0.066392 0.072500
0 0.674606 0.601250 0.061140 0.064500
0 0.654726 0.660000 0.048387 0.068000
0 0.691298 0.091250 0.060765 0.079500
0 0.660353 0.157500 0.043136 0.077000
0 0.732746 0.148250 0.054389 0.072500
0 0.753188 0.205000 0.046512 0.078000
0 0.758440 0.279000 0.053263 0.085000
0 0.676669 0.255000 0.060765 0.090000
0 0.704614 0.335000 0.054389 0.092000
0 0.763503 0.362250 0.063391 0.081500
0 0.771193 0.434250 0.051763 0.070500
0 0.758440 0.516000 0.057764 0.079000
0 0.704051 0.536750 0.051763 0.071500
0 0.752063 0.586000 0.060765 0.080000
0 0.713428 0.645000 0.054764 0.073000
0 0.737809 0.711500 0.055514 0.077000
0 0.786384 0.671250 0.052888 0.078500
0 0.807952 0.721000 0.054764 0.062000
0 0.862153 0.725750 0.060390 0.071500
0 0.820705 0.610000 0.061515 0.080000
0 0.860840 0.664500 0.058515 0.065000
0 0.918980 0.652250 0.065266 0.075500
0 0.878095 0.589500 0.061515 0.075000
0 0.820518 0.536750 0.062641 0.069500
0 0.840773 0.465750 0.067142 0.092500
0 0.878845 0.512500 0.058515 0.083000
0 0.911665 0.541000 0.046887 0.073000
0 0.945611 0.577500 0.058515 0.074000
0 0.849775 0.304250 0.068642 0.103500
0 0.844524 0.385000 0.068642 0.081000
0 0.913353 0.428250 0.073518 0.094500
0 0.939985 0.478000 0.057764 0.068000
0 0.966617 0.710250 0.066017 0.073500