0 0.174336 0.252500 0.041900 0.057000
0 0.213992 0.229750 0.044145 0.053500
0 0.253835 0.226000 0.040778 0.055000
0 0.288253 0.195750 0.040778 0.056500
0 0.113917 0.321500 0.040030 0.059000
0 0.150393 0.296750 0.036663 0.052500
0 0.192293 0.312500 0.035915 0.051000
0 0.214553 0.291250 0.036289 0.055500
0 0.259820 0.280000 0.044519 0.052000
0 0.294239 0.259000 0.043023 0.063000
0 0.330902 0.283250 0.035541 0.057500
0 0.356902 0.250750 0.044145 0.051500
0 0.303030 0.303500 0.038908 0.041000
0 0.254396 0.325500 0.041900 0.049000
0 0.168911 0.343000 0.034792 0.050000
0 0.133184 0.358250 0.038159 0.042500
0 0.208193 0.357000 0.038533 0.041000
0 0.242424 0.374750 0.035915 0.049500
0 0.284699 0.361500 0.038159 0.050000
0 0.313880 0.356000 0.035915 0.051000
0 0.353348 0.349750 0.040030 0.059500
0 0.136738 0.407500 0.037037 0.048000
0 0.175084 0.394750 0.033670 0.051500
0 0.228582 0.408000 0.038908 0.043000
0 0.269921 0.413250 0.034792 0.041500
0 0.306210 0.403500 0.038533 0.054000
0 0.341190 0.393000 0.040404 0.050000
0 0.340441 0.434250 0.034418 0.044500
0 0.297606 0.454250 0.034792 0.051500
0 0.228208 0.459250 0.041152 0.043500
0 0.192854 0.433000 0.034792 0.048000
0 0.158810 0.462750 0.035541 0.042500
0 0.130565 0.439750 0.032922 0.037500
0 0.139731 0.488500 0.035541 0.037000
0 0.172091 0.508750 0.039656 0.041500
0 0.203330 0.485750 0.037785 0.047500
0 0.243734 0.493500 0.026562 0.049000
0 0.271418 0.486750 0.031799 0.044500
0 0.312570 0.496000 0.037037 0.046000
0 0.345118 0.483500 0.034044 0.050000
0 0.367752 0.523250 0.032174 0.045500
0 0.338010 0.523250 0.034792 0.035500
0 0.302095 0.542250 0.037785 0.043500
0 0.273475 0.525750 0.032922 0.042500
0 0.250468 0.549750 0.036289 0.045500
0 0.214179 0.528750 0.037037 0.042500
0 0.194351 0.541750 0.034792 0.034500
0 0.155817 0.526500 0.026562 0.040000
0 0.162738 0.564000 0.031425 0.039000
0 0.195473 0.593500 0.032548 0.033000
0 0.217172 0.576250 0.031051 0.034500
0 0.229330 0.612250 0.035915 0.045500
0 0.253461 0.594250 0.034044 0.036500
0 0.260569 0.629500 0.032548 0.040000
0 0.295922 0.605500 0.031425 0.040000
0 0.280958 0.569500 0.030677 0.039000
0 0.309764 0.575250 0.033670 0.034500
0 0.329031 0.629000 0.030303 0.039000
0 0.353535 0.560250 0.029181 0.045500
0 0.345492 0.591750 0.028807 0.042500
0 0.303966 0.661250 0.034792 0.037500
0 0.342499 0.671000 0.033296 0.039000
0 0.362140 0.632250 0.030677 0.039500
0 0.374860 0.673500 0.031425 0.036000
0 0.408904 0.678250 0.028432 0.035500
0 0.441264 0.689750 0.025065 0.039500
0 0.465395 0.673250 0.030677 0.030500
0 0.468013 0.702250 0.032174 0.035500
0 0.496259 0.683250 0.033296 0.035500
0 0.505051 0.710250 0.036663 0.029500
0 0.397119 0.644500 0.033296 0.039000
0 0.432099 0.648750 0.032174 0.040500
0 0.486345 0.644500 0.029929 0.036000
0 0.521698 0.661500 0.035541 0.039000
0 0.531612 0.692750 0.032174 0.037500
0 0.537411 0.721750 0.034044 0.036500
0 0.378601 0.598750 0.029181 0.038500
0 0.424617 0.616750 0.030677 0.038500
0 0.454733 0.622750 0.032548 0.036500
0 0.484661 0.604250 0.035541 0.037500
0 0.517209 0.610750 0.036289 0.035500
0 0.512720 0.578000 0.037037 0.038000
0 0.548634 0.608500 0.034792 0.044000
0 0.565282 0.647500 0.030677 0.035000
0 0.561541 0.690500 0.030677 0.036000
0 0.563038 0.735250 0.026936 0.035500
0 0.584362 0.716250 0.032922 0.031500
0 0.594276 0.753750 0.034044 0.039500
0 0.602507 0.690000 0.028807 0.038000
0 0.599327 0.645750 0.030677 0.040500
0 0.579499 0.611250 0.025440 0.036500
0 0.587916 0.585750 0.036289 0.044500
0 0.543958 0.572250 0.035166 0.032500
0 0.447811 0.577250 0.035166 0.037500
0 0.414703 0.569500 0.034792 0.041000
0 0.382716 0.554750 0.036663 0.033500
0 0.412458 0.509250 0.037037 0.041500
0 0.442200 0.538750 0.029929 0.040500
0 0.468201 0.526500 0.032548 0.047000
0 0.507295 0.536750 0.035166 0.031500
0 0.565657 0.536750 0.038908 0.039500
0 0.371867 0.444250 0.035915 0.046500
0 0.401983 0.466500 0.037037 0.043000
0 0.456042 0.483250 0.038908 0.040500
0 0.495698 0.496750 0.037411 0.039500
0 0.534044 0.505250 0.034792 0.034500
0 0.575945 0.505500 0.038533 0.040000
0 0.603068 0.535750 0.029929 0.043500
0 0.589226 0.444250 0.033670 0.049500
0 0.558174 0.469000 0.035166 0.048000
0 0.521511 0.473000 0.034418 0.045000
0 0.384774 0.393750 0.038533 0.040500
0 0.416947 0.430000 0.033296 0.046000
0 0.450243 0.442750 0.039282 0.041500
0 0.488590 0.447000 0.035915 0.042000
0 0.503554 0.417250 0.038159 0.048500
0 0.535728 0.427250 0.035915 0.036500
0 0.565282 0.409250 0.034418 0.048500
0 0.532361 0.378000 0.032174 0.046000
0 0.496820 0.343750 0.035915 0.050500
0 0.453236 0.357250 0.040030 0.043500
0 0.425178 0.368000 0.033296 0.055000
0 0.375982 0.297000 0.041900 0.043000
0 0.403105 0.273000 0.036289 0.056000
0 0.418070 0.320250 0.038533 0.046500
0 0.448747 0.296250 0.041526 0.054500
0 0.636551 0.436000 0.040030 0.051000
0 0.662551 0.476250 0.033670 0.043500
0 0.702207 0.465500 0.032922 0.045000
0 0.614852 0.481750 0.037785 0.044500
0 0.635054 0.521250 0.037785 0.043500
0 0.723532 0.507500 0.036663 0.042000
0 0.747475 0.535500 0.038908 0.040000
0 0.693790 0.541500 0.039282 0.039000
0 0.658062 0.556000 0.041152 0.036000
0 0.619716 0.570750 0.034044 0.045500
0 0.649270 0.593250 0.034792 0.044500
0 0.683315 0.596750 0.032548 0.040500
0 0.719603 0.572250 0.034792 0.041500
0 0.757015 0.567250 0.034792 0.038500
0 0.763562 0.614250 0.035166 0.046500
0 0.726899 0.621000 0.038908 0.040000
0 0.688552 0.637250 0.038533 0.037500
0 0.615413 0.610750 0.035166 0.036500
0 0.628694 0.665250 0.031799 0.034500
0 0.653199 0.641750 0.032174 0.041500
0 0.669660 0.668500 0.037411 0.030000
0 0.722222 0.652250 0.032548 0.033500
0 0.755144 0.669000 0.031799 0.043000
0 0.701085 0.692000 0.033670 0.039000
0 0.736438 0.689750 0.034792 0.037500
0 0.641788 0.719250 0.024317 0.043500
0 0.676955 0.718750 0.028058 0.038500
0 0.615600 0.725250 0.030303 0.039500
0 0.625514 0.775000 0.034418 0.033000
0 0.662177 0.774750 0.035915 0.032500
0 0.690984 0.753750 0.028432 0.041500
0 0.712869 0.715500 0.031799 0.040000
0 0.456042 0.403250 0.040404 0.044500