0 0.222431 0.310500 0.055514 0.069000
0 0.271943 0.246500 0.057014 0.070000
0 0.288072 0.174750 0.056264 0.074500
0 0.342273 0.222750 0.056639 0.070500
0 0.323143 0.318250 0.052138 0.077500
0 0.281320 0.332250 0.045011 0.072500
0 0.255626 0.385750 0.051388 0.063500
0 0.298200 0.409750 0.049512 0.067500
0 0.347337 0.386000 0.047262 0.065000
0 0.377344 0.323750 0.049512 0.069500
0 0.394036 0.380500 0.051388 0.071000
0 0.335896 0.447000 0.047637 0.064000
0 0.273818 0.454000 0.052513 0.057000
0 0.225806 0.469000 0.048762 0.070000
0 0.266692 0.510250 0.043511 0.067500
0 0.223556 0.556000 0.045011 0.065000
0 0.316392 0.518000 0.045386 0.064000
0 0.358590 0.520000 0.054014 0.058000
0 0.286197 0.587250 0.046512 0.065500
0 0.222806 0.658750 0.049512 0.057500
0 0.279820 0.649000 0.045011 0.062000
0 0.315079 0.688250 0.054764 0.062500
0 0.248687 0.708000 0.047262 0.060000
0 0.288447 0.736000 0.048762 0.058000
0 0.335334 0.738500 0.044261 0.060000
0 0.241935 0.781500 0.043511 0.059000
0 0.275131 0.840000 0.048387 0.055000
0 0.325206 0.844000 0.044261 0.050000
0 0.305889 0.787750 0.047637 0.051500
0 0.358590 0.809250 0.044261 0.053500
0 0.405289 0.814000 0.050638 0.058000
0 0.411853 0.840750 0.039760 0.050500
0 0.361028 0.887500 0.049887 0.050000
0 0.452176 0.832500 0.039385 0.054000
0 0.491560 0.833000 0.044636 0.061000
0 0.484434 0.779000 0.046137 0.058000
0 0.443361 0.763250 0.039010 0.048500
0 0.421605 0.734500 0.037509 0.052000
0 0.379782 0.723750 0.041635 0.056500
0 0.365529 0.683250 0.046887 0.059500
0 0.327269 0.621250 0.039385 0.061500
0 0.369842 0.610000 0.048012 0.060000
0 0.401163 0.580000 0.048387 0.062000
0 0.438297 0.596500 0.039385 0.058000
0 0.409790 0.649500 0.045386 0.060000
0 0.466992 0.678500 0.045761 0.061000
0 0.455176 0.710750 0.040885 0.051500
0 0.505626 0.718750 0.045761 0.067500
0 0.523256 0.754500 0.039010 0.058000
0 0.555326 0.795500 0.043886 0.049000
0 0.596024 0.786250 0.040510 0.054500
0 0.569580 0.752750 0.048387 0.054500
0 0.606152 0.729750 0.041260 0.062500
0 0.580458 0.676000 0.043136 0.049000
0 0.557577 0.643500 0.047637 0.053000
0 0.506002 0.639750 0.043511 0.060500
0 0.496624 0.594250 0.048762 0.055500
0 0.464554 0.555000 0.046137 0.067000
0 0.423856 0.503750 0.049512 0.060500
0 0.383533 0.454750 0.043136 0.058500
0 0.422918 0.436500 0.048387 0.069000
0 0.465866 0.429250 0.048762 0.062500
0 0.475994 0.484750 0.045011 0.057500
0 0.514816 0.518000 0.046887 0.056000
0 0.516504 0.446000 0.046512 0.053000
0 0.563203 0.456250 0.046887 0.058500
0 0.382596 0.126750 0.050263 0.070500
0 0.425356 0.089750 0.050263 0.074500
0 0.416167 0.221250 0.052888 0.073500
0 0.424981 0.290000 0.052513 0.074000
0 0.444299 0.364000 0.049137 0.068000
0 0.471493 0.259500 0.048762 0.072000
0 0.486122 0.327750 0.051013 0.069500
0 0.513691 0.389500 0.044636 0.068000
0 0.489122 0.113750 0.051763 0.079500
0 0.543886 0.081000 0.053263 0.075000
0 0.485371 0.185000 0.048762 0.067000
0 0.526632 0.209500 0.055514 0.068000
0 0.523443 0.275250 0.046887 0.071500
0 0.543886 0.333750 0.042011 0.064500
0 0.579895 0.284000 0.047262 0.073000
0 0.619842 0.236500 0.040885 0.073000
0 0.618530 0.154000 0.046512 0.075000
0 0.670668 0.192250 0.055514 0.068500
0 0.714554 0.233750 0.051013 0.060500
0 0.750000 0.283750 0.042386 0.066500
0 0.649850 0.282000 0.045386 0.069000
0 0.680608 0.310750 0.037884 0.062500
0 0.631283 0.328000 0.045011 0.072000
0 0.660915 0.347000 0.048762 0.068000
0 0.635596 0.395250 0.049137 0.062500
0 0.659790 0.424250 0.040510 0.057500
0 0.719055 0.391000 0.045011 0.069000
0 0.723743 0.346500 0.044636 0.048000
0 0.722993 0.444750 0.050638 0.061500
0 0.680608 0.485500 0.043886 0.049000
0 0.629220 0.483000 0.047637 0.076000
0 0.590210 0.525000 0.044636 0.062000
0 0.555889 0.583500 0.044261 0.059000
0 0.605026 0.606500 0.047262 0.064000
0 0.623968 0.608750 0.032633 0.058500
0 0.640098 0.569000 0.050638 0.059000
0 0.688860 0.566250 0.049887 0.049500
0 0.724681 0.572000 0.036009 0.057000
0 0.740435 0.526250 0.042761 0.058500
0 0.640285 0.698750 0.042011 0.057500
0 0.675169 0.682500 0.041260 0.055000
0 0.679107 0.629000 0.049887 0.053000
0 0.710990 0.642500 0.048387 0.048000
0 0.712116 0.693250 0.044636 0.053500
0 0.677044 0.736750 0.041260 0.061500
0 0.687922 0.813500 0.050263 0.057000
0 0.735184 0.738000 0.047262 0.054000
0 0.746812 0.792250 0.046512 0.052500
0 0.734059 0.630750 0.033758 0.056500
0 0.783383 0.703750 0.043136 0.067500
0 0.809265 0.709500 0.034884 0.059000
0 0.762191 0.730250 0.040510 0.039500
0 0.812453 0.779750 0.045761 0.054500
0 0.769880 0.485250 0.046887 0.068500
0 0.780383 0.551250 0.042386 0.061500
0 0.777382 0.599250 0.046887 0.051500
0 0.791635 0.634250 0.040135 0.051500
0 0.820518 0.654000 0.042386 0.056000
0 0.828770 0.596000 0.045386 0.066000
0 0.858402 0.727000 0.043886 0.055000
0 0.890660 0.682250 0.039385 0.058500
0 0.869092 0.585750 0.041260 0.050500
0 0.862153 0.624500 0.046137 0.043000
0 0.905476 0.592750 0.036009 0.058500
0 0.847524 0.502500 0.052888 0.054000
0 0.884471 0.530250 0.042011 0.068500
0 0.919917 0.533750 0.043136 0.061500
0 0.823518 0.458750 0.040885 0.060500
0 0.787884 0.410250 0.051388 0.069500
0 0.828770 0.397750 0.040885 0.063500
0 0.862153 0.448250 0.046887 0.067500
0 0.902476 0.417500 0.046512 0.058000
0 0.893848 0.467500 0.034509 0.056000
0 0.813391 0.325250 0.051388 0.065500
0 0.844149 0.367250 0.038635 0.064500
0 0.567329 0.389500 0.046887 0.068000