0 0.061515 0.414000 0.060765 0.076000
0 0.045386 0.486250 0.066017 0.073500
0 0.073331 0.564250 0.073143 0.079500
0 0.090210 0.631250 0.054389 0.090500
0 0.148350 0.600500 0.055139 0.068000
0 0.183983 0.657000 0.055889 0.080000
0 0.204426 0.719000 0.058515 0.070000
0 0.253188 0.676500 0.060765 0.084000
0 0.293698 0.746250 0.063016 0.086500
0 0.331020 0.864500 0.053638 0.084000
0 0.393473 0.841000 0.066017 0.071000
0 0.456114 0.833250 0.048012 0.079500
0 0.452926 0.749750 0.055889 0.079500
0 0.383158 0.753000 0.055889 0.076000
0 0.406602 0.688000 0.054014 0.078000
0 0.335521 0.711500 0.055139 0.082000
0 0.303076 0.642250 0.057014 0.085500
0 0.353713 0.627500 0.053263 0.081000
0 0.330645 0.567250 0.059640 0.078500
0 0.262003 0.576750 0.059640 0.080500
0 0.211178 0.584250 0.054014 0.085500
0 0.168792 0.517750 0.061515 0.080500
0 0.105026 0.504500 0.060765 0.069000
0 0.125281 0.411750 0.061515 0.078500
0 0.188110 0.404500 0.062641 0.081000
0 0.218117 0.475000 0.058890 0.080000
0 0.254689 0.406750 0.063016 0.073500
0 0.306264 0.434500 0.063391 0.071000
0 0.290885 0.510500 0.061890 0.076000
0 0.092648 0.347500 0.065266 0.071000
0 0.134846 0.265250 0.062641 0.077500
0 0.178732 0.311750 0.059640 0.073500
0 0.166167 0.212250 0.061515 0.074500
0 0.220743 0.258500 0.064141 0.066000
0 0.245311 0.317250 0.069767 0.072500
0 0.305326 0.284500 0.050263 0.075000
0 0.265754 0.232250 0.059640 0.073500
0 0.225619 0.179250 0.063391 0.073500
0 0.278695 0.133250 0.057014 0.080500
0 0.316767 0.196000 0.051388 0.081000
0 0.368717 0.249500 0.057764 0.072000
0 0.379595 0.328500 0.060015 0.076000
0 0.363653 0.396250 0.055139 0.071500
0 0.401725 0.446000 0.060765 0.082000
0 0.402101 0.537500 0.054014 0.070000
0 0.415791 0.607000 0.054389 0.076000
0 0.461740 0.649250 0.056264 0.073500
0 0.462866 0.546000 0.057764 0.077000
0 0.519130 0.532250 0.051763 0.070500
0 0.527757 0.612500 0.056264 0.077000
0 0.519692 0.699750 0.057389 0.078500
0 0.510503 0.788000 0.065266 0.083000
0 0.573143 0.809500 0.061515 0.081000
0 0.579520 0.721500 0.052513 0.081000
0 0.589647 0.652250 0.060765 0.076500
0 0.579895 0.575000 0.057014 0.072000
0 0.575769 0.506250 0.057764 0.079500
0 0.518942 0.463500 0.054389 0.078000
0 0.473556 0.429250 0.052138 0.077500
0 0.430608 0.375500 0.057014 0.081000
0 0.422918 0.287500 0.055889 0.076000
0 0.477682 0.332250 0.047637 0.085500
0 0.521380 0.387000 0.052513 0.082000
0 0.573518 0.417250 0.051763 0.079500
0 0.617779 0.462500 0.057014 0.083000
0 0.668980 0.500250 0.058140 0.072500
0 0.672543 0.423750 0.054014 0.070500
0 0.629970 0.381750 0.057389 0.075500
0 0.567704 0.336500 0.055889 0.072000
0 0.520443 0.289250 0.054389 0.079500
0 0.461365 0.249500 0.062266 0.070000
0 0.423106 0.190000 0.061515 0.076000
0 0.366279 0.163000 0.058890 0.075000
0 0.333833 0.109750 0.053263 0.079500
0 0.403038 0.101250 0.055889 0.086500
0 0.458365 0.101250 0.052513 0.067500
0 0.469430 0.168500 0.052888 0.083000
0 0.532821 0.125250 0.052888 0.074500
0 0.534134 0.195500 0.052513 0.082000
0 0.585709 0.168000 0.055889 0.076000
0 0.582521 0.261750 0.057014 0.067500
0 0.620593 0.307000 0.053638 0.081000
0 0.687359 0.230250 0.046137 0.074500
0 0.689610 0.314000 0.054389 0.088000
0 0.762941 0.320500 0.057764 0.070000
0 0.807389 0.338750 0.037884 0.074500
0 0.718680 0.402000 0.047262 0.076000
0 0.776632 0.392000 0.050638 0.077000
0 0.837584 0.400750 0.049512 0.071500
0 0.865716 0.455250 0.042761 0.078500
0 0.777757 0.464250 0.051388 0.079500
0 0.731620 0.476750 0.055139 0.078500
0 0.661103 0.582250 0.055139 0.089500
0 0.708740 0.581750 0.054389 0.073500
0 0.746249 0.562500 0.046137 0.088000
0 0.689797 0.650000 0.056264 0.075000
0 0.741748 0.646750 0.044636 0.078500
0 0.791823 0.652750 0.052513 0.083500
0 0.831395 0.602750 0.044636 0.086500
0 0.818267 0.536000 0.050638 0.076000
0 0.876032 0.541750 0.054389 0.080500
0 0.891035 0.618000 0.051388 0.083000
0 0.867404 0.690250 0.062641 0.080500
0 0.837584 0.784750 0.044261 0.089500
0 0.770818 0.742250 0.057014 0.090500
0 0.752251 0.815500 0.055889 0.083000
0 0.700300 0.741500 0.048012 0.082000
0 0.651350 0.717250 0.058890 0.084500
0 0.644599 0.813250 0.054389 0.090500
0 0.692986 0.833750 0.055139 0.085500