0 0.105589 0.525500 0.054389 0.060000
0 0.110278 0.595250 0.051763 0.059500
0 0.157164 0.472750 0.052513 0.067500
0 0.155101 0.534000 0.052888 0.069000
0 0.165416 0.607250 0.056264 0.052500
0 0.128095 0.627500 0.045386 0.044000
0 0.155101 0.658750 0.046137 0.061500
0 0.136159 0.673750 0.034509 0.045500
0 0.168230 0.732250 0.049137 0.057500
0 0.179107 0.413250 0.053638 0.063500
0 0.207802 0.375500 0.052513 0.062000
0 0.234059 0.306000 0.050263 0.068000
0 0.275506 0.288500 0.049137 0.062000
0 0.259002 0.366250 0.052888 0.063500
0 0.235371 0.442500 0.047637 0.062000
0 0.202176 0.490500 0.039010 0.067000
0 0.217929 0.560500 0.048762 0.063000
0 0.278507 0.422000 0.053638 0.062000
0 0.260503 0.476000 0.052888 0.062000
0 0.264441 0.546250 0.047262 0.061500
0 0.221118 0.622750 0.042386 0.059500
0 0.257127 0.624750 0.054389 0.065500
0 0.214554 0.707250 0.051013 0.063500
0 0.209865 0.756250 0.049137 0.056500
0 0.269130 0.685250 0.047637 0.063500
0 0.265754 0.733500 0.044636 0.061000
0 0.240435 0.807000 0.055514 0.065000
0 0.298575 0.788500 0.048762 0.055000
0 0.312266 0.839250 0.052138 0.058500
0 0.347899 0.893500 0.050638 0.061000
0 0.389535 0.875750 0.052138 0.060500
0 0.357652 0.816750 0.048387 0.067500
0 0.342086 0.761000 0.044261 0.062000
0 0.383721 0.769250 0.051763 0.060500
0 0.447487 0.786000 0.051763 0.058000
0 0.306264 0.711250 0.049137 0.059500
0 0.318830 0.259250 0.055514 0.066500
0 0.313016 0.340000 0.055139 0.069000
0 0.334584 0.387750 0.051013 0.073500
0 0.317329 0.462000 0.048762 0.068000
0 0.359527 0.442750 0.048387 0.064500
0 0.357464 0.503500 0.052513 0.070000
0 0.305139 0.524000 0.049137 0.065000
0 0.304764 0.585500 0.050638 0.062000
0 0.306827 0.643000 0.050263 0.063000
0 0.352588 0.567500 0.051013 0.065000
0 0.372843 0.636250 0.052513 0.071500
0 0.350713 0.674250 0.048762 0.057500
0 0.388222 0.705000 0.046512 0.071000
0 0.431920 0.730750 0.046887 0.060500
0 0.481058 0.742500 0.048387 0.068000
0 0.507127 0.695000 0.051013 0.060000
0 0.452363 0.678250 0.048012 0.062500
0 0.421230 0.652250 0.048012 0.071500
0 0.495686 0.629000 0.046137 0.071000
0 0.450488 0.591750 0.050263 0.063500
0 0.408477 0.585750 0.053263 0.060500
0 0.400225 0.535000 0.050263 0.051000
0 0.449737 0.539250 0.049512 0.064500
0 0.369842 0.246250 0.051013 0.072500
0 0.370218 0.302750 0.049512 0.064500
0 0.415041 0.225000 0.050638 0.071000
0 0.409790 0.284500 0.050638 0.062000
0 0.395161 0.378000 0.045386 0.065000
0 0.436234 0.416000 0.049512 0.065000
0 0.438485 0.470750 0.051763 0.055500
0 0.478057 0.495000 0.049137 0.065000
0 0.495499 0.544250 0.051013 0.062500
0 0.530008 0.592500 0.047262 0.057000
0 0.570330 0.617750 0.046137 0.066500
0 0.613278 0.594750 0.048012 0.066500
0 0.644599 0.559000 0.050638 0.066000
0 0.560765 0.546250 0.047262 0.063500
0 0.530570 0.504000 0.046137 0.067000
0 0.481995 0.424500 0.046512 0.068000
0 0.459115 0.361500 0.049512 0.065000
0 0.451613 0.265500 0.051013 0.067000
0 0.470930 0.179250 0.050638 0.066500
0 0.536947 0.165000 0.054389 0.075000
0 0.513691 0.241750 0.053638 0.075500
0 0.492123 0.308000 0.053263 0.068000
0 0.509002 0.369750 0.050263 0.059500
0 0.534884 0.295500 0.048012 0.059000
0 0.552888 0.352750 0.051763 0.066500
0 0.578020 0.407750 0.048762 0.063500
0 0.527757 0.425250 0.052513 0.071500
0 0.558702 0.460500 0.055139 0.070000
0 0.560203 0.246250 0.052138 0.077500
0 0.587397 0.294500 0.052513 0.072000
0 0.618717 0.348250 0.048387 0.070500
0 0.609715 0.461750 0.049887 0.061500
0 0.601275 0.514000 0.053263 0.062000
0 0.686984 0.527750 0.049137 0.060500
0 0.652851 0.493000 0.047637 0.066000
0 0.682296 0.467500 0.042761 0.064000
0 0.653413 0.430250 0.052513 0.061500
0 0.603338 0.178750 0.049137 0.072500
0 0.638597 0.148750 0.052138 0.074500
0 0.623781 0.239250 0.048762 0.067500
0 0.651725 0.283500 0.049137 0.069000
0 0.668417 0.361500 0.049512 0.073000
0 0.691860 0.414250 0.043886 0.061500
0 0.683608 0.173000 0.054389 0.076000
0 0.679482 0.238500 0.049887 0.069000
0 0.713803 0.199750 0.045011 0.071500
0 0.698050 0.301250 0.047262 0.067500
0 0.707614 0.359000 0.044636 0.068000
0 0.732371 0.438250 0.051388 0.064500
0 0.755064 0.499750 0.051763 0.065500
0 0.798387 0.480500 0.046887 0.047000
0 0.783383 0.419000 0.046887 0.059000
0 0.845649 0.433750 0.050638 0.063500
0 0.755064 0.382750 0.053263 0.059500
0 0.752251 0.322500 0.053638 0.063000
0 0.804201 0.356500 0.048012 0.063000
0 0.844711 0.375500 0.051763 0.065000
0 0.764629 0.207250 0.049137 0.059500
0 0.753751 0.263000 0.043886 0.071000
0 0.784696 0.278500 0.044261 0.072000
0 0.859902 0.310000 0.054389 0.067000
0 0.831583 0.233000 0.051763 0.068000