0 0.388515 0.157750 0.037785 0.056500
0 0.428919 0.164000 0.040030 0.055000
0 0.490647 0.171250 0.034792 0.058500
0 0.514964 0.177000 0.040778 0.063000
0 0.539095 0.136000 0.047886 0.058000
0 0.568837 0.199250 0.040030 0.063500
0 0.579499 0.253500 0.041152 0.063000
0 0.525627 0.249000 0.042649 0.060000
0 0.461654 0.223000 0.039656 0.057000
0 0.416386 0.230000 0.033670 0.055000
0 0.355780 0.208000 0.040404 0.054000
0 0.335578 0.244000 0.039656 0.053000
0 0.381781 0.276000 0.041526 0.062000
0 0.467826 0.270500 0.039282 0.059000
0 0.561541 0.321250 0.041152 0.056500
0 0.530303 0.315750 0.039282 0.056500
0 0.468201 0.327500 0.044519 0.061000
0 0.314628 0.335750 0.032922 0.051500
0 0.345118 0.346500 0.034044 0.058000
0 0.392069 0.373250 0.044145 0.060500
0 0.471568 0.390000 0.040030 0.060000
0 0.509540 0.362000 0.038159 0.059000
0 0.549196 0.379000 0.036663 0.058000
0 0.543584 0.433250 0.040404 0.054500
0 0.519828 0.413000 0.040030 0.035000
0 0.430415 0.413500 0.039282 0.058000
0 0.354471 0.401500 0.037037 0.067000
0 0.368313 0.456500 0.038533 0.055000
0 0.337823 0.489750 0.034418 0.055500
0 0.418070 0.461500 0.034044 0.054000
0 0.456042 0.472000 0.038159 0.051000
0 0.486719 0.452500 0.039656 0.061000
0 0.532922 0.493000 0.037037 0.055000
0 0.578189 0.512000 0.043771 0.058000
0 0.514029 0.524250 0.036663 0.053500
0 0.542462 0.545500 0.039656 0.059000
0 0.455294 0.521250 0.040404 0.058500
0 0.422185 0.517750 0.037785 0.052500
0 0.384400 0.553250 0.031799 0.050500
0 0.353161 0.533250 0.032922 0.056500
0 0.374111 0.586000 0.033670 0.049000
0 0.432660 0.568750 0.040030 0.056500
0 0.486719 0.569500 0.041152 0.055000
0 0.576880 0.587500 0.044893 0.051000
0 0.514964 0.620250 0.043771 0.055500
0 0.553311 0.646500 0.041900 0.057000
0 0.488590 0.671500 0.047886 0.055000
0 0.445193 0.619500 0.031425 0.049000
0 0.377478 0.654250 0.038908 0.049500
0 0.416199 0.674500 0.034792 0.056000
0 0.453236 0.700250 0.032548 0.060500
0 0.573326 0.705000 0.048260 0.060000
0 0.523943 0.715500 0.041526 0.060000
0 0.487841 0.722750 0.042649 0.057500
0 0.444257 0.758250 0.042275 0.059500
0 0.404227 0.735750 0.033296 0.053500
0 0.397306 0.804750 0.034418 0.056500
0 0.429667 0.820000 0.033296 0.050000
0 0.457164 0.813750 0.039656 0.053500
0 0.514216 0.778000 0.036289 0.061000
0 0.559484 0.759000 0.043023 0.065000
0 0.579312 0.808000 0.043771 0.060000
0 0.547699 0.836250 0.042649 0.062500
0 0.500935 0.845250 0.038159 0.063500
0 0.449495 0.878000 0.040030 0.064000
0 0.502058 0.895250 0.038908 0.057500
0 0.530116 0.889750 0.036663 0.057500
0 0.577441 0.895500 0.045267 0.065000
0 0.466704 0.963250 0.041526 0.053500
0 0.552937 0.947250 0.041152 0.054500
0 0.591283 0.956500 0.041526 0.057000
0 0.640292 0.969250 0.046016 0.049500
0 0.686495 0.968250 0.047138 0.055500
0 0.722222 0.925500 0.049009 0.055000
0 0.666854 0.911000 0.043771 0.060000
0 0.617284 0.874000 0.046390 0.060000
0 0.633184 0.815000 0.041526 0.064000
0 0.686495 0.857500 0.041900 0.062000
0 0.736064 0.862000 0.046016 0.059000
0 0.779274 0.815250 0.047886 0.057500
0 0.715862 0.802500 0.049009 0.056000
0 0.668163 0.801750 0.041900 0.057500
0 0.610924 0.748750 0.045642 0.059500
0 0.682379 0.747750 0.047886 0.058500
0 0.732510 0.759000 0.044893 0.064000
0 0.782454 0.756500 0.046016 0.057000
0 0.752712 0.706500 0.049383 0.060000
0 0.817059 0.708000 0.048634 0.062000
0 0.641601 0.698000 0.052376 0.062000
0 0.598578 0.637750 0.045642 0.057500
0 0.647026 0.634500 0.045267 0.057000
0 0.687430 0.673250 0.050505 0.071500
0 0.719790 0.642500 0.053872 0.059000
0 0.818556 0.645000 0.045642 0.070000
0 0.627572 0.562500 0.043771 0.058000
0 0.678264 0.606500 0.048634 0.062000
0 0.718481 0.574000 0.052750 0.067000
0 0.766929 0.589000 0.053872 0.064000
0 0.817995 0.579750 0.049757 0.063500
0 0.796296 0.511750 0.049009 0.068500
0 0.678451 0.537750 0.050505 0.061500
0 0.633184 0.512500 0.045267 0.056000
0 0.608866 0.421000 0.045267 0.065000
0 0.679199 0.417750 0.050505 0.061500
0 0.704639 0.464750 0.051253 0.065500
0 0.781893 0.432750 0.053124 0.074500
0 0.732136 0.399750 0.049383 0.069500
0 0.635054 0.380000 0.050505 0.062000
0 0.586607 0.364500 0.045642 0.058000
0 0.628694 0.313750 0.045267 0.062500
0 0.676019 0.325000 0.045642 0.080000
0 0.754770 0.356000 0.051253 0.072000
0 0.814067 0.369000 0.043397 0.063000
0 0.828657 0.310250 0.050879 0.056500
0 0.777965 0.294750 0.050505 0.060500
0 0.705761 0.281250 0.046016 0.061500
0 0.628133 0.256750 0.048634 0.057500
0 0.603255 0.183750 0.041526 0.059500
0 0.648335 0.200000 0.041152 0.064000
0 0.594837 0.119000 0.045642 0.061000
0 0.621025 0.081000 0.047886 0.065000
0 0.697531 0.129000 0.054994 0.064000
0 0.684437 0.223250 0.043771 0.059500
0 0.715301 0.178750 0.048634 0.059500
0 0.731201 0.225000 0.045267 0.059000
0 0.783951 0.239500 0.047512 0.062000
0 0.832959 0.258250 0.049757 0.062500
0 0.812570 0.188750 0.046390 0.057500
0 0.765806 0.186250 0.047138 0.052500
0 0.799663 0.129250 0.047512 0.063500
0 0.751964 0.134750 0.043397 0.057500
0 0.725589 0.080500 0.043771 0.061000
0 0.783389 0.056500 0.060606 0.066000
0 0.875047 0.291250 0.050879 0.058500
0 0.856154 0.365500 0.049009 0.072000
0 0.860269 0.441750 0.059484 0.068500
0 0.898990 0.503750 0.042649 0.070500
0 0.866442 0.609000 0.054620 0.074000
0 0.880845 0.659750 0.068462 0.056500