0 0.029070 0.578750 0.053638 0.082500
0 0.101838 0.588750 0.055889 0.085500
0 0.086084 0.658500 0.049887 0.075000
0 0.134659 0.646250 0.049512 0.084500
0 0.124344 0.730500 0.055889 0.070000
0 0.211365 0.769250 0.058140 0.074500
0 0.187172 0.827750 0.060765 0.073500
0 0.255251 0.724000 0.055139 0.078000
0 0.269130 0.808250 0.054389 0.080500
0 0.315266 0.771750 0.058140 0.076500
0 0.215866 0.634750 0.059640 0.080500
0 0.265191 0.655250 0.060765 0.080500
0 0.281883 0.573750 0.058140 0.084500
0 0.229370 0.521000 0.063391 0.087000
0 0.160165 0.576750 0.062266 0.080500
0 0.179107 0.498750 0.055139 0.083500
0 0.199550 0.445500 0.057764 0.085000
0 0.139347 0.440750 0.055139 0.071500
0 0.084209 0.479750 0.055139 0.072500
0 0.058890 0.399250 0.057014 0.079500
0 0.116467 0.369000 0.063391 0.082000
0 0.176857 0.348750 0.041635 0.088500
0 0.169355 0.263500 0.064141 0.071000
0 0.204426 0.190500 0.069767 0.084000
0 0.264254 0.233250 0.056639 0.083500
0 0.236122 0.302750 0.058890 0.072500
0 0.262378 0.373000 0.058890 0.071000
0 0.323518 0.345250 0.064891 0.078500
0 0.336647 0.264000 0.058890 0.094000
0 0.333458 0.170000 0.065266 0.087000
0 0.383721 0.226250 0.058515 0.078500
0 0.412603 0.149000 0.066017 0.083000
0 0.483496 0.159250 0.061515 0.086500
0 0.535634 0.121000 0.075019 0.093000
0 0.435109 0.067000 0.066017 0.081000
0 0.363653 0.048750 0.064141 0.090500
0 0.448425 0.229500 0.063391 0.093000
0 0.503938 0.298500 0.064141 0.088000
0 0.540885 0.214000 0.067517 0.081000
0 0.572581 0.277750 0.062641 0.085500
0 0.618155 0.205000 0.065266 0.101000
0 0.647412 0.309500 0.058515 0.095000
0 0.688860 0.230750 0.059640 0.095500
0 0.757689 0.241750 0.066767 0.092500
0 0.809077 0.304250 0.075769 0.092500
0 0.879782 0.353250 0.073893 0.086500
0 0.724681 0.347750 0.066017 0.097500
0 0.679295 0.396000 0.063766 0.083000
0 0.720930 0.439500 0.067517 0.076000
0 0.574456 0.389250 0.071643 0.096500
0 0.498875 0.372000 0.061515 0.078000
0 0.444299 0.353750 0.058890 0.080500
0 0.392161 0.310500 0.050638 0.086000
0 0.370405 0.400250 0.059640 0.079500
0 0.318455 0.436750 0.058515 0.073500
0 0.270630 0.455750 0.055139 0.077500
0 0.318830 0.524000 0.057764 0.066000
0 0.360278 0.575250 0.055139 0.079500
0 0.386909 0.500250 0.050638 0.086500
0 0.433796 0.420750 0.063391 0.070500
0 0.502438 0.445750 0.059640 0.073500
0 0.559077 0.472250 0.057389 0.078500
0 0.629595 0.454500 0.058890 0.080000
0 0.674044 0.497500 0.057014 0.088000
0 0.720180 0.537750 0.060765 0.084500
0 0.784696 0.485500 0.065266 0.081000
0 0.840398 0.490750 0.058890 0.079500
0 0.826332 0.418250 0.069017 0.084500
0 0.904914 0.445500 0.063391 0.078000
0 0.904914 0.531000 0.063391 0.088000
0 0.931170 0.612000 0.054389 0.093000
0 0.852588 0.573250 0.056264 0.083500
0 0.792011 0.576250 0.068642 0.077500
0 0.817704 0.648750 0.062266 0.072500
0 0.671230 0.599250 0.058890 0.072500
0 0.718680 0.637750 0.065266 0.089500
0 0.735934 0.714500 0.054014 0.076000
0 0.468492 0.527500 0.060765 0.083000
0 0.549512 0.549250 0.052513 0.075500
0 0.596024 0.603500 0.051763 0.088000
0 0.522881 0.619750 0.057014 0.077500
0 0.445424 0.606750 0.050638 0.084500
0 0.401913 0.637250 0.059640 0.085500
0 0.351463 0.668000 0.057764 0.080000
0 0.368717 0.751000 0.061515 0.082000
0 0.384846 0.805250 0.052513 0.072500
0 0.425731 0.690000 0.056264 0.088000
0 0.474869 0.693250 0.060765 0.079500
0 0.481245 0.755250 0.066017 0.078500
0 0.530195 0.736750 0.062641 0.074500
0 0.583458 0.683750 0.060390 0.067500
0 0.648162 0.692500 0.048762 0.093000
0 0.678920 0.747000 0.057764 0.071000
0 0.624156 0.768250 0.060765 0.079500
0 0.554014 0.799250 0.052513 0.067500
0 0.570705 0.871750 0.064141 0.077500
0 0.616092 0.845250 0.064141 0.089500
0 0.670105 0.821000 0.058890 0.082000
0 0.725806 0.781750 0.061515 0.063500
0 0.792573 0.798000 0.062266 0.075000
0 0.800075 0.733500 0.061515 0.083000
0 0.875094 0.767000 0.069017 0.077000
0 0.519317 0.898750 0.049887 0.078500
0 0.469617 0.850500 0.067517 0.083000
0 0.435859 0.877750 0.062266 0.067500
0 0.615341 0.530500 0.064141 0.068000