0 0.176768 0.138250 0.050505 0.060500
0 0.228956 0.122500 0.047138 0.061000
0 0.266367 0.160000 0.047138 0.061000
0 0.290685 0.128250 0.053124 0.047500
0 0.359334 0.105750 0.052750 0.052500
0 0.325851 0.158250 0.053872 0.061500
0 0.339880 0.223750 0.049009 0.060500
0 0.370932 0.168500 0.044519 0.066000
0 0.417508 0.110250 0.045642 0.050500
0 0.405537 0.152750 0.042649 0.054500
0 0.457725 0.157000 0.046016 0.057000
0 0.442200 0.191750 0.050879 0.051500
0 0.502058 0.193000 0.044893 0.054000
0 0.544145 0.198500 0.045267 0.055000
0 0.490273 0.249000 0.049757 0.055000
0 0.581556 0.249750 0.048260 0.061500
0 0.627759 0.255500 0.042649 0.055000
0 0.555556 0.281750 0.044145 0.067500
0 0.592031 0.324500 0.048260 0.059000
0 0.632061 0.311500 0.040778 0.058000
0 0.670782 0.248250 0.039656 0.052500
0 0.688178 0.304750 0.047512 0.054500
0 0.707071 0.284500 0.041900 0.052000
0 0.751590 0.300750 0.039656 0.062500
0 0.791246 0.312250 0.046390 0.046500
0 0.931912 0.376000 0.038908 0.060000
0 0.853348 0.327750 0.041152 0.046500
0 0.882903 0.368750 0.033670 0.056500
0 0.857651 0.393250 0.048260 0.059500
0 0.909465 0.418000 0.032174 0.058000
0 0.942761 0.462250 0.040404 0.053500
0 0.913580 0.475500 0.043397 0.065000
0 0.961467 0.514000 0.035915 0.056000
0 0.917321 0.538250 0.047138 0.063500
0 0.943696 0.585000 0.041526 0.054000
0 0.935840 0.632000 0.037037 0.066000
0 0.884587 0.645500 0.044519 0.059000
0 0.895249 0.577500 0.044145 0.060000
0 0.874111 0.485000 0.038533 0.059000
0 0.836887 0.443000 0.046390 0.062000
0 0.854284 0.542000 0.039282 0.065000
0 0.849607 0.606250 0.044893 0.056500
0 0.883651 0.698000 0.048634 0.062000
0 0.912084 0.745000 0.049383 0.065000
0 0.900860 0.804750 0.046390 0.067500
0 0.856154 0.760500 0.043771 0.071000
0 0.852226 0.853250 0.038159 0.071500
0 0.774598 0.785750 0.053498 0.063500
0 0.812383 0.745000 0.046016 0.067000
0 0.823981 0.919250 0.050505 0.070500
0 0.789749 0.951000 0.043397 0.074000
0 0.780022 0.852000 0.046390 0.071000
0 0.737935 0.844250 0.046764 0.082500
0 0.833146 0.660750 0.043397 0.067500
0 0.785260 0.671750 0.040404 0.064500
0 0.814067 0.555500 0.041900 0.066000
0 0.820239 0.489500 0.042275 0.058000
0 0.796483 0.408000 0.036663 0.058000
0 0.817059 0.366000 0.038159 0.053000
0 0.772540 0.356000 0.053872 0.063000
0 0.758698 0.403000 0.046390 0.062000
0 0.771418 0.457250 0.049383 0.064500
0 0.768986 0.516250 0.039282 0.064500
0 0.778713 0.598000 0.049757 0.074000
0 0.691171 0.913750 0.048260 0.077500
0 0.656192 0.954250 0.056865 0.072500
0 0.682566 0.814250 0.053498 0.069500
0 0.725963 0.766500 0.043023 0.073000
0 0.752151 0.710250 0.045267 0.069500
0 0.745604 0.627000 0.053872 0.076000
0 0.566218 0.859000 0.049009 0.067000
0 0.684811 0.730000 0.047512 0.080000
0 0.705200 0.651250 0.054620 0.064500
0 0.700337 0.584500 0.046390 0.067000
0 0.657688 0.603000 0.040404 0.065000
0 0.676768 0.531000 0.047886 0.059000
0 0.741115 0.556500 0.044893 0.066000
0 0.711560 0.505500 0.044893 0.065000
0 0.731388 0.455000 0.037411 0.060000
0 0.710999 0.403000 0.045267 0.056000
0 0.716798 0.349000 0.046390 0.057000
0 0.155256 0.191500 0.065095 0.067000
0 0.216423 0.182750 0.058736 0.086500
0 0.198279 0.248750 0.054620 0.058500
0 0.246165 0.259250 0.045642 0.066500
0 0.110176 0.236500 0.061728 0.060000
0 0.282454 0.220750 0.051627 0.061500
0 0.157501 0.291500 0.057613 0.067000
0 0.206322 0.299250 0.056491 0.065500
0 0.315189 0.283000 0.048260 0.061000
0 0.367565 0.286250 0.054994 0.055500
0 0.397119 0.245000 0.049009 0.049000
0 0.454171 0.272500 0.047138 0.062000
0 0.411897 0.305000 0.041900 0.059000
0 0.510288 0.295500 0.045642 0.062000
0 0.542462 0.345500 0.041152 0.059000
0 0.469510 0.337000 0.050131 0.054000
0 0.469697 0.391750 0.047512 0.062500
0 0.510849 0.388500 0.043771 0.063000
0 0.419940 0.374750 0.048260 0.077500
0 0.356341 0.341500 0.058736 0.073000
0 0.297793 0.344000 0.053872 0.062000
0 0.089787 0.297750 0.054620 0.070500
0 0.141040 0.354250 0.057613 0.065500
0 0.109053 0.412500 0.052001 0.062000
0 0.155630 0.416000 0.059858 0.065000
0 0.197157 0.379500 0.048634 0.059000
0 0.107370 0.476500 0.053872 0.079000
0 0.135615 0.541500 0.060980 0.066000
0 0.177142 0.491500 0.058736 0.062000
0 0.219042 0.430500 0.053498 0.070000
0 0.248597 0.372500 0.051253 0.063000
0 0.275907 0.439750 0.051253 0.070500
0 0.317621 0.393500 0.056117 0.063000
0 0.379162 0.406250 0.058736 0.059500
0 0.345305 0.458750 0.050131 0.061500
0 0.296296 0.502500 0.059858 0.067000
0 0.345118 0.529750 0.051253 0.067500
0 0.414141 0.526750 0.052376 0.072500
0 0.408156 0.456500 0.048634 0.065000
0 0.450056 0.449250 0.043397 0.067500
0 0.543210 0.439750 0.044893 0.058500
0 0.478114 0.510000 0.047886 0.068000
0 0.483352 0.573000 0.052376 0.066000
0 0.425739 0.613000 0.049383 0.063000
0 0.367190 0.582750 0.048260 0.069500
0 0.294239 0.568000 0.060232 0.073000
0 0.333520 0.638250 0.057239 0.076500
0 0.377104 0.683000 0.062103 0.073000
0 0.245417 0.617750 0.059110 0.058500
0 0.234381 0.497500 0.062477 0.064000
0 0.206135 0.563750 0.048634 0.078500
0 0.179199 0.630500 0.065844 0.074000
0 0.271979 0.682000 0.053872 0.078000
0 0.322110 0.722750 0.055368 0.084500
0 0.387579 0.777500 0.058361 0.081000
0 0.440142 0.680500 0.051253 0.065000
0 0.481669 0.641000 0.056491 0.075000
0 0.530677 0.618250 0.054994 0.079500
0 0.527310 0.514750 0.051253 0.072500
0 0.581930 0.387500 0.050505 0.065000
0 0.632997 0.372500 0.046390 0.067000
0 0.665731 0.359250 0.045267 0.069500
0 0.675645 0.425500 0.047886 0.067000
0 0.632810 0.444250 0.053498 0.060500
0 0.589600 0.450500 0.045642 0.062000
0 0.629068 0.497750 0.043771 0.070500
0 0.569959 0.503500 0.046764 0.072000
0 0.566405 0.569000 0.050879 0.070000
0 0.606061 0.553750 0.043397 0.060500
0 0.598578 0.621250 0.050131 0.074500
0 0.548073 0.690250 0.052376 0.077500
0 0.644968 0.677500 0.056117 0.064000
0 0.484848 0.712000 0.053872 0.081000
0 0.440142 0.748250 0.055743 0.089500
0 0.494014 0.787250 0.060232 0.076500
0 0.534979 0.758500 0.050879 0.077000
0 0.488964 0.881500 0.057613 0.082000
0 0.586420 0.782000 0.053498 0.075000
0 0.595211 0.698500 0.049383 0.075000
0 0.644594 0.748250 0.053872 0.073500