0 0.112903 0.560500 0.062266 0.079000
0 0.166167 0.565000 0.063016 0.082000
0 0.185109 0.630750 0.066392 0.070500
0 0.266692 0.613250 0.052513 0.068500
0 0.301575 0.582000 0.057014 0.075000
0 0.253001 0.551750 0.061890 0.053500
0 0.348087 0.615000 0.055514 0.055000
0 0.363841 0.581250 0.060015 0.067500
0 0.374156 0.717250 0.062641 0.065500
0 0.440923 0.653250 0.055889 0.073500
0 0.473931 0.698250 0.063391 0.053500
0 0.493248 0.724750 0.039760 0.055500
0 0.500750 0.636750 0.048012 0.073500
0 0.517067 0.566250 0.054389 0.080500
0 0.518567 0.494750 0.061890 0.076500
0 0.457614 0.519000 0.055514 0.091000
0 0.450113 0.565250 0.054764 0.059500
0 0.382033 0.537750 0.059640 0.078500
0 0.328020 0.519000 0.055139 0.073000
0 0.249250 0.509750 0.064141 0.073500
0 0.168042 0.487500 0.063016 0.079000
0 0.100713 0.481250 0.065641 0.085500
0 0.138035 0.404750 0.065266 0.088500
0 0.199737 0.361750 0.062641 0.085500
0 0.220180 0.442500 0.072768 0.087000
0 0.261065 0.371750 0.068267 0.092500
0 0.294449 0.456000 0.061515 0.083000
0 0.364404 0.461750 0.058890 0.077500
0 0.340773 0.376500 0.063391 0.072000
0 0.401350 0.402750 0.059265 0.084500
0 0.475244 0.441250 0.066017 0.078500
0 0.487997 0.371750 0.065266 0.084500
0 0.535446 0.417000 0.061140 0.086000
0 0.472993 0.268750 0.070518 0.091500
0 0.501313 0.191750 0.073143 0.091500
0 0.425356 0.192500 0.069017 0.105000
0 0.366654 0.208250 0.067892 0.102500
0 0.364779 0.307250 0.068642 0.093500
0 0.298575 0.308750 0.069767 0.087500
0 0.230495 0.285500 0.066392 0.093000
0 0.270630 0.202500 0.072393 0.105000
0 0.382596 0.097000 0.074269 0.109000
0 0.460990 0.101250 0.069017 0.104500
0 0.874156 0.362750 0.079145 0.083500
0 0.818642 0.320000 0.075394 0.087000
0 0.733121 0.271500 0.067142 0.108000
0 0.656789 0.273000 0.066017 0.090000
0 0.621905 0.213750 0.070518 0.109500
0 0.552701 0.105500 0.067892 0.119000
0 0.568080 0.278500 0.074644 0.096000
0 0.588897 0.358500 0.064516 0.087000
0 0.653976 0.362250 0.067142 0.090500
0 0.736122 0.365500 0.069392 0.091000
0 0.790510 0.401250 0.055139 0.062500
0 0.817517 0.426250 0.058890 0.078500
0 0.882408 0.492000 0.058890 0.075000
0 0.863278 0.561500 0.059640 0.068000
0 0.817517 0.516250 0.061140 0.078500
0 0.753376 0.457500 0.062641 0.067000
0 0.703676 0.455500 0.064516 0.082000
0 0.650038 0.470500 0.066017 0.083000
0 0.582521 0.459500 0.063766 0.079000
0 0.586834 0.521750 0.056639 0.063500
0 0.552138 0.610500 0.054764 0.068000
0 0.604464 0.598500 0.055889 0.070000
0 0.663353 0.554500 0.058140 0.073000
0 0.745311 0.548250 0.060015 0.073500
0 0.885784 0.672500 0.055139 0.075000
0 0.832896 0.633000 0.055139 0.076000
0 0.794261 0.585000 0.060390 0.070000
0 0.790323 0.679500 0.048012 0.061000
0 0.754126 0.633750 0.055889 0.069500
0 0.700675 0.595500 0.059265 0.061000
0 0.643848 0.630000 0.051388 0.064000
0 0.592836 0.659750 0.059640 0.064500
0 0.542386 0.691250 0.055514 0.071500
0 0.637847 0.680750 0.052138 0.059500
0 0.687172 0.714250 0.056264 0.067500
0 0.741935 0.722250 0.045761 0.063500
0 0.819017 0.729250 0.058140 0.063500
0 0.699925 0.657500 0.063016 0.073000