0 0.126782 0.431250 0.028507 0.045500
0 0.168417 0.364000 0.038260 0.046000
0 0.187359 0.397750 0.034884 0.041500
0 0.171605 0.439000 0.031883 0.047000
0 0.170480 0.479250 0.037884 0.042500
0 0.187359 0.515000 0.034134 0.054000
0 0.214741 0.472500 0.033383 0.044000
0 0.199550 0.427000 0.035259 0.043000
0 0.236684 0.529750 0.034509 0.054500
0 0.269130 0.497750 0.028132 0.050500
0 0.270630 0.550250 0.013878 0.037500
0 0.288072 0.544250 0.030008 0.048500
0 0.193361 0.330000 0.041635 0.049000
0 0.189797 0.224250 0.036009 0.052500
0 0.218680 0.184500 0.037509 0.051000
0 0.223368 0.226250 0.040135 0.051500
0 0.262378 0.179750 0.034134 0.054500
0 0.220930 0.299250 0.033008 0.052500
0 0.215304 0.375750 0.043511 0.046500
0 0.247374 0.397500 0.038635 0.047000
0 0.242311 0.429250 0.037509 0.042500
0 0.271005 0.438500 0.037134 0.052000
0 0.246437 0.336000 0.040510 0.051000
0 0.266692 0.313000 0.035259 0.049000
0 0.275506 0.254750 0.036384 0.053500
0 0.302326 0.203750 0.029257 0.050500
0 0.323893 0.166000 0.031133 0.045000
0 0.338897 0.115500 0.033383 0.050000
0 0.366279 0.111000 0.033383 0.055000
0 0.389160 0.115750 0.038635 0.056500
0 0.349775 0.157250 0.039385 0.047500
0 0.328395 0.209750 0.037134 0.050500
0 0.325581 0.253250 0.031508 0.050500
0 0.352213 0.248500 0.036759 0.048000
0 0.297262 0.295500 0.036384 0.047000
0 0.330458 0.302250 0.036759 0.056500
0 0.283008 0.359250 0.035634 0.046500
0 0.306264 0.347250 0.038635 0.045500
0 0.305139 0.401750 0.037884 0.043500
0 0.308702 0.470250 0.042011 0.045500
0 0.340398 0.413000 0.034884 0.049000
0 0.341898 0.475500 0.034134 0.053000
0 0.315079 0.509000 0.033758 0.046000
0 0.318080 0.591250 0.034509 0.044500
0 0.371343 0.572750 0.030008 0.040500
0 0.356339 0.534750 0.030008 0.048500
0 0.378282 0.545750 0.034134 0.048500
0 0.398912 0.597500 0.035634 0.049000
0 0.414479 0.558750 0.033758 0.046500
0 0.399850 0.517000 0.040510 0.047000
0 0.368717 0.496000 0.036759 0.048000
0 0.390848 0.470000 0.036759 0.049000
0 0.430983 0.474500 0.031508 0.052000
0 0.373968 0.438250 0.036759 0.050500
0 0.385784 0.397250 0.040135 0.043500
0 0.421793 0.418500 0.036384 0.044000
0 0.450675 0.425500 0.029632 0.051000
0 0.460990 0.470250 0.032258 0.048500
0 0.491935 0.436500 0.037884 0.051000
0 0.443736 0.512250 0.037509 0.042500
0 0.433983 0.624500 0.037509 0.049000
0 0.460240 0.593750 0.034509 0.045500
0 0.485371 0.634750 0.033758 0.048500
0 0.493998 0.580000 0.033008 0.048000
0 0.470368 0.549750 0.038260 0.042500
0 0.494374 0.518250 0.036759 0.044500
0 0.502813 0.477000 0.037134 0.047000
0 0.531133 0.465500 0.036759 0.055000
0 0.530758 0.502000 0.037509 0.046000
0 0.526444 0.550500 0.039385 0.045000
0 0.519130 0.613500 0.036009 0.039000
0 0.516879 0.654250 0.039760 0.045500
0 0.360090 0.351000 0.031508 0.049000
0 0.390848 0.363250 0.039760 0.043500
0 0.380345 0.311500 0.038260 0.060000
0 0.379782 0.216500 0.037884 0.050000
0 0.394599 0.174250 0.034509 0.053500
0 0.425919 0.166250 0.041635 0.053500
0 0.437922 0.111500 0.041635 0.053000
0 0.465679 0.192000 0.036384 0.055000
0 0.426857 0.229250 0.036759 0.055500
0 0.404539 0.272000 0.038635 0.055000
0 0.435296 0.281250 0.034134 0.055500
0 0.417292 0.324250 0.039385 0.048500
0 0.422543 0.382000 0.037884 0.047000
0 0.458365 0.374250 0.033008 0.052500
0 0.487059 0.385500 0.034884 0.051000
0 0.456864 0.333750 0.036009 0.048500
0 0.464929 0.288250 0.036384 0.057500
0 0.466054 0.238750 0.037134 0.054500
0 0.495874 0.232000 0.036009 0.053000
0 0.510503 0.153750 0.044261 0.061500
0 0.512941 0.279250 0.034884 0.055500
0 0.495686 0.323750 0.036384 0.055500
0 0.546324 0.231000 0.035634 0.057000
0 0.575581 0.202750 0.039385 0.051500
0 0.614591 0.204500 0.036384 0.057000
0 0.598275 0.241750 0.042761 0.055500
0 0.565641 0.270250 0.042761 0.058500
0 0.533383 0.308250 0.040510 0.060500
0 0.518942 0.354500 0.037884 0.050000
0 0.559452 0.345750 0.037884 0.056500
0 0.590398 0.312000 0.039760 0.059000
0 0.617967 0.279500 0.038635 0.056000
0 0.659415 0.259750 0.045011 0.055500
0 0.721868 0.283250 0.043886 0.046500
0 0.676294 0.300000 0.042011 0.047000
0 0.637097 0.316750 0.036384 0.047500
0 0.608777 0.352000 0.039760 0.053000
0 0.586084 0.392000 0.040135 0.053000
0 0.520443 0.406250 0.037884 0.055500
0 0.552701 0.415250 0.039385 0.053500
0 0.572018 0.460000 0.039760 0.056000
0 0.564891 0.506500 0.039760 0.048000
0 0.564141 0.558250 0.038260 0.053500
0 0.554576 0.609000 0.039385 0.044000
0 0.552701 0.643750 0.034134 0.049500
0 0.574456 0.701250 0.040135 0.047500
0 0.593211 0.658500 0.034884 0.052000
0 0.592648 0.597750 0.036009 0.044500
0 0.629595 0.722000 0.034134 0.048000
0 0.636909 0.755250 0.027757 0.031500
0 0.659977 0.738250 0.035634 0.046500
0 0.679857 0.751750 0.030383 0.049500
0 0.629782 0.672000 0.034509 0.053000
0 0.664666 0.685000 0.037509 0.046000
0 0.699737 0.697750 0.039385 0.049500
0 0.623406 0.627750 0.042011 0.051500
0 0.660540 0.640250 0.040510 0.050500
0 0.620593 0.575250 0.040885 0.050500
0 0.655851 0.604250 0.042386 0.051500
0 0.601838 0.535750 0.037134 0.050500
0 0.601088 0.489000 0.037134 0.053000
0 0.633533 0.388000 0.037509 0.055000
0 0.615341 0.436750 0.040885 0.046500
0 0.648912 0.509500 0.039010 0.048000
0 0.663728 0.550000 0.039385 0.052000
0 0.665979 0.361500 0.041635 0.051000
0 0.703113 0.343000 0.039385 0.051000
0 0.753938 0.332250 0.040510 0.056500
0 0.731995 0.379000 0.039385 0.059000
0 0.680983 0.405500 0.040135 0.052000
0 0.665979 0.459000 0.037134 0.049000
0 0.714554 0.449250 0.040510 0.054500
0 0.757502 0.422750 0.040885 0.060500
0 0.788822 0.397500 0.042761 0.052000
0 0.790510 0.444750 0.040885 0.054500
0 0.698050 0.515250 0.042761 0.050500
0 0.734246 0.493500 0.038635 0.054000
0 0.802513 0.500750 0.040135 0.052500
0 0.736497 0.530750 0.038635 0.046500
0 0.703488 0.560500 0.042386 0.047000
0 0.714366 0.608750 0.042386 0.044500
0 0.714929 0.646250 0.040510 0.049500
0 0.747937 0.582250 0.041260 0.050500
0 0.788260 0.558000 0.040135 0.054000
0 0.789572 0.601500 0.042761 0.047000
0 0.765191 0.644000 0.037509 0.058000
0 0.753188 0.683000 0.041260 0.053000
0 0.739497 0.711750 0.035634 0.047500
0 0.732183 0.782750 0.042761 0.046500
0 0.750750 0.837250 0.040135 0.037500
0 0.783571 0.806750 0.036009 0.050500
0 0.810765 0.868000 0.042386 0.050000
0 0.791448 0.754750 0.039760 0.051500
0 0.814516 0.813500 0.036384 0.048000
0 0.830833 0.784500 0.041260 0.050000
0 0.794449 0.657250 0.035259 0.055500
0 0.793511 0.693500 0.034884 0.047000
0 0.832521 0.657500 0.039385 0.056000
0 0.837397 0.727500 0.037134 0.048000
0 0.862903 0.802500 0.037884 0.048000
0 0.864216 0.870750 0.037509 0.048500
0 0.898912 0.852750 0.037884 0.047500
0 0.917479 0.803000 0.037509 0.052000
0 0.865154 0.746250 0.038635 0.056500
0 0.916542 0.752750 0.038635 0.051500
0 0.908665 0.720500 0.050638 0.062000
0 0.876782 0.633000 0.040135 0.061000
0 0.925169 0.643250 0.043136 0.053500
0 0.858215 0.552250 0.040510 0.052500