0 0.046512 0.472750 0.048762 0.067500
0 0.098650 0.507000 0.048012 0.061000
0 0.102026 0.436250 0.045761 0.060500
0 0.113466 0.375250 0.049887 0.070500
0 0.173856 0.384500 0.053638 0.073000
0 0.202926 0.344500 0.052513 0.080000
0 0.229370 0.316250 0.060390 0.079500
0 0.285259 0.307750 0.053638 0.080500
0 0.357839 0.217250 0.057764 0.085500
0 0.384096 0.305500 0.060765 0.076000
0 0.362528 0.339000 0.056639 0.080000
0 0.307577 0.360750 0.054764 0.059500
0 0.343773 0.403500 0.041635 0.065000
0 0.380158 0.412000 0.050638 0.064000
0 0.249812 0.383000 0.054014 0.071000
0 0.298387 0.433000 0.049887 0.062000
0 0.361403 0.472500 0.046887 0.060000
0 0.234434 0.422750 0.053263 0.063500
0 0.264254 0.482250 0.048387 0.065500
0 0.307014 0.517250 0.053638 0.065500
0 0.174606 0.434250 0.053638 0.055500
0 0.134659 0.489500 0.051013 0.063000
0 0.189610 0.489000 0.052138 0.061000
0 0.172731 0.538000 0.043886 0.059000
0 0.210803 0.558500 0.050263 0.063000
0 0.133721 0.546250 0.062641 0.055500
0 0.158102 0.621000 0.048387 0.053000
0 0.154351 0.671000 0.048387 0.054000
0 0.239122 0.587250 0.043886 0.050500
0 0.284696 0.607250 0.046512 0.054500
0 0.271755 0.556000 0.048387 0.060000
0 0.317704 0.580000 0.049512 0.061000
0 0.329707 0.638000 0.047262 0.058000
0 0.349212 0.661250 0.046512 0.048500
0 0.394224 0.637000 0.046512 0.052000
0 0.372468 0.593500 0.054014 0.062000
0 0.361590 0.538000 0.042011 0.054000
0 0.400788 0.520500 0.049887 0.057000
0 0.424044 0.554000 0.043886 0.056000
0 0.433046 0.627250 0.041635 0.054500
0 0.451238 0.214750 0.057014 0.085500
0 0.500938 0.239750 0.055889 0.069500
0 0.537322 0.181500 0.060390 0.082000
0 0.559827 0.241250 0.064891 0.074500
0 0.611403 0.199750 0.057014 0.082500
0 0.448800 0.303000 0.055889 0.065000
0 0.485184 0.381500 0.052138 0.074000
0 0.418980 0.380000 0.059265 0.079000
0 0.454614 0.427750 0.051763 0.069500
0 0.505251 0.457750 0.051013 0.071500
0 0.525694 0.317000 0.054389 0.077000
0 0.542573 0.377250 0.052888 0.065500
0 0.592086 0.332500 0.064141 0.083000
0 0.644411 0.281750 0.060015 0.083500
0 0.636347 0.347500 0.052888 0.068000
0 0.645161 0.401000 0.049512 0.059000
0 0.593586 0.420000 0.052888 0.067000
0 0.553826 0.461500 0.052888 0.064000
0 0.600900 0.485000 0.051013 0.067000
0 0.557389 0.502000 0.051013 0.055000
0 0.506752 0.512000 0.049512 0.063000
0 0.414479 0.471500 0.049512 0.062000
0 0.454051 0.508000 0.047637 0.059000
0 0.466054 0.565000 0.047637 0.056000
0 0.470368 0.622000 0.045761 0.058000
0 0.468492 0.669250 0.045011 0.043500
0 0.521380 0.656750 0.048762 0.043500
0 0.522131 0.568000 0.049512 0.053000
0 0.541448 0.606000 0.044636 0.053000
0 0.573143 0.632500 0.045761 0.050000
0 0.571643 0.565000 0.047262 0.059000
0 0.600150 0.607500 0.051013 0.051000
0 0.623781 0.649000 0.051763 0.053000
0 0.672356 0.672750 0.049887 0.046500
0 0.660540 0.612750 0.048762 0.050500
0 0.617592 0.562250 0.049887 0.061500
0 0.667667 0.569000 0.049512 0.059000
0 0.655101 0.503500 0.053638 0.057000
0 0.704614 0.511750 0.047637 0.063500
0 0.713053 0.559750 0.049512 0.056500
0 0.713991 0.619250 0.046137 0.056500
0 0.722993 0.693500 0.049137 0.056000
0 0.771568 0.691750 0.048762 0.054500
0 0.761253 0.624750 0.043886 0.052500
0 0.765004 0.579250 0.051388 0.064500
0 0.754126 0.509500 0.048387 0.060000
0 0.768755 0.465000 0.054389 0.072000
0 0.702926 0.441000 0.054014 0.064000
0 0.691860 0.383000 0.054389 0.067000
0 0.688860 0.328000 0.057389 0.066000
0 0.741560 0.261250 0.069017 0.093500
0 0.742123 0.314000 0.057389 0.071000
0 0.747937 0.378250 0.068267 0.074500
0 0.800825 0.276250 0.063766 0.083500
0 0.804014 0.351500 0.058890 0.081000
0 0.816204 0.417000 0.051763 0.076000
0 0.817142 0.478750 0.056639 0.058500
0 0.870405 0.450750 0.064891 0.069500
0 0.888597 0.357000 0.071268 0.083000
0 0.923668 0.420500 0.064891 0.079000
0 0.957239 0.469500 0.062266 0.074000
0 0.938672 0.519750 0.053638 0.055500
0 0.868155 0.529500 0.060390 0.061000
0 0.821830 0.571750 0.051763 0.061500
0 0.812078 0.625500 0.054014 0.053000
0 0.825019 0.674000 0.051388 0.052000
0 0.872093 0.639250 0.057764 0.048500
0 0.881658 0.585000 0.055139 0.060000
0 0.293136 0.644500 0.034884 0.037000