0 0.067704 0.592750 0.076144 0.102500
0 0.071080 0.672000 0.079145 0.092000
0 0.134659 0.508750 0.081770 0.089500
0 0.131845 0.672750 0.077644 0.095500
0 0.132783 0.769500 0.078020 0.102000
0 0.181545 0.435000 0.087022 0.098000
0 0.177419 0.614000 0.084021 0.107000
0 0.221868 0.708250 0.085146 0.087500
0 0.180795 0.889250 0.082521 0.095500
0 0.261440 0.871250 0.087772 0.095500
0 0.297637 0.715750 0.077644 0.102500
0 0.271943 0.638250 0.075019 0.092500
0 0.258252 0.542750 0.072393 0.098500
0 0.257689 0.420750 0.082521 0.109500
0 0.302513 0.297250 0.093398 0.099500
0 0.330458 0.438750 0.080270 0.112500
0 0.350713 0.541000 0.072018 0.114000
0 0.342648 0.648250 0.077644 0.095500
0 0.375469 0.747250 0.078020 0.094500
0 0.366092 0.850250 0.078020 0.114500
0 0.431358 0.827250 0.066767 0.105500
0 0.444861 0.706250 0.084021 0.109500
0 0.423481 0.579000 0.082521 0.110000
0 0.410165 0.479500 0.083646 0.102000
0 0.391598 0.337500 0.080270 0.103000
0 0.392911 0.234750 0.084396 0.106500
0 0.458740 0.324000 0.087022 0.117000
0 0.477307 0.422500 0.075394 0.113000
0 0.485184 0.518500 0.081395 0.087000
0 0.512003 0.711500 0.086272 0.109000
0 0.544824 0.605250 0.067892 0.103500
0 0.560765 0.466000 0.080270 0.106000
0 0.537697 0.354250 0.073893 0.108500
0 0.511440 0.209250 0.088897 0.118500
0 0.658665 0.168500 0.098275 0.137000
0 0.583271 0.264500 0.072018 0.110000
0 0.677232 0.283000 0.088897 0.124000
0 0.632033 0.378250 0.086272 0.098500
0 0.652851 0.457500 0.080645 0.110000
0 0.604276 0.543250 0.084021 0.101500
0 0.580645 0.677500 0.071268 0.125000
0 0.559077 0.780000 0.081395 0.108000
0 0.761253 0.195000 0.094899 0.130000
0 0.761815 0.316000 0.081770 0.104000
0 0.750750 0.422500 0.091148 0.096000
0 0.690735 0.540750 0.082146 0.106500
0 0.650600 0.618750 0.074644 0.097500
0 0.652476 0.722000 0.084396 0.094000
0 0.632221 0.824250 0.085146 0.105500
0 0.825956 0.243750 0.068267 0.116500
0 0.836834 0.430250 0.076519 0.107500
0 0.777007 0.536750 0.077644 0.098500
0 0.742498 0.626750 0.073143 0.106500
0 0.732746 0.749500 0.076894 0.111000
0 0.711553 0.848500 0.078770 0.107000
0 0.852026 0.511000 0.075394 0.110000
0 0.810015 0.627750 0.076144 0.104500
0 0.800638 0.729250 0.076144 0.108500
0 0.777944 0.841250 0.081020 0.111500
0 0.898912 0.609500 0.070143 0.106000
0 0.890660 0.724000 0.080645 0.105000
0 0.847524 0.802250 0.081395 0.105500