0 0.132971 0.361000 0.024381 0.036000
0 0.154539 0.386500 0.021005 0.040000
0 0.173856 0.392750 0.019880 0.033500
0 0.177607 0.352500 0.023631 0.034000
0 0.216242 0.323000 0.018380 0.038000
0 0.185859 0.413750 0.022131 0.024500
0 0.270443 0.322000 0.018005 0.025000
0 0.286384 0.333750 0.028882 0.032500
0 0.257314 0.360000 0.027757 0.030000
0 0.256189 0.373750 0.025506 0.023500
0 0.240435 0.405250 0.022506 0.039500
0 0.254501 0.398750 0.024381 0.036500
0 0.300263 0.355250 0.028882 0.037500
0 0.273818 0.412750 0.016504 0.021500
0 0.291448 0.415750 0.027007 0.034500
0 0.143286 0.462250 0.021755 0.028500
0 0.181920 0.451250 0.022506 0.034500
0 0.179107 0.482000 0.026632 0.030000
0 0.176294 0.501500 0.021755 0.034000
0 0.201425 0.442750 0.023256 0.039500
0 0.219242 0.459250 0.020630 0.040500
0 0.206114 0.473750 0.013878 0.034500
0 0.220368 0.479750 0.027382 0.030500
0 0.206489 0.502500 0.023631 0.029000
0 0.241935 0.492750 0.025506 0.035500
0 0.259940 0.449500 0.030008 0.034000
0 0.284696 0.465750 0.027007 0.033500
0 0.277194 0.485000 0.025506 0.032000
0 0.212678 0.529000 0.022506 0.039000
0 0.192423 0.553250 0.022506 0.032500
0 0.223743 0.552000 0.022131 0.027000
0 0.243998 0.538250 0.023631 0.034500
0 0.178920 0.613000 0.024006 0.031000
0 0.195424 0.647250 0.024756 0.032500
0 0.219055 0.594750 0.021005 0.032500
0 0.229182 0.587750 0.024006 0.034500
0 0.234246 0.612000 0.023631 0.028000
0 0.257689 0.600500 0.026257 0.035000
0 0.280195 0.606500 0.030758 0.039000
0 0.261065 0.564250 0.028507 0.035500
0 0.269880 0.542250 0.026632 0.037500
0 0.298387 0.529750 0.025131 0.031500
0 0.314704 0.537500 0.027007 0.032000
0 0.294636 0.562500 0.025881 0.031000
0 0.314516 0.493000 0.030383 0.034000
0 0.322956 0.570500 0.018755 0.036000
0 0.340960 0.581000 0.024756 0.033000
0 0.231058 0.671750 0.019505 0.029500
0 0.240998 0.707250 0.020630 0.027500
0 0.248125 0.734250 0.024381 0.029500
0 0.268567 0.726750 0.024006 0.030500
0 0.259377 0.652750 0.022881 0.028500
0 0.266879 0.668250 0.026632 0.025500
0 0.294449 0.676000 0.026257 0.027000
0 0.314891 0.693000 0.027382 0.032000
0 0.296699 0.645000 0.024756 0.031000
0 0.314891 0.621000 0.021380 0.030000
0 0.331020 0.618500 0.029632 0.030000
0 0.331395 0.649250 0.026632 0.033500
0 0.312078 0.746000 0.024006 0.038000
0 0.321080 0.798750 0.026257 0.029500
0 0.348650 0.805000 0.021380 0.034000
0 0.327832 0.716750 0.021005 0.035500
0 0.346024 0.713500 0.025881 0.033000
0 0.365716 0.664000 0.026257 0.030000
0 0.341710 0.748000 0.021005 0.024000
0 0.349025 0.779750 0.022881 0.030500
0 0.354839 0.763250 0.025506 0.028500
0 0.365904 0.781750 0.027382 0.033500
0 0.379220 0.806000 0.018005 0.030000
0 0.372468 0.843000 0.022506 0.032000
0 0.382596 0.758750 0.030758 0.028500
0 0.378845 0.715500 0.021005 0.036000
0 0.365341 0.619250 0.027007 0.034500
0 0.384096 0.645000 0.023256 0.038000
0 0.365904 0.580250 0.028132 0.030500
0 0.340773 0.553250 0.028882 0.034500
0 0.375281 0.544500 0.031883 0.031000
0 0.318830 0.388250 0.028507 0.042500
0 0.319767 0.412000 0.025881 0.027000
0 0.322768 0.441000 0.019880 0.044000
0 0.346024 0.469750 0.028882 0.040500
0 0.353713 0.458500 0.027757 0.045000
0 0.348087 0.400750 0.027007 0.043500
0 0.369092 0.426000 0.027007 0.039000
0 0.344899 0.507250 0.023631 0.038500
0 0.363841 0.510750 0.030758 0.031500
0 0.377907 0.486750 0.031133 0.039500
0 0.332896 0.329750 0.023631 0.043500
0 0.348087 0.320500 0.030008 0.045000
0 0.360090 0.348750 0.028507 0.033500
0 0.383346 0.349750 0.024756 0.044500
0 0.386534 0.376250 0.028132 0.034500
0 0.415229 0.312500 0.024006 0.043000
0 0.417667 0.367750 0.028882 0.039500
0 0.442611 0.387000 0.027757 0.043000
0 0.409977 0.442000 0.030758 0.037000
0 0.439422 0.453250 0.026632 0.034500
0 0.457239 0.418000 0.034509 0.033000
0 0.479557 0.438250 0.032633 0.039500
0 0.471118 0.390000 0.032258 0.044000
0 0.470743 0.343750 0.033758 0.042500
0 0.506377 0.367250 0.030008 0.046500
0 0.525881 0.336000 0.030758 0.042000
0 0.556264 0.342000 0.028507 0.035000
0 0.540323 0.402000 0.027382 0.044000
0 0.517817 0.427250 0.031133 0.043500
0 0.403413 0.508250 0.028132 0.037500
0 0.421043 0.502000 0.028132 0.035000
0 0.451613 0.484000 0.027757 0.038000
0 0.472056 0.474500 0.033383 0.040000
0 0.506377 0.477750 0.030758 0.037500
0 0.534321 0.456750 0.030383 0.042500
0 0.537134 0.487750 0.030758 0.034500
0 0.455739 0.507000 0.030758 0.031000
0 0.429857 0.531000 0.026257 0.031000
0 0.409040 0.579000 0.026632 0.034000
0 0.395161 0.617250 0.030383 0.030500
0 0.446549 0.563000 0.033383 0.031000
0 0.469430 0.547000 0.030383 0.033000
0 0.481995 0.523750 0.027757 0.037500
0 0.507502 0.513750 0.032258 0.034500
0 0.512378 0.543500 0.030758 0.036000
0 0.539572 0.527250 0.031133 0.041500
0 0.565266 0.485750 0.031508 0.032500
0 0.572768 0.526250 0.033758 0.037500
0 0.419730 0.635500 0.021755 0.039000
0 0.447674 0.626500 0.030383 0.027000
0 0.486684 0.590500 0.028882 0.031000
0 0.516129 0.590000 0.030008 0.032000
0 0.542948 0.566750 0.031883 0.033500
0 0.577269 0.573000 0.029257 0.039000
0 0.539385 0.615250 0.032258 0.035500
0 0.567517 0.611000 0.033008 0.037000
0 0.483683 0.624500 0.022131 0.031000
0 0.504126 0.627000 0.027757 0.039000
0 0.530570 0.644250 0.027382 0.035500
0 0.558140 0.653000 0.030008 0.044000
0 0.588522 0.646250 0.030758 0.037500
0 0.440923 0.667500 0.034884 0.026000
0 0.387659 0.672250 0.023631 0.033500
0 0.400975 0.692750 0.031508 0.028500
0 0.472618 0.679250 0.028507 0.037500
0 0.439422 0.708250 0.031133 0.036500
0 0.464366 0.704250 0.029257 0.031500
0 0.420668 0.736000 0.024381 0.030000
0 0.436047 0.751750 0.031883 0.032500
0 0.486122 0.746000 0.030008 0.040000
0 0.506939 0.673500 0.028882 0.030000
0 0.499062 0.697250 0.025881 0.034500
0 0.526444 0.708250 0.029632 0.032500
0 0.538822 0.684250 0.031133 0.035500
0 0.559827 0.709000 0.028132 0.034000
0 0.578582 0.711250 0.030383 0.039500
0 0.590585 0.685000 0.033383 0.043000
0 0.411478 0.791750 0.027007 0.033500
0 0.395724 0.814750 0.025506 0.029500
0 0.396099 0.840250 0.029257 0.023500
0 0.398350 0.891500 0.030758 0.026000
0 0.421605 0.844750 0.024006 0.035500
0 0.442986 0.855750 0.033008 0.027500
0 0.445986 0.840250 0.024756 0.030500
0 0.438860 0.795500 0.027757 0.029000
0 0.462303 0.812750 0.028132 0.029500
0 0.461740 0.785500 0.026257 0.033000
0 0.487997 0.791500 0.026257 0.035000
0 0.484621 0.847500 0.027757 0.033000
0 0.468117 0.877750 0.027757 0.024500
0 0.456114 0.905250 0.024006 0.036500
0 0.501875 0.879500 0.028507 0.025000
0 0.508252 0.832500 0.024756 0.034000
0 0.502626 0.853000 0.023256 0.028000
0 0.531695 0.853000 0.024381 0.024000
0 0.515754 0.794000 0.030758 0.034000
0 0.521380 0.774000 0.027757 0.031000
0 0.546512 0.767250 0.032258 0.030500
0 0.546324 0.785750 0.028882 0.027500
0 0.554951 0.803000 0.025131 0.030000
0 0.539010 0.820250 0.022506 0.026500
0 0.571080 0.750750 0.031133 0.034500
0 0.574456 0.810500 0.029632 0.029000
0 0.557389 0.848000 0.027757 0.029000
0 0.567329 0.878250 0.026632 0.031500
0 0.578395 0.835000 0.027007 0.029000
0 0.594711 0.825250 0.028132 0.031500
0 0.617217 0.820000 0.028882 0.035000
0 0.635409 0.846750 0.029257 0.026500
0 0.652288 0.801750 0.031508 0.033500
0 0.663541 0.822750 0.025506 0.026500
0 0.674606 0.787500 0.032633 0.039000
0 0.679107 0.810250 0.030383 0.032500
0 0.698612 0.794750 0.027382 0.040500
0 0.716804 0.831500 0.024006 0.036000
0 0.620780 0.773250 0.032258 0.038500
0 0.597712 0.765000 0.024381 0.035000
0 0.624531 0.730750 0.037509 0.029500
0 0.650600 0.745500 0.023631 0.037000
0 0.626032 0.698250 0.031508 0.039500
0 0.650413 0.711000 0.029257 0.035000
0 0.674231 0.709750 0.037134 0.040500
0 0.703488 0.722250 0.040135 0.036500
0 0.710240 0.748000 0.034134 0.032000
0 0.738185 0.769000 0.032258 0.034000
0 0.618155 0.659750 0.032258 0.040500
0 0.649850 0.663750 0.031883 0.034500
0 0.681358 0.660250 0.032633 0.037500
0 0.722993 0.661250 0.031883 0.037500
0 0.735184 0.689250 0.036009 0.034500
0 0.656414 0.631000 0.034509 0.041000
0 0.689047 0.623750 0.036009 0.036500
0 0.609527 0.588500 0.032258 0.033000
0 0.613278 0.555500 0.033758 0.037000
0 0.600900 0.518000 0.033008 0.040000
0 0.591898 0.475750 0.030758 0.044500
0 0.578207 0.427250 0.034884 0.041500
0 0.565829 0.393250 0.033383 0.045500
0 0.579707 0.339000 0.030383 0.043000
0 0.608590 0.330750 0.034884 0.048500
0 0.610090 0.378000 0.035634 0.046000
0 0.617592 0.436500 0.034134 0.042000
0 0.637659 0.430750 0.032258 0.039500
0 0.679670 0.421250 0.036759 0.035500
0 0.664854 0.382750 0.033383 0.047500
0 0.689047 0.367000 0.041260 0.045000
0 0.714554 0.403250 0.042761 0.046500
0 0.733121 0.433500 0.039385 0.046000
0 0.633158 0.482250 0.036009 0.043500
0 0.662228 0.506500 0.027382 0.042000
0 0.686422 0.493250 0.039760 0.043500
0 0.725244 0.488000 0.031133 0.039000
0 0.689610 0.525500 0.028882 0.045000
0 0.718305 0.535000 0.032258 0.045000
0 0.748500 0.546250 0.034884 0.042500
0 0.648725 0.537250 0.036384 0.040500
0 0.646474 0.587500 0.035634 0.040000
0 0.688110 0.574250 0.034884 0.041500
0 0.715866 0.567250 0.033383 0.038500
0 0.729182 0.609750 0.033758 0.045500
0 0.748500 0.642750 0.037134 0.037500
0 0.761440 0.678250 0.036009 0.034500
0 0.764066 0.626000 0.036009 0.040000
0 0.796887 0.635500 0.034134 0.040000
0 0.797262 0.672750 0.038635 0.042500
0 0.793698 0.726250 0.033008 0.042500
0 0.780383 0.748500 0.031883 0.037000
0 0.747562 0.734750 0.033008 0.037500
0 0.830645 0.730500 0.036384 0.039000
0 0.845461 0.759000 0.038260 0.035000
0 0.858215 0.705250 0.036759 0.035500
0 0.860278 0.664000 0.040135 0.033000
0 0.822956 0.661250 0.030758 0.042500
0 0.832333 0.619500 0.028507 0.040000
0 0.861215 0.603250 0.039760 0.043500
0 0.791635 0.568750 0.038635 0.040500
0 0.804389 0.535250 0.036384 0.039500
0 0.826144 0.558000 0.034884 0.044000
0 0.847149 0.493750 0.041635 0.039500
0 0.790135 0.455500 0.037884 0.047000
0 0.810390 0.479250 0.034134 0.043500