0 0.153976 0.531750 0.028132 0.039500
0 0.163541 0.573250 0.030008 0.037500
0 0.177607 0.590250 0.026632 0.045500
0 0.148912 0.617500 0.028507 0.042000
0 0.171230 0.633000 0.033383 0.041000
0 0.143473 0.655000 0.034884 0.043000
0 0.112341 0.651750 0.025131 0.039500
0 0.144786 0.722250 0.020255 0.046500
0 0.164854 0.732250 0.026632 0.039500
0 0.197112 0.729000 0.028882 0.044000
0 0.160728 0.772000 0.029632 0.038000
0 0.173293 0.809000 0.025506 0.043000
0 0.209865 0.769750 0.027382 0.042500
0 0.202551 0.790750 0.024006 0.034500
0 0.258440 0.765000 0.033758 0.044000
0 0.274194 0.809000 0.030758 0.038000
0 0.317329 0.789500 0.027757 0.037000
0 0.326144 0.758750 0.033383 0.049500
0 0.285634 0.745750 0.027382 0.049500
0 0.283571 0.717500 0.032258 0.034000
0 0.325769 0.720250 0.033383 0.038500
0 0.227307 0.723750 0.025506 0.042500
0 0.254876 0.713000 0.025881 0.038000
0 0.249250 0.672500 0.025881 0.043000
0 0.278132 0.640250 0.032633 0.037500
0 0.292573 0.662750 0.028507 0.043500
0 0.306452 0.685750 0.030008 0.040500
0 0.333833 0.668000 0.037509 0.043000
0 0.327832 0.644500 0.029257 0.039000
0 0.351650 0.631750 0.030383 0.043500
0 0.320518 0.597000 0.031133 0.043000
0 0.270818 0.595500 0.029257 0.053000
0 0.250563 0.602500 0.019505 0.034000
0 0.235746 0.633750 0.028882 0.042500
0 0.214929 0.623500 0.026257 0.040000
0 0.223556 0.579750 0.023256 0.033500
0 0.238372 0.563750 0.029632 0.042500
0 0.230120 0.527750 0.028132 0.036500
0 0.201238 0.535750 0.026632 0.039500
0 0.184734 0.482250 0.015379 0.037500
0 0.204989 0.485500 0.023631 0.038000
0 0.213241 0.445000 0.025881 0.031000
0 0.207989 0.406250 0.026632 0.034500
0 0.235934 0.454000 0.022506 0.042000
0 0.238935 0.494250 0.024756 0.032500
0 0.262191 0.501000 0.029257 0.031000
0 0.280195 0.533000 0.033008 0.035000
0 0.285259 0.561250 0.029632 0.036500
0 0.274194 0.470500 0.029257 0.034000
0 0.253188 0.439250 0.018005 0.028500
0 0.271943 0.436000 0.027007 0.035000
0 0.286572 0.405500 0.026257 0.026000
0 0.295949 0.368750 0.021755 0.032500
0 0.315266 0.361750 0.023631 0.037500
0 0.312828 0.337250 0.025506 0.027500
0 0.332333 0.306750 0.031508 0.039500
0 0.352776 0.346000 0.028882 0.036000
0 0.341710 0.378750 0.021755 0.038500
0 0.331583 0.404250 0.025506 0.042500
0 0.310390 0.411000 0.023631 0.027000
0 0.305326 0.447750 0.020255 0.038500
0 0.322393 0.459500 0.025881 0.035000
0 0.343961 0.472500 0.027007 0.037000
0 0.356714 0.450750 0.025506 0.032500
0 0.316017 0.505000 0.026632 0.045000
0 0.325769 0.554750 0.025881 0.039500
0 0.353526 0.573250 0.026632 0.038500
0 0.369842 0.597750 0.024756 0.033500
0 0.362528 0.534250 0.022881 0.038500
0 0.374344 0.540750 0.025506 0.041500
0 0.381470 0.584000 0.031508 0.043000
0 0.382596 0.501750 0.027007 0.038500
0 0.378845 0.461000 0.030758 0.040000
0 0.372093 0.424250 0.029257 0.034500
0 0.367779 0.404000 0.034884 0.035000
0 0.376407 0.371250 0.031133 0.035500
0 0.385409 0.340500 0.031133 0.034000
0 0.378657 0.311000 0.027382 0.031000
0 0.400225 0.290500 0.025506 0.038000
0 0.416729 0.254750 0.030008 0.028500
0 0.427232 0.288750 0.031508 0.039500
0 0.444111 0.267750 0.026257 0.049500
0 0.417667 0.327000 0.031133 0.038000
0 0.409977 0.363500 0.027007 0.032000
0 0.425356 0.381000 0.029257 0.032000
0 0.402476 0.407250 0.027757 0.040500
0 0.414291 0.447000 0.031133 0.030000
0 0.412978 0.477000 0.030008 0.040000
0 0.432108 0.494250 0.028507 0.041500
0 0.418230 0.526500 0.027757 0.041000
0 0.426107 0.585750 0.027757 0.041500
0 0.437734 0.605250 0.027757 0.047500
0 0.396099 0.626500 0.027757 0.043000
0 0.422168 0.642000 0.031883 0.048000
0 0.376032 0.661750 0.025881 0.041500
0 0.391973 0.682250 0.034509 0.044500
0 0.378095 0.728000 0.033008 0.040000
0 0.413353 0.736000 0.039010 0.052000
0 0.437547 0.696500 0.027382 0.045000
0 0.458365 0.725250 0.030008 0.047500
0 0.466242 0.678250 0.037509 0.057500
0 0.481058 0.641250 0.033383 0.044500
0 0.481433 0.752250 0.034884 0.048500
0 0.442236 0.775500 0.037509 0.042000
0 0.394974 0.771000 0.036009 0.040000
0 0.370405 0.804000 0.037884 0.052000
0 0.405851 0.813250 0.032258 0.046500
0 0.439235 0.823750 0.034509 0.050500
0 0.481245 0.799250 0.033758 0.052500
0 0.490998 0.846500 0.028507 0.052000
0 0.519317 0.857500 0.041635 0.048000
0 0.524944 0.786000 0.036384 0.047000
0 0.510128 0.691750 0.035259 0.044500
0 0.545386 0.731250 0.036009 0.042500
0 0.543886 0.682250 0.035259 0.045500
0 0.515191 0.641750 0.030383 0.047500
0 0.490623 0.597000 0.034509 0.049000
0 0.457614 0.574500 0.029257 0.054000
0 0.454239 0.541500 0.035259 0.031000
0 0.491748 0.563750 0.033008 0.038500
0 0.462303 0.498750 0.028882 0.040500
0 0.490623 0.515750 0.033758 0.044500
0 0.520818 0.540250 0.029632 0.046500
0 0.496249 0.479000 0.033758 0.040000
0 0.477307 0.441500 0.035634 0.041000
0 0.436047 0.423750 0.025131 0.033500
0 0.443361 0.450250 0.029257 0.042500
0 0.463053 0.414750 0.026632 0.035500
0 0.455926 0.390750 0.026632 0.032500
0 0.444486 0.356500 0.027757 0.034000
0 0.465304 0.332750 0.028882 0.033500
0 0.485934 0.368750 0.036384 0.029500
0 0.498875 0.402250 0.028507 0.042500
0 0.492311 0.337000 0.028882 0.036000
0 0.479370 0.298750 0.031508 0.036500
0 0.466617 0.258000 0.022506 0.036000
0 0.494186 0.210250 0.029632 0.032500
0 0.493811 0.256000 0.031883 0.039000
0 0.506189 0.275000 0.028132 0.045000
0 0.519130 0.316250 0.028507 0.027500
0 0.517067 0.346250 0.031883 0.033500
0 0.513128 0.236250 0.025506 0.033500
0 0.509377 0.180250 0.023256 0.033500
0 0.528695 0.198500 0.034134 0.038000
0 0.541073 0.156250 0.034134 0.032500
0 0.563953 0.186500 0.032633 0.026000
0 0.573706 0.208000 0.031133 0.034000
0 0.605776 0.156500 0.034509 0.035000
0 0.643473 0.161500 0.029632 0.035000
0 0.625656 0.210500 0.029257 0.041000
0 0.605964 0.212750 0.022131 0.034500
0 0.642911 0.199750 0.033008 0.041500
0 0.680608 0.208500 0.026632 0.038000
0 0.672168 0.240250 0.033008 0.035500
0 0.636347 0.257750 0.033383 0.036500
0 0.580458 0.244250 0.037134 0.038500
0 0.548762 0.236000 0.029257 0.038000
0 0.538635 0.268000 0.034509 0.030000
0 0.552138 0.294250 0.030758 0.032500
0 0.568642 0.270250 0.027007 0.031500
0 0.590585 0.284500 0.031883 0.035000
0 0.546699 0.329000 0.031133 0.038000
0 0.561703 0.352250 0.032633 0.046500
0 0.578020 0.320500 0.030008 0.038000
0 0.613278 0.312500 0.033758 0.035000
0 0.617592 0.340250 0.028132 0.047500
0 0.642348 0.321000 0.029632 0.036000
0 0.647037 0.357500 0.027757 0.045000
0 0.593586 0.375750 0.038635 0.037500
0 0.531695 0.386750 0.028882 0.039500
0 0.555139 0.395000 0.034509 0.039000
0 0.530383 0.428750 0.025506 0.039500
0 0.544636 0.465750 0.029257 0.039500
0 0.572581 0.456500 0.029632 0.044000
0 0.534696 0.503500 0.031883 0.038000
0 0.563953 0.502500 0.029632 0.036000
0 0.589647 0.493750 0.027757 0.041500
0 0.606339 0.517750 0.035634 0.043500
0 0.620780 0.492250 0.038260 0.038500
0 0.609902 0.449000 0.033758 0.040000
0 0.604651 0.416750 0.029257 0.030500
0 0.633721 0.420500 0.031883 0.046000
0 0.552888 0.541000 0.030758 0.039000
0 0.586459 0.556250 0.033383 0.043500
0 0.561515 0.582750 0.035259 0.045500
0 0.533383 0.595000 0.031508 0.043000
0 0.545949 0.623250 0.031133 0.044500
0 0.579520 0.623500 0.029257 0.048000
0 0.611215 0.622750 0.034884 0.051500
0 0.622656 0.566250 0.038260 0.040500
0 0.638410 0.601250 0.039010 0.044500
0 0.663916 0.639000 0.033758 0.042000
0 0.679670 0.597250 0.042011 0.044500
0 0.579707 0.670500 0.032633 0.039000
0 0.603151 0.696500 0.037509 0.047000
0 0.629032 0.662250 0.039010 0.042500
0 0.644411 0.706000 0.038260 0.049000
0 0.582333 0.730250 0.037884 0.051500
0 0.619467 0.742500 0.040885 0.050000
0 0.594711 0.772500 0.033383 0.038000
0 0.564704 0.775000 0.031883 0.050000
0 0.547262 0.824500 0.038260 0.047000
0 0.583271 0.832500 0.034509 0.054000
0 0.614216 0.861250 0.033383 0.049500
0 0.578395 0.897750 0.035259 0.051500
0 0.543886 0.894500 0.038260 0.051000
0 0.646474 0.851750 0.037134 0.058500
0 0.624906 0.816250 0.028507 0.053500
0 0.683233 0.844750 0.036384 0.055500
0 0.650600 0.782250 0.036384 0.047500
0 0.705364 0.806750 0.039385 0.054500
0 0.677232 0.750500 0.037134 0.047000
0 0.689797 0.696500 0.042761 0.052000
0 0.719992 0.736250 0.034134 0.051500
0 0.755626 0.739750 0.036384 0.051500
0 0.785821 0.711000 0.035259 0.051000
0 0.749437 0.664500 0.036759 0.048000
0 0.786759 0.652500 0.037884 0.051000
0 0.699737 0.652500 0.040885 0.050000
0 0.804576 0.615500 0.040510 0.044000
0 0.759565 0.588000 0.036009 0.046000
0 0.722993 0.583250 0.032633 0.056500
0 0.700863 0.548500 0.046137 0.045000
0 0.658290 0.524000 0.034509 0.047000
0 0.751500 0.533750 0.036384 0.045500
0 0.782633 0.517000 0.037884 0.051000
0 0.712866 0.511000 0.037884 0.043000
0 0.746062 0.498250 0.035259 0.035500
0 0.666354 0.473000 0.034134 0.051000
0 0.700300 0.472750 0.033758 0.043500
0 0.721305 0.443000 0.030758 0.044000
0 0.753001 0.446000 0.034884 0.052000
0 0.787322 0.450000 0.034509 0.045000
0 0.673481 0.428000 0.036384 0.036000
0 0.678732 0.397750 0.036384 0.041500
0 0.715679 0.401500 0.037509 0.041000
0 0.758627 0.403250 0.037134 0.040500
0 0.680233 0.349500 0.035634 0.038000
0 0.669917 0.302250 0.035259 0.039500
0 0.708927 0.297500 0.027007 0.038000
0 0.715866 0.340000 0.031883 0.053000
0 0.752251 0.356750 0.037134 0.040500
0 0.798012 0.394250 0.034884 0.045500
0 0.801950 0.347500 0.034509 0.044000
0 0.771568 0.340250 0.027757 0.031500
0 0.745311 0.328250 0.030758 0.039500
0 0.757314 0.301500 0.038260 0.036000
0 0.697674 0.252750 0.030758 0.036500
0 0.736497 0.262500 0.031883 0.039000
0 0.734996 0.237500 0.033383 0.033000
0 0.760503 0.261750 0.031883 0.040500
0 0.782821 0.246500 0.036009 0.038000
0 0.804764 0.261750 0.028882 0.023500
0 0.803451 0.286250 0.041260 0.039500
0 0.847524 0.331500 0.039385 0.038000
0 0.833271 0.382250 0.027382 0.044500
0 0.864029 0.376500 0.034134 0.035000
0 0.878095 0.408250 0.040510 0.042500
0 0.838147 0.420000 0.040885 0.037000
0 0.820705 0.465000 0.034509 0.045000
0 0.856339 0.493000 0.040510 0.053000
0 0.875844 0.456000 0.042761 0.043000
0 0.897974 0.499750 0.041260 0.049500
0 0.858215 0.571750 0.045011 0.051500
0 0.880158 0.565250 0.034134 0.048500
0 0.912603 0.688500 0.051763 0.055000
0 0.862153 0.701500 0.043886 0.055000