0 0.411478 0.188000 0.067517 0.088000
0 0.478807 0.233500 0.061890 0.086000
0 0.510878 0.299000 0.063766 0.086000
0 0.349962 0.256500 0.065266 0.085000
0 0.416354 0.283250 0.066017 0.084500
0 0.369842 0.327750 0.063766 0.081500
0 0.311140 0.301250 0.070143 0.088500
0 0.442236 0.354500 0.066017 0.085000
0 0.524006 0.393000 0.057014 0.085000
0 0.579520 0.354750 0.063766 0.092500
0 0.249812 0.337750 0.062266 0.077500
0 0.297262 0.389750 0.061890 0.097500
0 0.353526 0.419750 0.069392 0.080500
0 0.409040 0.454750 0.062641 0.085500
0 0.469617 0.429000 0.061515 0.086000
0 0.521005 0.481000 0.053263 0.087000
0 0.575394 0.440500 0.061515 0.083000
0 0.637847 0.386500 0.058890 0.087000
0 0.624531 0.471250 0.063016 0.080500
0 0.682858 0.443500 0.061890 0.085000
0 0.246249 0.426750 0.061140 0.092500
0 0.348650 0.480000 0.061140 0.072000
0 0.398725 0.528000 0.057764 0.082000
0 0.452738 0.508000 0.066017 0.083000
0 0.501125 0.553500 0.064516 0.084000
0 0.594336 0.544000 0.060390 0.086000
0 0.666354 0.520250 0.064141 0.092500
0 0.720368 0.510250 0.064891 0.084500
0 0.163166 0.427750 0.071268 0.088500
0 0.130345 0.470000 0.070143 0.075000
0 0.203113 0.510000 0.070143 0.083000
0 0.152663 0.557000 0.064516 0.088000
0 0.267254 0.515500 0.062641 0.070000
0 0.228995 0.577250 0.067142 0.090500
0 0.181733 0.627750 0.065641 0.079500
0 0.312078 0.557750 0.062266 0.080500
0 0.290135 0.636500 0.067142 0.073000
0 0.352588 0.617500 0.057764 0.087000
0 0.412228 0.619250 0.066017 0.075500
0 0.423106 0.682250 0.065266 0.072500
0 0.398537 0.743750 0.059640 0.066500
0 0.438672 0.789000 0.061890 0.069000
0 0.538822 0.611000 0.061140 0.070000
0 0.516317 0.673750 0.059640 0.080500
0 0.495874 0.740750 0.062266 0.071500
0 0.522506 0.820250 0.062266 0.086500
0 0.740435 0.590250 0.061515 0.079500
0 0.637847 0.599500 0.063391 0.074000
0 0.591898 0.631250 0.058515 0.075500
0 0.682108 0.630500 0.057389 0.065000
0 0.725619 0.661250 0.057389 0.081500
0 0.634096 0.675750 0.066392 0.076500
0 0.574269 0.717750 0.063766 0.080500
0 0.606152 0.780500 0.060765 0.077000
0 0.669917 0.747750 0.060765 0.074500
0 0.639347 0.817000 0.061890 0.073000
0 0.573518 0.845000 0.066017 0.075000
0 0.704614 0.801000 0.058890 0.071000
0 0.763128 0.775500 0.066392 0.074000
0 0.746624 0.839750 0.063391 0.077500
0 0.685296 0.861000 0.066767 0.097000
0 0.632408 0.909250 0.066017 0.078500