0 0.060015 0.388750 0.076519 0.100500
0 0.044261 0.494500 0.068267 0.100000
0 0.051763 0.580500 0.063766 0.088000
0 0.139347 0.323250 0.059640 0.092500
0 0.191860 0.392000 0.092648 0.084000
0 0.182296 0.520750 0.063016 0.091500
0 0.112528 0.659250 0.060015 0.090500
0 0.108027 0.721750 0.063016 0.083500
0 0.198612 0.690000 0.056639 0.085000
0 0.243623 0.642500 0.061890 0.069000
0 0.268380 0.706750 0.062641 0.076500
0 0.286759 0.616250 0.058890 0.084500
0 0.249625 0.550000 0.063391 0.066000
0 0.298387 0.520750 0.052888 0.078500
0 0.268005 0.436250 0.065641 0.088500
0 0.220180 0.283000 0.069017 0.090000
0 0.307577 0.341500 0.062266 0.083000
0 0.285071 0.225000 0.070518 0.080000
0 0.240998 0.148500 0.066392 0.101000
0 0.265004 0.054250 0.064891 0.099500
0 0.329895 0.051750 0.071643 0.092500
0 0.329145 0.155250 0.071643 0.106500
0 0.388597 0.208000 0.073518 0.090000
0 0.435484 0.111500 0.081020 0.098000
0 0.345836 0.294750 0.064516 0.098500
0 0.409040 0.313500 0.064891 0.090000
0 0.377907 0.390250 0.081395 0.092500
0 0.343773 0.471750 0.065641 0.086500
0 0.430233 0.446750 0.063016 0.090500
0 0.489497 0.428750 0.061515 0.098500
0 0.367217 0.575500 0.060765 0.086000
0 0.412978 0.549000 0.060765 0.084000
0 0.356339 0.664000 0.055514 0.079000
0 0.401350 0.633000 0.052513 0.084000
0 0.451425 0.631750 0.058140 0.084500
0 0.446174 0.699000 0.063391 0.084000
0 0.510878 0.700000 0.066017 0.083000
0 0.567892 0.665250 0.064516 0.080500
0 0.474681 0.519750 0.068642 0.078500
0 0.527194 0.578250 0.070143 0.090500
0 0.550075 0.486000 0.065641 0.077000
0 0.556077 0.366000 0.065641 0.096000
0 0.493436 0.304250 0.070143 0.097500
0 0.502813 0.201250 0.067142 0.105500
0 0.563016 0.156000 0.076519 0.109000
0 0.576707 0.266250 0.070893 0.100500
0 0.607839 0.076000 0.071643 0.105000
0 0.677044 0.147250 0.074269 0.087500
0 0.744186 0.225750 0.075769 0.090500
0 0.814329 0.253000 0.074269 0.101000
0 0.666354 0.265500 0.070143 0.111000
0 0.619467 0.355000 0.055889 0.094000
0 0.734996 0.316500 0.067892 0.095000
0 0.839647 0.341750 0.075394 0.102500
0 0.903976 0.287750 0.067517 0.099500
0 0.915229 0.373250 0.073518 0.105500
0 0.676107 0.396250 0.070143 0.088500
0 0.758627 0.410500 0.077644 0.107000
0 0.839272 0.451250 0.073143 0.088500
0 0.911853 0.492000 0.075019 0.109000
0 0.940548 0.412750 0.064891 0.095500
0 0.880720 0.576250 0.078770 0.114500
0 0.769317 0.523250 0.065266 0.104500
0 0.713241 0.490500 0.068642 0.100000
0 0.629407 0.459750 0.069767 0.095500
0 0.658102 0.547000 0.058890 0.092000
0 0.588147 0.551250 0.066767 0.080500
0 0.630720 0.620500 0.064141 0.090000
0 0.711928 0.596250 0.063016 0.085500
0 0.788635 0.633250 0.067142 0.087500