0 0.119750 0.176482 0.088500 0.059640
0 0.193750 0.144974 0.076500 0.056639
0 0.274250 0.139347 0.076500 0.056639
0 0.323000 0.189235 0.070000 0.058140
0 0.431750 0.097524 0.087500 0.075019
0 0.409000 0.180608 0.079000 0.065641
0 0.488750 0.174419 0.072500 0.060765
0 0.517250 0.222243 0.081500 0.061140
0 0.551750 0.152476 0.077500 0.058890
0 0.592750 0.187922 0.071500 0.061515
0 0.677500 0.189235 0.082000 0.065641
0 0.644250 0.250563 0.068500 0.063016
0 0.581250 0.260878 0.081500 0.068642
0 0.461500 0.264441 0.071000 0.064516
0 0.519500 0.303263 0.082000 0.067892
0 0.569500 0.341148 0.072000 0.063391
0 0.418750 0.322581 0.067500 0.067517
0 0.478500 0.355964 0.069000 0.060765
0 0.369500 0.238372 0.083000 0.061140
0 0.281250 0.237247 0.078500 0.055889
0 0.325000 0.285259 0.072000 0.055139
0 0.195250 0.198612 0.081500 0.061890
0 0.158250 0.250375 0.080500 0.059640
0 0.067250 0.242498 0.077500 0.061140
0 0.107000 0.289947 0.073000 0.060765
0 0.160250 0.313203 0.076500 0.062266
0 0.252000 0.349962 0.079000 0.056264
0 0.249750 0.293511 0.078500 0.064141
0 0.344750 0.337772 0.070500 0.059640
0 0.039000 0.321268 0.077000 0.068642
0 0.107250 0.357277 0.077500 0.058140
0 0.052500 0.387284 0.070000 0.061140
0 0.095000 0.418980 0.084000 0.059265
0 0.189750 0.376219 0.073500 0.059265
0 0.256250 0.404539 0.080500 0.047637
0 0.339500 0.399662 0.076000 0.058890
0 0.387500 0.438297 0.079000 0.057389
0 0.419750 0.383908 0.078500 0.061140
0 0.486750 0.413541 0.078500 0.054389
0 0.533750 0.390660 0.063500 0.060390
0 0.617250 0.421230 0.075500 0.051763
0 0.693250 0.438110 0.069500 0.048762
0 0.649750 0.307952 0.068500 0.058515
0 0.699250 0.301575 0.062500 0.051763
0 0.760750 0.214554 0.090500 0.072018
0 0.790250 0.270255 0.072500 0.062641
0 0.828750 0.295574 0.063500 0.050263
0 0.748500 0.347149 0.068000 0.058890
0 0.810750 0.359152 0.071500 0.049137
0 0.687750 0.355026 0.074500 0.058890
0 0.743750 0.399100 0.059500 0.054764
0 0.818500 0.403976 0.073000 0.042761
0 0.796750 0.452926 0.074500 0.052888
0 0.789500 0.503938 0.067000 0.052888
0 0.848250 0.507877 0.063500 0.052513
0 0.851750 0.557952 0.059500 0.053638
0 0.184750 0.442423 0.077500 0.062641
0 0.055750 0.453676 0.078500 0.057389
0 0.131250 0.479557 0.076500 0.058890
0 0.188750 0.503751 0.077500 0.060765
0 0.280250 0.459115 0.071500 0.056264
0 0.278500 0.509190 0.073000 0.051388
0 0.351000 0.496624 0.079000 0.051013
0 0.429000 0.480870 0.073000 0.051763
0 0.497500 0.479745 0.066000 0.059265
0 0.570500 0.474681 0.070000 0.057389
0 0.643250 0.477119 0.079500 0.051013
0 0.699750 0.507127 0.065500 0.051013
0 0.730750 0.553263 0.077500 0.057014
0 0.798000 0.574456 0.070000 0.051388
0 0.622250 0.533946 0.065500 0.046887
0 0.540250 0.530945 0.078500 0.056639
0 0.457500 0.524194 0.076000 0.047637
0 0.371000 0.545574 0.071000 0.052138
0 0.285250 0.564516 0.070500 0.054014
0 0.224750 0.542573 0.074500 0.055889
0 0.139250 0.543511 0.071500 0.055514
0 0.071250 0.529445 0.071500 0.059640
0 0.090000 0.578395 0.077000 0.052513
0 0.156250 0.599775 0.078500 0.056264
0 0.109250 0.638410 0.075500 0.053263
0 0.208750 0.635221 0.074500 0.048387
0 0.234750 0.600150 0.072500 0.051013
0 0.288500 0.639535 0.072000 0.051013
0 0.256750 0.672356 0.077500 0.048387
0 0.301000 0.711740 0.069000 0.046887
0 0.352000 0.655664 0.070000 0.045761
0 0.358250 0.615341 0.070500 0.052138
0 0.427500 0.632033 0.074000 0.046512
0 0.440250 0.585146 0.069500 0.043511
0 0.487500 0.612153 0.070000 0.042761
0 0.509250 0.578207 0.068500 0.049137
0 0.569250 0.565829 0.062500 0.049887
0 0.621250 0.614216 0.063500 0.055139
0 0.644500 0.649475 0.065000 0.043886
0 0.669500 0.598087 0.057000 0.049887
0 0.769750 0.614966 0.068500 0.045386
0 0.846250 0.639347 0.065500 0.049887
0 0.887000 0.664104 0.059000 0.058140
0 0.775750 0.664104 0.056500 0.056639
0 0.815750 0.689797 0.064500 0.044261
0 0.856000 0.713991 0.066000 0.046137
0 0.735000 0.703113 0.056000 0.046887
0 0.788000 0.726369 0.064000 0.051388
0 0.681500 0.717554 0.059000 0.051763
0 0.702500 0.750188 0.067000 0.047262
0 0.751000 0.774569 0.062000 0.041260
0 0.830250 0.765566 0.063500 0.049512
0 0.557500 0.630720 0.070000 0.054389
0 0.422250 0.678357 0.079500 0.047637
0 0.489750 0.676669 0.070500 0.052513
0 0.572250 0.701425 0.079500 0.050263
0 0.618250 0.723743 0.058500 0.047637
0 0.372000 0.712116 0.058000 0.049137
0 0.424750 0.729745 0.062500 0.046887
0 0.518750 0.722993 0.072500 0.044636
0 0.500250 0.762753 0.060500 0.046887
0 0.377250 0.781508 0.062500 0.049887
0 0.444750 0.789760 0.057500 0.049137
0 0.169250 0.730120 0.080500 0.055889
0 0.194000 0.762753 0.084000 0.043886
0 0.229500 0.812078 0.071000 0.057014
0 0.220000 0.856527 0.073000 0.046887
0 0.139750 0.864966 0.076500 0.054014
0 0.308250 0.782633 0.068500 0.050638
0 0.292000 0.833271 0.071000 0.048387
0 0.285250 0.900038 0.076500 0.051388
0 0.356750 0.889535 0.062500 0.048387
0 0.370250 0.833458 0.070500 0.048762
0 0.424750 0.930420 0.077500 0.057389
0 0.480000 0.883533 0.063000 0.047637
0 0.544250 0.859715 0.068500 0.040510
0 0.569750 0.899287 0.063500 0.043886
0 0.633500 0.898912 0.064000 0.050638
0 0.608000 0.855214 0.057000 0.039010
0 0.538750 0.798387 0.062500 0.042386
0 0.563500 0.774569 0.067000 0.052513
0 0.615000 0.798950 0.058000 0.041260
0 0.628250 0.756752 0.066500 0.043136
0 0.705500 0.804389 0.065000 0.046137
0 0.657000 0.834021 0.058000 0.045386
0 0.745250 0.829332 0.062500 0.041260
0 0.785000 0.885034 0.068000 0.046137
0 0.845750 0.845086 0.075500 0.051013
0 0.723500 0.926482 0.059000 0.046512