0 0.142723 0.249500 0.037884 0.057000
0 0.095274 0.320750 0.036759 0.049500
0 0.156602 0.313000 0.040885 0.047000
0 0.171605 0.356250 0.032633 0.043500
0 0.140848 0.387750 0.037134 0.049500
0 0.092273 0.434250 0.042011 0.047500
0 0.093211 0.491000 0.038635 0.049000
0 0.179295 0.393750 0.037509 0.052500
0 0.190735 0.436000 0.038635 0.042000
0 0.160353 0.469500 0.034134 0.049000
0 0.154539 0.526250 0.036759 0.049500
0 0.129032 0.570250 0.036759 0.054500
0 0.174794 0.564250 0.040510 0.050500
0 0.189985 0.525500 0.034884 0.053000
0 0.208552 0.561750 0.033758 0.048500
0 0.233871 0.595750 0.037884 0.044500
0 0.171043 0.644750 0.038260 0.043500
0 0.230308 0.641000 0.038260 0.046000
0 0.250563 0.670000 0.038260 0.042000
0 0.270255 0.630250 0.036384 0.042500
0 0.204801 0.487500 0.038260 0.047000
0 0.233871 0.514250 0.031133 0.042500
0 0.257127 0.545750 0.030383 0.047500
0 0.285446 0.581500 0.035259 0.043000
0 0.317892 0.609750 0.033383 0.042500
0 0.326707 0.569250 0.034509 0.044500
0 0.292761 0.542250 0.033383 0.047500
0 0.276819 0.499500 0.036009 0.050000
0 0.245686 0.467250 0.032258 0.046500
0 0.232183 0.418500 0.042761 0.047000
0 0.232371 0.378000 0.040885 0.047000
0 0.218867 0.335750 0.040885 0.047500
0 0.208365 0.289500 0.036384 0.047000
0 0.231620 0.261750 0.028132 0.043500
0 0.242311 0.302250 0.033758 0.042500
0 0.259377 0.340250 0.033383 0.047500
0 0.277194 0.377000 0.034509 0.046000
0 0.292198 0.410750 0.033008 0.040500
0 0.285071 0.450000 0.037509 0.044000
0 0.329145 0.452750 0.040135 0.049500
0 0.326894 0.498750 0.034134 0.042500
0 0.368530 0.504750 0.037884 0.046500
0 0.344524 0.414500 0.032633 0.046000
0 0.328207 0.380250 0.033008 0.050500
0 0.297637 0.336000 0.032633 0.043000
0 0.260503 0.255500 0.035634 0.047000
0 0.259940 0.200500 0.039010 0.055000
0 0.297074 0.235250 0.035259 0.045500
0 0.305701 0.198750 0.034509 0.045500
0 0.324456 0.257250 0.037509 0.046500
0 0.315079 0.294000 0.041260 0.041000
0 0.330458 0.329750 0.035259 0.048500
0 0.368155 0.359000 0.036384 0.049000
0 0.270443 0.707000 0.032258 0.039000
0 0.289197 0.732000 0.045761 0.046000
0 0.309452 0.671000 0.033758 0.049000
0 0.332146 0.706750 0.034884 0.047500
0 0.354839 0.669500 0.036759 0.049000
0 0.362341 0.714500 0.034509 0.047000
0 0.350713 0.749750 0.035259 0.040500
0 0.345086 0.788750 0.035259 0.043500
0 0.343961 0.828750 0.036009 0.043500
0 0.413353 0.946000 0.033758 0.037000
0 0.451613 0.966250 0.033758 0.044500
0 0.412603 0.903750 0.031508 0.044500
0 0.453301 0.911750 0.031883 0.045500
0 0.481995 0.910000 0.028507 0.037000
0 0.399850 0.858250 0.030008 0.041500
0 0.392723 0.823500 0.034509 0.036000
0 0.421230 0.842000 0.028507 0.043000
0 0.435109 0.868000 0.030008 0.039000
0 0.455176 0.826750 0.033383 0.037500
0 0.469055 0.861000 0.031133 0.041000
0 0.476932 0.871750 0.030383 0.038500
0 0.390098 0.779250 0.036759 0.047500
0 0.403976 0.739750 0.034509 0.046500
0 0.428545 0.786000 0.030383 0.041000
0 0.444486 0.755750 0.033758 0.040500
0 0.459490 0.789750 0.031508 0.040500
0 0.494936 0.820250 0.034134 0.041500
0 0.501875 0.838500 0.030008 0.039000
0 0.497374 0.770500 0.033008 0.043000
0 0.392723 0.687500 0.031508 0.049000
0 0.427044 0.709000 0.030383 0.048000
0 0.457989 0.711250 0.033008 0.050500
0 0.407727 0.633000 0.034509 0.037000
0 0.448050 0.647250 0.031883 0.048500
0 0.476932 0.675500 0.027382 0.051000
0 0.496624 0.693750 0.030008 0.043500
0 0.510878 0.721500 0.034509 0.043000
0 0.387847 0.568750 0.036009 0.048500
0 0.402851 0.595250 0.036759 0.043500
0 0.450113 0.594500 0.037509 0.045000
0 0.481245 0.600750 0.033758 0.049500
0 0.494561 0.644500 0.038635 0.048000
0 0.413728 0.537750 0.036759 0.049500
0 0.453488 0.547750 0.033758 0.051500
0 0.484809 0.557000 0.028882 0.053000
0 0.404914 0.468000 0.034134 0.042000
0 0.433983 0.503000 0.034509 0.043000
0 0.463428 0.489750 0.034134 0.051500
0 0.418980 0.423750 0.037509 0.042500
0 0.443736 0.452750 0.033758 0.048500
0 0.402476 0.377250 0.035259 0.044500
0 0.436797 0.391250 0.031883 0.049500
0 0.466804 0.405250 0.033383 0.046500
0 0.483121 0.444000 0.031508 0.040000
0 0.498500 0.409250 0.030008 0.046500
0 0.473556 0.363500 0.036384 0.040000
0 0.406602 0.339000 0.035259 0.040000
0 0.359902 0.256250 0.033383 0.048500
0 0.378657 0.295500 0.037884 0.048000
0 0.399287 0.262750 0.039385 0.045500
0 0.420855 0.298000 0.033758 0.046000
0 0.442798 0.331250 0.031883 0.042500
0 0.476182 0.320500 0.038635 0.044000
0 0.451238 0.286000 0.035259 0.049000
0 0.421418 0.228000 0.034884 0.045000
0 0.452551 0.229750 0.031133 0.041500
0 0.472056 0.259000 0.030383 0.040000
0 0.500750 0.284750 0.034509 0.044500
0 0.423481 0.172250 0.039010 0.048500
0 0.462116 0.176000 0.036759 0.049000
0 0.504126 0.222000 0.043511 0.047000
0 0.526444 0.254750 0.034884 0.044500
0 0.501875 0.149250 0.033758 0.049500
0 0.536947 0.141000 0.033383 0.045000
0 0.574269 0.121500 0.030758 0.051000
0 0.538635 0.214250 0.033008 0.045500
0 0.575394 0.181750 0.034509 0.045500
0 0.610840 0.168250 0.036384 0.046500
0 0.634284 0.141750 0.035259 0.045500
0 0.676294 0.144000 0.033758 0.046000
0 0.568830 0.227250 0.028132 0.042500
0 0.599400 0.212250 0.031508 0.048500
0 0.624156 0.206000 0.027757 0.044000
0 0.654726 0.192750 0.031883 0.042500
0 0.534696 0.296000 0.032633 0.045000
0 0.568080 0.267500 0.031133 0.044000
0 0.562266 0.306250 0.029257 0.045500
0 0.597337 0.272250 0.030383 0.039500
0 0.622093 0.245750 0.031883 0.038500
0 0.650413 0.241500 0.028507 0.038000
0 0.678357 0.228250 0.031133 0.050500
0 0.691110 0.203250 0.031133 0.036500
0 0.718305 0.226750 0.030008 0.048500
0 0.737434 0.257750 0.028507 0.042500
0 0.770068 0.246750 0.031508 0.046500
0 0.631658 0.282500 0.033758 0.039000
0 0.661665 0.276250 0.028507 0.039500
0 0.694861 0.261000 0.032633 0.043000
0 0.594524 0.312250 0.029257 0.044500
0 0.624719 0.324000 0.031883 0.040000
0 0.654726 0.316500 0.030383 0.041000
0 0.686422 0.306000 0.030008 0.045000
0 0.712678 0.297000 0.028507 0.045000
0 0.759752 0.310250 0.036384 0.039500
0 0.527382 0.332750 0.034509 0.044500
0 0.515004 0.375000 0.033758 0.039000
0 0.552513 0.362250 0.035259 0.034500
0 0.581958 0.358000 0.029632 0.040000
0 0.607652 0.379500 0.028507 0.048000
0 0.641973 0.388250 0.033383 0.044500
0 0.657352 0.355000 0.028882 0.041000
0 0.680233 0.341750 0.028132 0.040500
0 0.710990 0.354250 0.032633 0.041500
0 0.742498 0.340500 0.034884 0.043000
0 0.782446 0.337750 0.030758 0.043500
0 0.755064 0.369750 0.033008 0.039500
0 0.821268 0.338250 0.036384 0.034500
0 0.809640 0.357250 0.031133 0.039500
0 0.830645 0.376750 0.031133 0.043500
0 0.781133 0.397750 0.032633 0.043500
0 0.724681 0.384500 0.026257 0.033000
0 0.697112 0.381250 0.031133 0.049500
0 0.670293 0.395250 0.027757 0.038500
0 0.546699 0.398000 0.031883 0.038000
0 0.579145 0.405500 0.027757 0.041000
0 0.626594 0.416500 0.032633 0.042000
0 0.672731 0.434500 0.033383 0.039000
0 0.704614 0.434000 0.029632 0.047000
0 0.750000 0.415250 0.030383 0.037500
0 0.815079 0.419250 0.033008 0.039500
0 0.796324 0.456250 0.028507 0.038500
0 0.765191 0.456250 0.030008 0.037500
0 0.735934 0.450250 0.028507 0.042500
0 0.717179 0.471750 0.030758 0.045500
0 0.684171 0.472500 0.033008 0.041000
0 0.753188 0.488000 0.033758 0.046000
0 0.785634 0.514000 0.028882 0.052000
0 0.794449 0.489000 0.030008 0.037000
0 0.525694 0.430750 0.030383 0.040500
0 0.555139 0.439000 0.030008 0.041000
0 0.585709 0.454000 0.030383 0.045000
0 0.610653 0.462750 0.027757 0.041500
0 0.636909 0.475500 0.028507 0.045000
0 0.669542 0.497500 0.026257 0.045000
0 0.695236 0.523750 0.028132 0.039500
0 0.728057 0.517000 0.026257 0.042000
0 0.762941 0.530750 0.029257 0.039500
0 0.503376 0.476000 0.035259 0.045000
0 0.510690 0.515000 0.034134 0.041000
0 0.541260 0.469500 0.030008 0.041000
0 0.542948 0.511500 0.030383 0.040000
0 0.529445 0.553250 0.030383 0.040500
0 0.534884 0.594750 0.031508 0.042500
0 0.529445 0.634250 0.033383 0.047500
0 0.519130 0.673250 0.033008 0.044500
0 0.537884 0.684750 0.029257 0.040500
0 0.550638 0.646500 0.027007 0.043000
0 0.566392 0.628500 0.028507 0.040000
0 0.584396 0.647750 0.031508 0.041500
0 0.587772 0.684000 0.030758 0.037000
0 0.573518 0.705250 0.033008 0.040500
0 0.593961 0.728500 0.027382 0.046000
0 0.561703 0.744500 0.031883 0.044000
0 0.552701 0.781000 0.030383 0.040000
0 0.538635 0.817250 0.032258 0.042500
0 0.531508 0.869750 0.031508 0.044500
0 0.544824 0.911750 0.031883 0.038500
0 0.569205 0.906500 0.028882 0.043000
0 0.564329 0.863250 0.032633 0.046500
0 0.580833 0.823750 0.034884 0.038500
0 0.594899 0.841000 0.028507 0.035000
0 0.597524 0.891750 0.030008 0.042500
0 0.623781 0.885750 0.027757 0.044500
0 0.644036 0.859000 0.028507 0.045000
0 0.581208 0.786250 0.027382 0.041500
0 0.607464 0.808500 0.029632 0.039000
0 0.630158 0.817000 0.028507 0.041000
0 0.613091 0.771750 0.029632 0.040500
0 0.634846 0.735500 0.031133 0.040000
0 0.652288 0.763000 0.033008 0.038000
0 0.668230 0.810000 0.034134 0.040000
0 0.678357 0.830500 0.037134 0.039000
0 0.616842 0.665250 0.029632 0.040500
0 0.639722 0.697000 0.031133 0.039000
0 0.662791 0.725250 0.030008 0.043500
0 0.683608 0.751500 0.028132 0.037000
0 0.692611 0.778500 0.031133 0.040000
0 0.617029 0.624000 0.034509 0.040000
0 0.581020 0.584750 0.031508 0.041500
0 0.570518 0.557000 0.036009 0.037000
0 0.569017 0.481250 0.028507 0.037500
0 0.579145 0.520000 0.033758 0.040000
0 0.601275 0.550750 0.027007 0.036500
0 0.608027 0.506750 0.031508 0.042500
0 0.616654 0.582500 0.030008 0.040000
0 0.638222 0.514000 0.031133 0.039000
0 0.637284 0.554000 0.029257 0.041000
0 0.659790 0.546500 0.025506 0.040000
0 0.656414 0.591500 0.033008 0.042000
0 0.661478 0.633500 0.034884 0.040000
0 0.646849 0.665500 0.030383 0.042000
0 0.675356 0.688000 0.028132 0.046000
0 0.731433 0.737000 0.030008 0.042000
0 0.709302 0.704250 0.033008 0.038500
0 0.737809 0.687250 0.033758 0.039500
0 0.706677 0.668250 0.024756 0.039500
0 0.700863 0.638000 0.035634 0.039000
0 0.683233 0.605750 0.024381 0.042500
0 0.725056 0.632750 0.030008 0.037500
0 0.746624 0.646750 0.029632 0.040500
0 0.686234 0.562500 0.031133 0.047000
0 0.711178 0.549000 0.030758 0.040000
0 0.722243 0.594500 0.031883 0.043000
0 0.750000 0.605000 0.024381 0.045000
0 0.738935 0.559750 0.025506 0.044500
0 0.757127 0.568000 0.021380 0.039000