0 0.083458 0.291750 0.066392 0.104500
0 0.126219 0.351000 0.055139 0.073000
0 0.165416 0.412250 0.056264 0.072500
0 0.207427 0.412250 0.051763 0.075500
0 0.219055 0.460250 0.054014 0.059500
0 0.112903 0.432000 0.048012 0.071000
0 0.163916 0.479000 0.059265 0.067000
0 0.211740 0.548250 0.049137 0.074500
0 0.241185 0.517500 0.054764 0.073000
0 0.276632 0.503500 0.058140 0.065000
0 0.261628 0.429250 0.053638 0.079500
0 0.327269 0.441750 0.054389 0.078500
0 0.170855 0.344500 0.051388 0.073000
0 0.220743 0.291500 0.053638 0.077000
0 0.264254 0.329000 0.050638 0.076000
0 0.315266 0.363000 0.064141 0.078000
0 0.373218 0.394750 0.059265 0.068500
0 0.385034 0.457500 0.055139 0.075000
0 0.338710 0.516250 0.051763 0.070500
0 0.304014 0.564000 0.052888 0.072000
0 0.265379 0.594500 0.050638 0.075000
0 0.241185 0.617500 0.048012 0.058000
0 0.295574 0.640250 0.044261 0.062500
0 0.327269 0.655500 0.055139 0.059000
0 0.281320 0.675000 0.050263 0.052000
0 0.326707 0.691000 0.047262 0.049000
0 0.290135 0.725250 0.054389 0.054500
0 0.343586 0.721500 0.041260 0.052000
0 0.373406 0.677500 0.046887 0.055000
0 0.385971 0.732250 0.045011 0.063500
0 0.367592 0.791250 0.049512 0.052500
0 0.422543 0.783500 0.049137 0.067000
0 0.413353 0.706250 0.048762 0.065500
0 0.442423 0.663000 0.046887 0.067000
0 0.463991 0.725500 0.047262 0.066000
0 0.481808 0.758750 0.044636 0.053500
0 0.488935 0.612750 0.052138 0.066500
0 0.421980 0.587000 0.045761 0.066000
0 0.402101 0.611500 0.047262 0.059000
0 0.361590 0.572500 0.056264 0.067000
0 0.401350 0.524000 0.056264 0.056000
0 0.440360 0.485750 0.051763 0.067500
0 0.466429 0.550000 0.055889 0.070000
0 0.424419 0.412500 0.057389 0.074000
0 0.403976 0.354250 0.060015 0.074500
0 0.299700 0.291000 0.061515 0.077000
0 0.368342 0.305250 0.057014 0.068500
0 0.344899 0.239500 0.057389 0.066000
0 0.397599 0.238250 0.058515 0.086500
0 0.369842 0.177250 0.064516 0.069500
0 0.309827 0.162000 0.065266 0.084000
0 0.188297 0.134250 0.068267 0.114500
0 0.157352 0.216250 0.063391 0.091500
0 0.233308 0.227500 0.062266 0.093000
0 0.427794 0.126750 0.058140 0.099500
0 0.455364 0.200750 0.061515 0.098500
0 0.445424 0.290750 0.058890 0.080500
0 0.495311 0.302000 0.051388 0.095000
0 0.468867 0.369250 0.052513 0.076500
0 0.482746 0.438000 0.057014 0.073000
0 0.500375 0.504750 0.058515 0.079500
0 0.501875 0.682250 0.054014 0.057500
0 0.518567 0.729250 0.060390 0.064500
0 0.553638 0.672000 0.051763 0.063000
0 0.529632 0.809250 0.055514 0.055500
0 0.579895 0.779750 0.052513 0.053500
0 0.622843 0.744750 0.052888 0.063500
0 0.662603 0.714250 0.052888 0.064500
0 0.674044 0.757750 0.051013 0.065500
0 0.728807 0.750000 0.049512 0.075000
0 0.775694 0.712500 0.050263 0.061000
0 0.773256 0.665000 0.059640 0.066000
0 0.718680 0.684500 0.059265 0.056000
0 0.718117 0.634500 0.053638 0.065000
0 0.655101 0.639250 0.055889 0.069500
0 0.604276 0.628750 0.050263 0.069500
0 0.606902 0.678250 0.050263 0.050500
0 0.529632 0.587500 0.060765 0.067000
0 0.544261 0.620250 0.052513 0.060500
0 0.542011 0.446500 0.058515 0.079000
0 0.563203 0.525250 0.055139 0.079500
0 0.606714 0.547000 0.056639 0.062000
0 0.621155 0.486250 0.060015 0.077500
0 0.648537 0.507250 0.047262 0.069500
0 0.676482 0.581250 0.062641 0.058500
0 0.714929 0.512250 0.060015 0.071500
0 0.756189 0.568250 0.060015 0.071500
0 0.813203 0.608750 0.053263 0.071500
0 0.816017 0.661750 0.046137 0.067500
0 0.873218 0.610500 0.065266 0.070000
0 0.816392 0.534000 0.056639 0.071000
0 0.773818 0.498500 0.057014 0.079000
0 0.725619 0.446500 0.061140 0.072000
0 0.665416 0.435000 0.058515 0.068000
0 0.608590 0.402250 0.054389 0.076500
0 0.528882 0.378250 0.059265 0.076500
0 0.574269 0.340250 0.060015 0.089500
0 0.624906 0.277000 0.067517 0.092000
0 0.653788 0.348250 0.062266 0.072500
0 0.708365 0.377750 0.062641 0.081500
0 0.757314 0.380500 0.053263 0.082000
0 0.746437 0.307750 0.066767 0.084500
0 0.690360 0.274750 0.059640 0.090500
0 0.815641 0.280750 0.072393 0.088500
0 0.860465 0.365500 0.068267 0.098000
0 0.879782 0.399500 0.049137 0.070000
0 0.842648 0.441750 0.064141 0.078500
0 0.869467 0.475250 0.057764 0.078500
0 0.910728 0.559500 0.063766 0.059000
0 0.550075 0.248000 0.034134 0.050000