0 0.091523 0.224000 0.048762 0.069000
0 0.105589 0.288750 0.046137 0.068500
0 0.136909 0.252500 0.049512 0.070000
0 0.174419 0.309750 0.052513 0.060500
0 0.125844 0.339000 0.050638 0.065000
0 0.153226 0.402250 0.047637 0.066500
0 0.116467 0.409750 0.041635 0.065500
0 0.127157 0.467250 0.046512 0.067500
0 0.117217 0.525750 0.046887 0.061500
0 0.184171 0.539750 0.045761 0.062500
0 0.209865 0.576000 0.048387 0.059000
0 0.195049 0.462250 0.041260 0.066500
0 0.238935 0.507000 0.044261 0.071000
0 0.271568 0.547250 0.045761 0.067500
0 0.255064 0.454250 0.048012 0.069500
0 0.238372 0.388750 0.043136 0.066500
0 0.278882 0.406750 0.049137 0.067500
0 0.258627 0.322750 0.045386 0.067500
0 0.300825 0.340750 0.049512 0.065500
0 0.324081 0.385500 0.040510 0.070000
0 0.341523 0.452000 0.039385 0.072000
0 0.371155 0.390250 0.048387 0.066500
0 0.373593 0.331750 0.043511 0.065500
0 0.336084 0.283750 0.051013 0.061500
0 0.274194 0.241000 0.050263 0.073000
0 0.260128 0.179250 0.051388 0.074500
0 0.210615 0.249000 0.045386 0.073000
0 0.061328 0.348250 0.049887 0.082500
0 0.051763 0.409250 0.052513 0.064500
0 0.070518 0.463750 0.050263 0.060500
0 0.256752 0.614000 0.049887 0.065000
0 0.281508 0.665500 0.049887 0.063000
0 0.323143 0.669000 0.046887 0.075000
0 0.320893 0.600500 0.040885 0.070000
0 0.340210 0.528500 0.051013 0.065000
0 0.374719 0.519250 0.039010 0.074500
0 0.399662 0.458500 0.049137 0.063000
0 0.418042 0.519000 0.045386 0.069000
0 0.455176 0.472750 0.043886 0.075500
0 0.481245 0.537000 0.052513 0.072000
0 0.427044 0.584750 0.053638 0.065500
0 0.361965 0.590750 0.045011 0.072500
0 0.397787 0.659000 0.049887 0.067000
0 0.455739 0.646750 0.051763 0.061500
0 0.489497 0.602000 0.050263 0.065000
0 0.333271 0.737750 0.037884 0.062500
0 0.373218 0.720500 0.042011 0.072000
0 0.376219 0.792000 0.050263 0.063000
0 0.425356 0.799750 0.041260 0.068500
0 0.430045 0.746000 0.050638 0.069000
0 0.464741 0.704000 0.048012 0.060000
0 0.493248 0.763750 0.048012 0.070500
0 0.471305 0.817500 0.043136 0.058000
0 0.495686 0.914000 0.040885 0.077000
0 0.517629 0.833500 0.047262 0.069000
0 0.552888 0.860750 0.051763 0.070500
0 0.552138 0.789250 0.050263 0.069500
0 0.526444 0.721250 0.051388 0.065500
0 0.523256 0.653000 0.051013 0.064000
0 0.544074 0.559500 0.050638 0.069000
0 0.572018 0.606250 0.051013 0.067500
0 0.582896 0.693250 0.048762 0.068500
0 0.594524 0.737750 0.050263 0.066500
0 0.639535 0.687750 0.051013 0.069500
0 0.622843 0.528000 0.055139 0.067000
0 0.524006 0.491000 0.051013 0.065000
0 0.578582 0.480500 0.050638 0.071000
0 0.627907 0.440750 0.058515 0.064500
0 0.550450 0.423250 0.057389 0.066500
0 0.455551 0.403000 0.055139 0.073000
0 0.506377 0.394750 0.049512 0.064500
0 0.487997 0.322000 0.044261 0.070000
0 0.444111 0.327750 0.049512 0.063500
0 0.412228 0.285500 0.048762 0.062000
0 0.328207 0.187000 0.048762 0.075000
0 0.379032 0.233000 0.052888 0.063000
0 0.410165 0.176250 0.051388 0.067500
0 0.430045 0.216000 0.052888 0.068000
0 0.469617 0.263500 0.046512 0.071000
0 0.494374 0.205250 0.058515 0.072500
0 0.536572 0.249250 0.055889 0.073500
0 0.581583 0.281000 0.055889 0.071000
0 0.596774 0.353000 0.051763 0.069000
0 0.651913 0.281250 0.056264 0.067500
0 0.744374 0.312000 0.064891 0.069000
0 0.729370 0.384250 0.064891 0.066500
0 0.725994 0.444500 0.063391 0.068000
0 0.698425 0.519500 0.057764 0.077000
0 0.699925 0.596500 0.057014 0.066000
0 0.709490 0.658500 0.054389 0.074000
0 0.772131 0.666750 0.055139 0.069500
0 0.759377 0.597500 0.058140 0.069000
0 0.769505 0.516750 0.053638 0.074500
0 0.831395 0.425750 0.054389 0.079500
0 0.844899 0.356250 0.055889 0.091500
0 0.921605 0.381500 0.050263 0.072000
0 0.885596 0.431750 0.057764 0.075500
0 0.954801 0.467000 0.058890 0.075000
0 0.902476 0.513000 0.052513 0.071000
0 0.842836 0.495750 0.054014 0.069500
0 0.858215 0.560750 0.060015 0.071500
0 0.885221 0.593250 0.056264 0.076500
0 0.807202 0.606250 0.052513 0.074500