0 0.252626 0.615250 0.048387 0.049500
0 0.288447 0.670750 0.048012 0.049500
0 0.319767 0.639500 0.050638 0.049000
0 0.333083 0.694750 0.048012 0.046500
0 0.374906 0.656000 0.051388 0.053000
0 0.376594 0.695500 0.048012 0.044000
0 0.423106 0.636500 0.048762 0.051000
0 0.420855 0.700250 0.047262 0.041500
0 0.418042 0.742000 0.045386 0.047000
0 0.469992 0.642250 0.048762 0.058500
0 0.464179 0.701250 0.048387 0.053500
0 0.471868 0.729250 0.057014 0.041500
0 0.520630 0.674750 0.048012 0.048500
0 0.515379 0.713250 0.051013 0.045500
0 0.565079 0.695250 0.054389 0.051500
0 0.571268 0.645000 0.050263 0.046000
0 0.518005 0.613000 0.051763 0.055000
0 0.627907 0.646000 0.051763 0.057000
0 0.621343 0.688500 0.053638 0.050000
0 0.636159 0.725000 0.055514 0.045000
0 0.668792 0.674000 0.053263 0.061000
0 0.676107 0.625000 0.051388 0.057000
0 0.663166 0.523000 0.057014 0.068000
0 0.606527 0.527500 0.059265 0.059000
0 0.626032 0.581250 0.063766 0.056500
0 0.571455 0.606000 0.057389 0.064000
0 0.543886 0.546500 0.054764 0.059000
0 0.483683 0.575000 0.050638 0.060000
0 0.423481 0.561250 0.063016 0.052500
0 0.388222 0.598750 0.054014 0.052500
0 0.333271 0.588500 0.057389 0.058000
0 0.283008 0.598000 0.050638 0.051000
0 0.196174 0.546000 0.056264 0.053000
0 0.237247 0.511000 0.050638 0.057000
0 0.243248 0.543250 0.041635 0.036500
0 0.283946 0.536250 0.050263 0.051500
0 0.363466 0.529250 0.050263 0.055500
0 0.259190 0.452750 0.056264 0.061500
0 0.265191 0.399750 0.054014 0.069500
0 0.313766 0.420250 0.057389 0.064500
0 0.331020 0.456250 0.055139 0.054500
0 0.380533 0.444750 0.056639 0.068500
0 0.393661 0.479500 0.035634 0.046000
0 0.435859 0.499000 0.060765 0.073000
0 0.471118 0.446750 0.059265 0.067500
0 0.491373 0.509500 0.055514 0.070000
0 0.532633 0.480250 0.060015 0.067500
0 0.422168 0.387000 0.055139 0.065000
0 0.440923 0.332500 0.065641 0.079000
0 0.458365 0.240250 0.063016 0.078500
0 0.530945 0.284250 0.059640 0.089500
0 0.498312 0.357750 0.060390 0.074500
0 0.553076 0.398750 0.070143 0.062500
0 0.590398 0.160500 0.072018 0.096000
0 0.671230 0.194250 0.078395 0.093500
0 0.746999 0.158750 0.082146 0.089500
0 0.605776 0.243000 0.066017 0.087000
0 0.656789 0.290750 0.063766 0.080500
0 0.726369 0.263750 0.076144 0.099500
0 0.827457 0.232250 0.070518 0.088500
0 0.872093 0.319750 0.072018 0.085500
0 0.774006 0.347500 0.074644 0.080000
0 0.581770 0.334250 0.066767 0.079500
0 0.625844 0.404750 0.065641 0.062500
0 0.704989 0.421250 0.076144 0.075500
0 0.797262 0.401000 0.065641 0.075000
0 0.922168 0.422500 0.067142 0.073000
0 0.849962 0.453750 0.063766 0.070500
0 0.778882 0.466750 0.061890 0.069500
0 0.724869 0.449750 0.066392 0.060500
0 0.656414 0.460250 0.066767 0.063500
0 0.590398 0.465250 0.063016 0.072500
0 0.734246 0.534250 0.061890 0.068500
0 0.830270 0.519750 0.064141 0.067500
0 0.731058 0.600000 0.063766 0.055000
0 0.730683 0.658000 0.063016 0.051000
0 0.790698 0.642250 0.063016 0.051500
0 0.807764 0.567750 0.064141 0.056500
0 0.857464 0.602750 0.057014 0.050500
0 0.847899 0.640250 0.056639 0.050500
0 0.892911 0.563500 0.065641 0.055000
0 0.892161 0.601500 0.045386 0.039000
0 0.944861 0.572000 0.055514 0.067000