0 0.205364 0.512000 0.045386 0.062000
0 0.249437 0.515000 0.040510 0.057000
0 0.231808 0.603250 0.040510 0.062500
0 0.266317 0.583500 0.042761 0.064000
0 0.253751 0.656000 0.042386 0.060000
0 0.267254 0.682500 0.049887 0.065000
0 0.295386 0.722500 0.049137 0.057000
0 0.312453 0.757000 0.048012 0.071000
0 0.367967 0.779250 0.053263 0.079500
0 0.359527 0.699500 0.053638 0.069000
0 0.424419 0.752500 0.054389 0.074000
0 0.475056 0.744500 0.049137 0.078000
0 0.448800 0.692250 0.048387 0.064500
0 0.396099 0.640500 0.052513 0.069000
0 0.337209 0.657250 0.051013 0.063500
0 0.297262 0.628750 0.046887 0.063500
0 0.303826 0.571500 0.041260 0.065000
0 0.345086 0.560750 0.051763 0.062500
0 0.385971 0.524250 0.048762 0.063500
0 0.387284 0.590250 0.047637 0.056500
0 0.426294 0.558250 0.047637 0.068500
0 0.457239 0.619250 0.043511 0.068500
0 0.485746 0.665250 0.051763 0.079500
0 0.548575 0.702250 0.049887 0.063500
0 0.587772 0.678750 0.050263 0.069500
0 0.490248 0.580750 0.055514 0.075500
0 0.537697 0.627250 0.054389 0.077500
0 0.587959 0.603250 0.049887 0.071500
0 0.640098 0.636000 0.057389 0.076000
0 0.691110 0.602000 0.060390 0.072000
0 0.690360 0.536750 0.049887 0.070500
0 0.640473 0.570000 0.057389 0.070000
0 0.639535 0.513750 0.053263 0.061500
0 0.590023 0.527750 0.046512 0.068500
0 0.551388 0.559750 0.053263 0.071500
0 0.514441 0.539000 0.049137 0.058000
0 0.461740 0.498000 0.051763 0.059000
0 0.550638 0.495250 0.047262 0.063500
0 0.596962 0.460000 0.050638 0.060000
0 0.648350 0.440750 0.056639 0.066500
0 0.698612 0.448250 0.055139 0.076500
0 0.688297 0.393750 0.052513 0.066500
0 0.715116 0.331750 0.052138 0.066500
0 0.683983 0.299500 0.051388 0.064000
0 0.623218 0.322000 0.047637 0.059000
0 0.658290 0.354500 0.051013 0.065000
0 0.573143 0.347000 0.049512 0.057000
0 0.617592 0.392750 0.051388 0.058500
0 0.571830 0.412750 0.051388 0.070500
0 0.527757 0.382500 0.053263 0.063000
0 0.526257 0.431750 0.051013 0.060500
0 0.473556 0.421250 0.046137 0.062500
0 0.473743 0.366500 0.052513 0.059000
0 0.420293 0.415000 0.043136 0.060000
0 0.423856 0.447000 0.048762 0.062000
0 0.385971 0.468000 0.045761 0.060000
0 0.348275 0.495250 0.050638 0.059500
0 0.294261 0.499000 0.048387 0.061000
0 0.228620 0.430500 0.050638 0.064000
0 0.265191 0.461250 0.046512 0.062500
0 0.317704 0.447500 0.043511 0.058000
0 0.355589 0.422000 0.046512 0.062000
0 0.258065 0.371500 0.049512 0.046000
0 0.280945 0.409250 0.048762 0.048500
0 0.295199 0.355250 0.048012 0.058500
0 0.299512 0.282500 0.046887 0.049000
0 0.327457 0.300500 0.044261 0.059000
0 0.330645 0.368500 0.046137 0.059000
0 0.380158 0.301750 0.044636 0.068500
0 0.379407 0.370500 0.047637 0.059000
0 0.428732 0.352500 0.048012 0.060000
0 0.425731 0.289500 0.046512 0.056000
0 0.462866 0.313250 0.045761 0.063500
0 0.502626 0.276750 0.046512 0.061500
0 0.533571 0.320250 0.042386 0.065500
0 0.579895 0.296250 0.055514 0.059500
0 0.622281 0.246500 0.050263 0.060000
0 0.704239 0.231000 0.054389 0.068000
0 0.697674 0.160750 0.045761 0.053500
0 0.702551 0.116500 0.045011 0.055000
0 0.621155 0.120500 0.052513 0.056000
0 0.647787 0.201250 0.039760 0.058500
0 0.603713 0.190250 0.049887 0.058500
0 0.573706 0.233750 0.045386 0.054500
0 0.526819 0.231000 0.049137 0.060000
0 0.544074 0.116750 0.049887 0.052500
0 0.545574 0.155500 0.045386 0.052000
0 0.493061 0.138500 0.046137 0.058000
0 0.477869 0.200750 0.051013 0.056500
0 0.459490 0.238250 0.048762 0.061500
0 0.417667 0.238250 0.047637 0.061500
0 0.386534 0.209250 0.042386 0.055500
0 0.352963 0.246250 0.051763 0.063500
0 0.755814 0.118500 0.048762 0.062000
0 0.795199 0.155500 0.049512 0.061000
0 0.875469 0.156000 0.057014 0.062000
0 0.923856 0.197500 0.058515 0.070000
0 0.743811 0.179000 0.051763 0.059000
0 0.783758 0.220250 0.052888 0.070500
0 0.831208 0.210750 0.051013 0.063500
0 0.883533 0.238000 0.057389 0.069000
0 0.932858 0.283750 0.057764 0.069500
0 0.850150 0.270000 0.053638 0.071000
0 0.789947 0.270750 0.053263 0.069500
0 0.737059 0.280750 0.055514 0.069500
0 0.769692 0.339250 0.051013 0.070500
0 0.828207 0.346000 0.051013 0.069000
0 0.889910 0.334500 0.055139 0.078000
0 0.743436 0.395000 0.052513 0.067000
0 0.793323 0.414500 0.053263 0.069000
0 0.853901 0.412250 0.052138 0.071500
0 0.812828 0.473250 0.052513 0.073500
0 0.760878 0.457250 0.049887 0.070500
0 0.779820 0.522750 0.061515 0.076500
0 0.745874 0.580000 0.061140 0.074000