0 0.176107 0.635750 0.038635 0.044500
0 0.181920 0.683000 0.045011 0.046000
0 0.207802 0.711250 0.034509 0.043500
0 0.242123 0.728000 0.040885 0.052000
0 0.274944 0.743000 0.032258 0.044000
0 0.214554 0.666250 0.033758 0.046500
0 0.262191 0.691250 0.039760 0.044500
0 0.286759 0.712500 0.034134 0.037000
0 0.322956 0.731500 0.035259 0.043000
0 0.343773 0.774750 0.035634 0.047500
0 0.165416 0.595750 0.039760 0.035500
0 0.206302 0.571750 0.027007 0.040500
0 0.229932 0.578000 0.036759 0.046000
0 0.219430 0.618250 0.036759 0.042500
0 0.257689 0.639500 0.035259 0.051000
0 0.290323 0.633500 0.036009 0.047000
0 0.320705 0.653000 0.036759 0.034000
0 0.316954 0.685750 0.036009 0.040500
0 0.349775 0.684250 0.034884 0.043500
0 0.367779 0.704000 0.035634 0.044000
0 0.381095 0.743500 0.033008 0.044000
0 0.411290 0.732750 0.031883 0.044500
0 0.402663 0.690000 0.025881 0.049000
0 0.379782 0.664750 0.032633 0.040500
0 0.346399 0.628500 0.034884 0.043000
0 0.310203 0.606250 0.034509 0.041500
0 0.335334 0.587750 0.030008 0.045500
0 0.258440 0.565000 0.033758 0.045000
0 0.177419 0.545500 0.033758 0.047000
0 0.175919 0.501500 0.036759 0.053000
0 0.203113 0.522750 0.035634 0.046500
0 0.235184 0.518750 0.037509 0.044500
0 0.274569 0.529000 0.038260 0.048000
0 0.307389 0.544500 0.037884 0.043000
0 0.298387 0.501750 0.036384 0.043500
0 0.331770 0.516250 0.033383 0.040500
0 0.349962 0.547750 0.031508 0.045500
0 0.379595 0.559000 0.034509 0.042000
0 0.369467 0.601250 0.033758 0.042500
0 0.394974 0.625500 0.032258 0.043000
0 0.424606 0.648750 0.035259 0.047500
0 0.456677 0.660250 0.031883 0.046500
0 0.436797 0.686500 0.032633 0.033000
0 0.456864 0.614000 0.030008 0.043000
0 0.438860 0.578750 0.031508 0.039500
0 0.409790 0.581000 0.030383 0.042000
0 0.425356 0.548500 0.034509 0.039000
0 0.419542 0.517500 0.032633 0.037000
0 0.372843 0.520750 0.033758 0.041500
0 0.251688 0.475000 0.036009 0.044000
0 0.223743 0.488750 0.033383 0.038500
0 0.200300 0.464750 0.032258 0.047500
0 0.227682 0.446250 0.038260 0.046500
0 0.247374 0.416250 0.034884 0.040500
0 0.276069 0.437750 0.033758 0.035500
0 0.200300 0.389500 0.037509 0.044000
0 0.237059 0.375500 0.030008 0.037000
0 0.274756 0.397000 0.031133 0.043000
0 0.307202 0.400500 0.036009 0.046000
0 0.339835 0.412500 0.033008 0.043000
0 0.363091 0.435000 0.034509 0.042000
0 0.306639 0.448750 0.033383 0.041500
0 0.342273 0.460500 0.034134 0.037000
0 0.366654 0.471750 0.034884 0.047500
0 0.397224 0.478500 0.033758 0.041000
0 0.444111 0.494250 0.031508 0.044500
0 0.245686 0.302750 0.036759 0.047500
0 0.265004 0.338000 0.031133 0.048000
0 0.292386 0.349250 0.036384 0.042500
0 0.324831 0.356500 0.034509 0.036000
0 0.284696 0.313750 0.032258 0.039500
0 0.315829 0.319750 0.030008 0.037500
0 0.344524 0.326500 0.031133 0.045000
0 0.265566 0.280750 0.036009 0.044500
0 0.296137 0.264750 0.032633 0.042500
0 0.319392 0.280000 0.032633 0.042000
0 0.348462 0.290000 0.032258 0.038000
0 0.312078 0.237000 0.032258 0.044000
0 0.342836 0.233250 0.030008 0.030500
0 0.358402 0.251750 0.032633 0.037500
0 0.380908 0.225750 0.034884 0.034500
0 0.380720 0.275250 0.033758 0.032500
0 0.402663 0.267500 0.032633 0.042000
0 0.395161 0.308500 0.032633 0.043000
0 0.418417 0.296750 0.028882 0.041500
0 0.414479 0.194000 0.029257 0.036000
0 0.437547 0.227250 0.029632 0.044500
0 0.445424 0.204750 0.028132 0.028500
0 0.466054 0.231500 0.027382 0.035000
0 0.445611 0.268750 0.030758 0.049500
0 0.386159 0.356250 0.029632 0.038500
0 0.416354 0.347500 0.030008 0.039000
0 0.409415 0.385750 0.031883 0.040500
0 0.349400 0.388000 0.029632 0.036000
0 0.376969 0.406250 0.033758 0.039500
0 0.404914 0.431000 0.035634 0.040000
0 0.434359 0.440500 0.031508 0.042000
0 0.437734 0.409250 0.030758 0.033500
0 0.460615 0.396750 0.031508 0.040500
0 0.451238 0.354250 0.027757 0.041500
0 0.480308 0.347250 0.034884 0.036500
0 0.454051 0.320000 0.029632 0.038000
0 0.480308 0.312500 0.029632 0.041000
0 0.509002 0.324500 0.028507 0.041000
0 0.514254 0.356750 0.027757 0.033500
0 0.483121 0.386750 0.030008 0.033500
0 0.500938 0.426000 0.025881 0.044000
0 0.476932 0.441250 0.030383 0.040500
0 0.454426 0.462500 0.033383 0.039000
0 0.478807 0.481250 0.031133 0.041500
0 0.508065 0.475750 0.030383 0.035500
0 0.539572 0.468750 0.034134 0.042500
0 0.526257 0.426000 0.029257 0.040000
0 0.454239 0.530750 0.032258 0.040500
0 0.466054 0.565500 0.025881 0.041000
0 0.493436 0.564500 0.032633 0.037000
0 0.486684 0.622500 0.029632 0.043000
0 0.536947 0.619500 0.033383 0.046000
0 0.557389 0.616000 0.024006 0.039000
0 0.578770 0.602250 0.027757 0.040500
0 0.563391 0.582500 0.028507 0.045000
0 0.532071 0.576250 0.025131 0.046500
0 0.527007 0.531750 0.030758 0.036500
0 0.486309 0.529750 0.028882 0.040500
0 0.548200 0.529000 0.025131 0.041000
0 0.584021 0.557500 0.033758 0.041000
0 0.606527 0.597500 0.024006 0.035000
0 0.602963 0.633500 0.025131 0.035000
0 0.629595 0.600500 0.026632 0.043000
0 0.654164 0.623750 0.030008 0.037500
0 0.689610 0.613000 0.028882 0.038000
0 0.711553 0.610750 0.023256 0.038500
0 0.687359 0.581250 0.029632 0.035500
0 0.659040 0.575750 0.029257 0.035500
0 0.635409 0.546750 0.028507 0.037500
0 0.614591 0.559750 0.029632 0.040500
0 0.562078 0.494750 0.029632 0.046500
0 0.578770 0.485500 0.021755 0.039000
0 0.596962 0.513750 0.028132 0.043500
0 0.625281 0.523250 0.029257 0.038500
0 0.655101 0.527250 0.027382 0.038500
0 0.679857 0.543750 0.030383 0.038500
0 0.714741 0.554000 0.026632 0.038000
0 0.539947 0.386500 0.030383 0.033000
0 0.574081 0.385250 0.031133 0.039500
0 0.563578 0.435750 0.031883 0.039500
0 0.591898 0.448750 0.027007 0.045500
0 0.615716 0.467750 0.031883 0.047500
0 0.635221 0.457750 0.026632 0.040500
0 0.646662 0.495250 0.028507 0.040500
0 0.669167 0.493750 0.022506 0.041500
0 0.701050 0.494500 0.026257 0.037000
0 0.706302 0.488000 0.023256 0.052000
0 0.682108 0.467250 0.026632 0.034500
0 0.720743 0.529750 0.022881 0.038500
0 0.621905 0.426750 0.034509 0.032500
0 0.594149 0.409500 0.029257 0.039000
0 0.589272 0.367000 0.024756 0.035000
0 0.546324 0.353250 0.030383 0.040500
0 0.535446 0.311750 0.027382 0.040500
0 0.561515 0.327500 0.026257 0.041000
0 0.585521 0.334500 0.026257 0.039000
0 0.613091 0.338500 0.028132 0.039000
0 0.635221 0.364250 0.031133 0.029500
0 0.635596 0.385500 0.030383 0.035000
0 0.653413 0.414000 0.027007 0.038000
0 0.677419 0.427000 0.025506 0.040000
0 0.668792 0.395750 0.028507 0.029500
0 0.700300 0.409000 0.027757 0.040000
0 0.703301 0.445500 0.024756 0.039000
0 0.478245 0.270750 0.029257 0.037500
0 0.508440 0.281750 0.031133 0.042500
0 0.531883 0.275000 0.030008 0.040000
0 0.490810 0.253250 0.026632 0.029500
0 0.494186 0.224750 0.024381 0.033500
0 0.520818 0.239250 0.025881 0.042500
0 0.530008 0.227000 0.027007 0.027000
0 0.545199 0.248750 0.029632 0.035500
0 0.565641 0.278250 0.030008 0.039500
0 0.594711 0.274500 0.025881 0.043000
0 0.614779 0.267000 0.023256 0.040000
0 0.612341 0.307750 0.027382 0.031500
0 0.563578 0.221000 0.025131 0.040000
0 0.587209 0.233250 0.025131 0.039500
0 0.582708 0.208250 0.022131 0.034500
0 0.516129 0.199250 0.025506 0.035500
0 0.496624 0.185750 0.031508 0.035500
0 0.513503 0.166000 0.027007 0.029000
0 0.538822 0.109750 0.031133 0.037500
0 0.557764 0.127750 0.027007 0.034500
0 0.541823 0.167750 0.026632 0.037500
0 0.559452 0.175750 0.022881 0.037500
0 0.589835 0.169000 0.026632 0.037000
0 0.583458 0.129750 0.022881 0.034500
0 0.606527 0.098250 0.029257 0.035500
0 0.611403 0.135000 0.025506 0.028000
0 0.620968 0.151000 0.022131 0.040000
0 0.632971 0.136250 0.021380 0.031500
0 0.659227 0.144250 0.020630 0.037500
0 0.647037 0.162250 0.024756 0.031500
0 0.647224 0.176500 0.024381 0.036000
0 0.615529 0.206250 0.027007 0.035500
0 0.643286 0.222250 0.023256 0.036500
0 0.626032 0.236750 0.030758 0.029500
0 0.663166 0.195750 0.026257 0.035500
0 0.693548 0.197000 0.026257 0.031000
0 0.683608 0.228750 0.022881 0.035500
0 0.729932 0.209000 0.030008 0.034000
0 0.737434 0.240500 0.025506 0.030000
0 0.706489 0.253250 0.025881 0.038500
0 0.688672 0.268500 0.025506 0.033000
0 0.663728 0.248750 0.025131 0.035500
0 0.650600 0.262500 0.028132 0.033000
0 0.666542 0.290000 0.024756 0.032000
0 0.642911 0.300750 0.029257 0.038500
0 0.729182 0.276250 0.027007 0.040500
0 0.745686 0.292750 0.022506 0.034500
0 0.693548 0.309000 0.023256 0.036000
0 0.727307 0.315750 0.026257 0.033500
0 0.749062 0.332000 0.022506 0.036000
0 0.759377 0.323250 0.025131 0.030500
0 0.667292 0.318750 0.024756 0.030500
0 0.668792 0.346000 0.030758 0.036000
0 0.699925 0.339500 0.027007 0.026000
0 0.702738 0.364750 0.025881 0.035500
0 0.718305 0.389500 0.027007 0.035000
0 0.730683 0.360500 0.026257 0.036000
0 0.748500 0.369750 0.019880 0.037500
0 0.757877 0.361250 0.022131 0.030500
0 0.777944 0.387250 0.025506 0.032500
0 0.753376 0.411000 0.027382 0.034000
0 0.740435 0.426500 0.025506 0.037000
0 0.713428 0.420500 0.022506 0.031000
0 0.729182 0.448250 0.025506 0.040500
0 0.754689 0.461000 0.024006 0.038000
0 0.736122 0.484500 0.026632 0.035000
0 0.748875 0.516000 0.021380 0.036000
0 0.746249 0.553250 0.026632 0.030500
0 0.734059 0.586250 0.029257 0.035500
0 0.759377 0.595000 0.023631 0.036000
0 0.742311 0.622750 0.021755 0.035500
0 0.717554 0.657500 0.029257 0.036000
0 0.745311 0.653250 0.020255 0.028500
0 0.783571 0.636750 0.035259 0.032500
0 0.820705 0.641250 0.022506 0.041500
0 0.858027 0.615750 0.020630 0.034500
0 0.781695 0.568250 0.027007 0.039500
0 0.818267 0.577500 0.026632 0.039000
0 0.831770 0.596500 0.027382 0.035000
0 0.841335 0.586000 0.022506 0.030000
0 0.815641 0.535750 0.024381 0.036500
0 0.832521 0.552250 0.022881 0.035500
0 0.861215 0.560000 0.027007 0.034000
0 0.839460 0.524500 0.026257 0.037000
0 0.773818 0.531250 0.024756 0.038500
0 0.782446 0.492500 0.022506 0.039000
0 0.796137 0.507500 0.021380 0.035000
0 0.803451 0.493000 0.021005 0.038000
0 0.821643 0.490250 0.022131 0.032500
0 0.845461 0.491750 0.024006 0.032500
0 0.777569 0.460750 0.027007 0.031500
0 0.799325 0.458500 0.024006 0.036000
0 0.814141 0.465000 0.017629 0.023000
0 0.777569 0.435750 0.029257 0.029500
0 0.788822 0.412500 0.023256 0.031000
0 0.814516 0.398000 0.025131 0.034000
0 0.638222 0.327250 0.026632 0.031500