0 0.074269 0.119750 0.061515 0.090500
0 0.066392 0.160000 0.063016 0.074000
0 0.114216 0.205000 0.059640 0.080000
0 0.162416 0.196750 0.057014 0.079500
0 0.215679 0.143250 0.063016 0.087500
0 0.147974 0.051750 0.070893 0.102500
0 0.228807 0.063000 0.069017 0.103000
0 0.300638 0.145000 0.065641 0.079000
0 0.352026 0.086000 0.061140 0.091000
0 0.409227 0.093000 0.059265 0.091000
0 0.477682 0.050250 0.066392 0.099500
0 0.459865 0.146500 0.061515 0.093000
0 0.515191 0.162500 0.054389 0.103000
0 0.483871 0.238500 0.050263 0.086000
0 0.413728 0.215750 0.060765 0.081500
0 0.375469 0.162250 0.060765 0.076500
0 0.263316 0.186500 0.054764 0.084000
0 0.317704 0.223500 0.063766 0.088000
0 0.381470 0.262500 0.060015 0.079000
0 0.433233 0.291500 0.059265 0.085000
0 0.391035 0.332500 0.055889 0.082000
0 0.328020 0.312750 0.058140 0.086500
0 0.259190 0.291250 0.053263 0.089500
0 0.201988 0.270250 0.055139 0.088500
0 0.157914 0.270000 0.056264 0.086000
0 0.104276 0.295000 0.054764 0.080000
0 0.154351 0.345500 0.056639 0.073000
0 0.212303 0.326500 0.056264 0.066000
0 0.238560 0.390750 0.053263 0.075500
0 0.273631 0.376500 0.058140 0.073000
0 0.207052 0.428000 0.051013 0.080000
0 0.262191 0.477250 0.051763 0.074500
0 0.238935 0.501000 0.047262 0.056000
0 0.292761 0.525000 0.049887 0.061000
0 0.329332 0.538500 0.058515 0.065000
0 0.303638 0.442500 0.054389 0.075000
0 0.338147 0.390000 0.058140 0.077000
0 0.361778 0.457250 0.052888 0.068500
0 0.402851 0.498750 0.048012 0.065500
0 0.426294 0.477250 0.049137 0.068500
0 0.404164 0.407500 0.053638 0.065000
0 0.446737 0.367500 0.053263 0.073000
0 0.474681 0.436500 0.058890 0.074000
0 0.494749 0.500500 0.055514 0.069000
0 0.540323 0.474500 0.061140 0.074000
0 0.552701 0.510000 0.053638 0.062000
0 0.563203 0.572500 0.048387 0.066000
0 0.447674 0.551000 0.049887 0.075000
0 0.504501 0.573500 0.051013 0.057000
0 0.521380 0.623250 0.054764 0.065500
0 0.469617 0.616250 0.051013 0.065500
0 0.483308 0.652500 0.047637 0.053000
0 0.415604 0.598750 0.045011 0.066500
0 0.373031 0.567250 0.048387 0.060500
0 0.277757 0.560000 0.054389 0.055000
0 0.326144 0.576750 0.050638 0.052500
0 0.341523 0.613750 0.043886 0.048500
0 0.384846 0.624000 0.045011 0.062000
0 0.289197 0.612500 0.053263 0.056000
0 0.366654 0.681500 0.049887 0.051000
0 0.421605 0.672750 0.054764 0.064500
0 0.532446 0.704250 0.052138 0.061500
0 0.584209 0.675000 0.052888 0.057000
0 0.627907 0.640750 0.060015 0.061500
0 0.614404 0.572750 0.051013 0.055500
0 0.616842 0.519750 0.052888 0.071500
0 0.670855 0.535000 0.049137 0.078000
0 0.582146 0.414250 0.057014 0.076500
0 0.622468 0.439250 0.058140 0.063500
0 0.510315 0.388500 0.062641 0.080000
0 0.491748 0.318000 0.056264 0.076000
0 0.552701 0.322500 0.060390 0.085000
0 0.546699 0.249500 0.062641 0.086000
0 0.595086 0.206500 0.058890 0.099000
0 0.630533 0.279250 0.054764 0.087500
0 0.640285 0.372250 0.064516 0.081500
0 0.664854 0.397250 0.058890 0.074500
0 0.691110 0.474000 0.061140 0.068000
0 0.672168 0.609250 0.059265 0.066500
0 0.682296 0.659750 0.051763 0.060500
0 0.737059 0.650500 0.052513 0.071000
0 0.730870 0.585500 0.061890 0.058000
0 0.786572 0.618250 0.055514 0.065500
0 0.788635 0.562750 0.062641 0.072500
0 0.732746 0.531250 0.054389 0.068500
0 0.831583 0.565750 0.052513 0.066500
0 0.830833 0.506500 0.063766 0.074000
0 0.898725 0.510500 0.067517 0.075000
0 0.777757 0.462250 0.062641 0.077500
0 0.737059 0.402000 0.065266 0.072000
0 0.799887 0.392250 0.060390 0.076500
0 0.836272 0.430750 0.056639 0.077500
0 0.752063 0.332500 0.064516 0.080000
0 0.687922 0.315000 0.061515 0.069000
0 0.681920 0.222000 0.069017 0.083000
0 0.736684 0.254750 0.068267 0.088500
0 0.783946 0.265000 0.051763 0.088000
0 0.878845 0.328500 0.069017 0.084000
0 0.898537 0.368750 0.061140 0.082500
0 0.933046 0.464750 0.061140 0.060500
0 0.903226 0.239750 0.077269 0.103500
0 0.909977 0.284500 0.061515 0.064000
0 0.785259 0.180500 0.069392 0.089000
0 0.860278 0.151250 0.070143 0.098500
0 0.726557 0.142750 0.064516 0.098500
0 0.659040 0.137500 0.063766 0.104000
0 0.564141 0.134250 0.031508 0.056500