0 0.116467 0.836000 0.040885 0.061000
0 0.173481 0.743000 0.044636 0.053000
0 0.169730 0.775750 0.040135 0.048500
0 0.165979 0.823750 0.041635 0.052500
0 0.161103 0.865250 0.051388 0.049500
0 0.202363 0.800500 0.042386 0.055000
0 0.226557 0.841750 0.043511 0.050500
0 0.226369 0.763750 0.046137 0.049500
0 0.213053 0.729250 0.043511 0.056500
0 0.226369 0.629750 0.052888 0.051500
0 0.281133 0.840000 0.040885 0.051000
0 0.331395 0.830750 0.040135 0.054500
0 0.312641 0.781000 0.044636 0.047000
0 0.292386 0.733750 0.046887 0.049500
0 0.331583 0.723750 0.047262 0.056500
0 0.311703 0.658250 0.048012 0.052500
0 0.297449 0.605250 0.048012 0.065500
0 0.290885 0.545500 0.045386 0.060000
0 0.300638 0.504750 0.046887 0.060500
0 0.318830 0.441000 0.046512 0.071000
0 0.394036 0.362750 0.054389 0.058500
0 0.392536 0.425250 0.050638 0.057500
0 0.358027 0.480750 0.042386 0.062500
0 0.340960 0.539500 0.048762 0.058000
0 0.374906 0.577500 0.047637 0.057000
0 0.369842 0.643000 0.041260 0.053000
0 0.403226 0.633250 0.048762 0.056500
0 0.377907 0.697000 0.043136 0.055000
0 0.413728 0.672250 0.045761 0.055500
0 0.380345 0.748750 0.040510 0.058500
0 0.368155 0.800750 0.043136 0.055500
0 0.373968 0.836500 0.042011 0.053000
0 0.405851 0.834500 0.042011 0.050000
0 0.435484 0.865250 0.040510 0.051500
0 0.449925 0.813000 0.038635 0.054000
0 0.420668 0.775250 0.042386 0.052500
0 0.414291 0.730750 0.045386 0.059500
0 0.417104 0.567750 0.046512 0.058500
0 0.415229 0.487250 0.051013 0.065500
0 0.448050 0.521500 0.048387 0.062000
0 0.449550 0.427250 0.047637 0.058500
0 0.441110 0.354500 0.051013 0.064000
0 0.458740 0.280000 0.045761 0.069000
0 0.496062 0.356750 0.046137 0.061500
0 0.532821 0.302000 0.052888 0.067000
0 0.560578 0.251500 0.049887 0.069000
0 0.606714 0.202500 0.053638 0.073000
0 0.589085 0.302250 0.048387 0.059500
0 0.540135 0.362500 0.050263 0.063000
0 0.507689 0.418000 0.052138 0.067000
0 0.485934 0.465000 0.052138 0.059000
0 0.535821 0.467750 0.046887 0.055500
0 0.510878 0.518000 0.048012 0.050000
0 0.511628 0.575000 0.046512 0.061000
0 0.469055 0.604750 0.046887 0.049500
0 0.458927 0.652250 0.044636 0.057500
0 0.502626 0.637750 0.050263 0.052500
0 0.463991 0.696250 0.041260 0.052500
0 0.512378 0.676000 0.043511 0.049000
0 0.500938 0.722250 0.041635 0.059500
0 0.476182 0.761250 0.045386 0.055500
0 0.487809 0.820000 0.045386 0.050000
0 0.483496 0.873250 0.044261 0.045500
0 0.525694 0.862500 0.038635 0.051000
0 0.531508 0.802250 0.038260 0.053500
0 0.571268 0.838750 0.046512 0.048500
0 0.552138 0.777750 0.042011 0.052500
0 0.593023 0.785750 0.036759 0.058500
0 0.535821 0.716750 0.042386 0.063500
0 0.597524 0.739000 0.046512 0.059000
0 0.638972 0.753000 0.047637 0.053000
0 0.546137 0.645000 0.047262 0.057000
0 0.588522 0.684500 0.044261 0.055000
0 0.626219 0.688000 0.042386 0.053000
0 0.581583 0.619250 0.045386 0.049500
0 0.559827 0.559750 0.045386 0.057500
0 0.562266 0.509000 0.042011 0.065000
0 0.613091 0.583000 0.040135 0.065000
0 0.648537 0.646250 0.047262 0.051500
0 0.654914 0.586750 0.044261 0.059500
0 0.609527 0.518500 0.045011 0.055000
0 0.657727 0.532500 0.046137 0.052000
0 0.567892 0.428250 0.043511 0.061500
0 0.596024 0.464250 0.044261 0.060500
0 0.640660 0.486250 0.047262 0.053500
0 0.691110 0.640500 0.038635 0.053000
0 0.702926 0.600000 0.045011 0.063000
0 0.742498 0.612500 0.044636 0.059000
0 0.719617 0.534250 0.042386 0.062500
0 0.763503 0.550500 0.045386 0.048000
0 0.596587 0.360000 0.047637 0.061000
0 0.622468 0.410750 0.043886 0.061500
0 0.638972 0.313000 0.047637 0.059000
0 0.665229 0.220500 0.050638 0.066000
0 0.689797 0.269750 0.045761 0.075500
0 0.656039 0.375000 0.045761 0.065000
0 0.661478 0.434000 0.046137 0.064000
0 0.694486 0.464500 0.046887 0.055000
0 0.705926 0.408750 0.040510 0.069500
0 0.694486 0.338750 0.044636 0.067500
0 0.707989 0.075000 0.049137 0.077000
0 0.734434 0.154250 0.044261 0.066500
0 0.769692 0.101500 0.054764 0.073000
0 0.846587 0.119500 0.052513 0.077000
0 0.785446 0.185750 0.049512 0.070500
0 0.850713 0.187500 0.054014 0.065000
0 0.735934 0.233000 0.049512 0.063000
0 0.785446 0.255000 0.051013 0.066000
0 0.852026 0.259250 0.052888 0.075500
0 0.737622 0.297500 0.052888 0.060000
0 0.737622 0.361750 0.048387 0.065500
0 0.792198 0.319250 0.048012 0.071500
0 0.852776 0.329500 0.052138 0.073000
0 0.784884 0.383500 0.052888 0.062000
0 0.756939 0.432000 0.051013 0.065000
0 0.793698 0.453500 0.042761 0.065000
0 0.849025 0.418000 0.043136 0.067000
0 0.752813 0.502500 0.051013 0.065000
0 0.795949 0.507250 0.047262 0.061500