0 0.089835 0.577750 0.064891 0.069500
0 0.123593 0.637500 0.042386 0.068000
0 0.139347 0.710000 0.051388 0.069000
0 0.159977 0.777000 0.059640 0.065000
0 0.204239 0.843750 0.050638 0.064500
0 0.249250 0.858750 0.055889 0.059500
0 0.322393 0.813750 0.052138 0.077500
0 0.234621 0.754500 0.050638 0.062000
0 0.284884 0.746250 0.056639 0.058500
0 0.342461 0.746750 0.050263 0.061500
0 0.386347 0.768000 0.047262 0.075000
0 0.422918 0.750750 0.050638 0.063500
0 0.388597 0.701750 0.051013 0.060500
0 0.453488 0.697000 0.054014 0.065000
0 0.473556 0.800000 0.047637 0.073000
0 0.162603 0.652250 0.062641 0.065500
0 0.222806 0.667250 0.044261 0.060500
0 0.262753 0.658500 0.055139 0.064000
0 0.341898 0.666750 0.051388 0.062500
0 0.496062 0.643500 0.051388 0.071000
0 0.457802 0.583000 0.052138 0.063000
0 0.496062 0.548250 0.058140 0.072500
0 0.434734 0.535250 0.054764 0.081500
0 0.411478 0.611750 0.051763 0.071500
0 0.375844 0.554500 0.051013 0.068000
0 0.358027 0.603000 0.054389 0.071000
0 0.300450 0.606750 0.050263 0.057500
0 0.316392 0.561500 0.060390 0.075000
0 0.233496 0.617500 0.057389 0.069000
0 0.154726 0.593000 0.070893 0.070000
0 0.213991 0.561500 0.058890 0.076000
0 0.267629 0.529500 0.057389 0.070000
0 0.140285 0.521500 0.061515 0.072000
0 0.196924 0.471750 0.062266 0.074500
0 0.099587 0.432750 0.060390 0.072500
0 0.123031 0.385250 0.069017 0.083500
0 0.178357 0.321250 0.064141 0.082500
0 0.193361 0.398500 0.066392 0.082000
0 0.243811 0.447500 0.053263 0.069000
0 0.262191 0.363750 0.063766 0.087500
0 0.317892 0.419250 0.052888 0.075500
0 0.339460 0.483750 0.057764 0.072500
0 0.398912 0.464750 0.055139 0.074500
0 0.320330 0.343250 0.061515 0.078500
0 0.367779 0.376000 0.054389 0.091000
0 0.412791 0.400250 0.059640 0.076500
0 0.474681 0.477000 0.052138 0.081000
0 0.483496 0.383000 0.056264 0.081000
0 0.235746 0.294000 0.064141 0.080000
0 0.320143 0.264250 0.065641 0.082500
0 0.381845 0.261250 0.056264 0.079500
0 0.419730 0.306500 0.068267 0.081000
0 0.489310 0.302250 0.057389 0.074500
0 0.280758 0.185000 0.067142 0.087000
0 0.359527 0.182750 0.067142 0.087500
0 0.381283 0.103500 0.063391 0.088000
0 0.425544 0.169750 0.056639 0.085500
0 0.460990 0.238500 0.058515 0.082000
0 0.489310 0.095750 0.059640 0.085500
0 0.483871 0.176250 0.063766 0.076500
0 0.534884 0.137750 0.051763 0.079500
0 0.637659 0.087250 0.056264 0.082500
0 0.716242 0.142500 0.061140 0.077000
0 0.650600 0.168750 0.055139 0.079500
0 0.595649 0.172500 0.061515 0.080000
0 0.516692 0.236750 0.060390 0.078500
0 0.578207 0.253500 0.062641 0.083000
0 0.645161 0.248500 0.059265 0.083000
0 0.695986 0.224250 0.054389 0.075500
0 0.611215 0.317000 0.056639 0.077000
0 0.684921 0.297000 0.063016 0.077000
0 0.759940 0.279750 0.057764 0.087500
0 0.824831 0.273000 0.069767 0.082000
0 0.784884 0.356750 0.055139 0.078500
0 0.708927 0.357750 0.057764 0.071500
0 0.656039 0.368750 0.058515 0.071500
0 0.566204 0.369500 0.068642 0.078000
0 0.564516 0.428250 0.053263 0.067500
0 0.524944 0.475500 0.057389 0.064000
0 0.624906 0.435000 0.057014 0.072000
0 0.681920 0.447500 0.044261 0.080000
0 0.763691 0.434750 0.053263 0.079500
0 0.828207 0.401500 0.059265 0.078000
0 0.839647 0.439750 0.051388 0.073500
0 0.799512 0.494500 0.058140 0.076000
0 0.734621 0.488000 0.061890 0.070000
0 0.595274 0.500750 0.053263 0.070500
0 0.634471 0.518500 0.044636 0.063000
0 0.697487 0.534000 0.057389 0.074000
0 0.746249 0.546750 0.055139 0.069500
0 0.559640 0.557000 0.056264 0.075000
0 0.599400 0.597000 0.054014 0.071000
0 0.834771 0.569250 0.055139 0.069500
0 0.806077 0.611250 0.045011 0.051500
0 0.758815 0.594750 0.051763 0.061500
0 0.520443 0.600750 0.052138 0.065500
0 0.509940 0.734500 0.049887 0.062000
0 0.563578 0.709000 0.053638 0.064000
0 0.604651 0.650500 0.051763 0.068000
0 0.661665 0.679000 0.049512 0.069000
0 0.724494 0.643250 0.046887 0.067500
0 0.756377 0.664000 0.045386 0.070000
0 0.819955 0.703250 0.049512 0.066500
0 0.734246 0.748500 0.049887 0.074000
0 0.674606 0.760250 0.052888 0.063500
0 0.677607 0.799500 0.049887 0.047000
0 0.627344 0.746500 0.050638 0.062000
0 0.606714 0.771500 0.034884 0.044000
0 0.570705 0.748500 0.052888 0.063000
0 0.527944 0.789500 0.054389 0.062000
0 0.568455 0.810250 0.044636 0.057500
0 0.525506 0.850250 0.059265 0.058500