0 0.161429 0.146500 0.030303 0.055000
0 0.202581 0.150500 0.037037 0.056000
0 0.232884 0.176000 0.039282 0.055000
0 0.217172 0.219000 0.034044 0.048000
0 0.246914 0.229500 0.041900 0.058000
0 0.174523 0.214750 0.032548 0.050500
0 0.185933 0.260750 0.035166 0.056500
0 0.203517 0.313000 0.038908 0.057000
0 0.242798 0.279750 0.033670 0.050500
0 0.272914 0.295000 0.034792 0.055000
0 0.289001 0.239500 0.031799 0.057000
0 0.279835 0.169000 0.039656 0.058000
0 0.246165 0.119750 0.041900 0.053500
0 0.285447 0.115000 0.038159 0.061000
0 0.334830 0.120750 0.039656 0.059500
0 0.327535 0.177000 0.034044 0.059000
0 0.366442 0.167000 0.035541 0.057000
0 0.413580 0.152750 0.037037 0.062500
0 0.398990 0.205500 0.035541 0.051000
0 0.368313 0.245250 0.036289 0.054500
0 0.323793 0.232500 0.037037 0.050000
0 0.310513 0.283250 0.039656 0.053500
0 0.350917 0.288250 0.041900 0.057500
0 0.243360 0.333750 0.038533 0.044500
0 0.178451 0.339750 0.039656 0.051500
0 0.191171 0.395500 0.031425 0.055000
0 0.222783 0.381750 0.040030 0.047500
0 0.271792 0.372000 0.040778 0.053000
0 0.291059 0.331500 0.041900 0.055000
0 0.332398 0.335000 0.034792 0.056000
0 0.388141 0.309250 0.038533 0.055500
0 0.369996 0.366250 0.038159 0.051500
0 0.337823 0.395000 0.033670 0.055000
0 0.304340 0.399250 0.039282 0.050500
0 0.272353 0.422000 0.039656 0.052000
0 0.195660 0.444250 0.038159 0.052500
0 0.228956 0.461500 0.040404 0.056000
0 0.208380 0.494250 0.038159 0.054500
0 0.246914 0.522750 0.038908 0.044500
0 0.275533 0.476000 0.041526 0.056000
0 0.308081 0.449250 0.037785 0.053500
0 0.311448 0.504000 0.039282 0.056000
0 0.284325 0.532000 0.039656 0.054000
0 0.235690 0.568000 0.038159 0.047000
0 0.226337 0.626250 0.035166 0.051500
0 0.236064 0.669000 0.038908 0.063000
0 0.261691 0.678000 0.035541 0.051000
0 0.260756 0.733500 0.041152 0.050000
0 0.267490 0.772500 0.037411 0.045000
0 0.301534 0.790250 0.041152 0.053500
0 0.302656 0.737000 0.035166 0.054000
0 0.300599 0.685000 0.039282 0.045000
0 0.331837 0.714500 0.038159 0.052000
0 0.275159 0.616000 0.036289 0.051000
0 0.275907 0.573750 0.035541 0.047500
0 0.314254 0.566250 0.032174 0.055500
0 0.318743 0.605250 0.032174 0.046500
0 0.338384 0.551000 0.037037 0.053000
0 0.347550 0.596000 0.033670 0.057000
0 0.335952 0.648250 0.044145 0.056500
0 0.363823 0.682750 0.035541 0.055500
0 0.384774 0.720250 0.040030 0.042500
0 0.401048 0.679500 0.043397 0.057000
0 0.352974 0.761500 0.039282 0.051000
0 0.342873 0.798750 0.034044 0.050500
0 0.272540 0.828500 0.040030 0.052000
0 0.324355 0.858000 0.035915 0.052000
0 0.359147 0.862500 0.035166 0.052000
0 0.378040 0.815500 0.037785 0.058000
0 0.395436 0.868500 0.034418 0.056000
0 0.395436 0.766750 0.042649 0.057500
0 0.417321 0.811500 0.043771 0.051000
0 0.436588 0.850500 0.041152 0.054000
0 0.456603 0.800500 0.040778 0.044000
0 0.432847 0.762500 0.035166 0.057000
0 0.430602 0.708750 0.034418 0.050500
0 0.378227 0.629000 0.038159 0.054000
0 0.386083 0.577250 0.038908 0.052500
0 0.414890 0.622000 0.038908 0.048000
0 0.439394 0.662000 0.032548 0.057000
0 0.352787 0.493500 0.041152 0.048000
0 0.383277 0.528250 0.034044 0.049500
0 0.384212 0.473250 0.044145 0.054500
0 0.418070 0.517000 0.035541 0.052000
0 0.355406 0.441000 0.035915 0.052000
0 0.386831 0.419500 0.038908 0.056000
0 0.403105 0.355250 0.040778 0.055500
0 0.425178 0.411250 0.036289 0.058500
0 0.427609 0.464500 0.038159 0.049000
0 0.456977 0.432250 0.037037 0.048500
0 0.447250 0.377000 0.040778 0.055000
0 0.439955 0.320250 0.041900 0.046500
0 0.406472 0.253000 0.040030 0.054000
0 0.435840 0.225500 0.041152 0.054000
0 0.449121 0.277000 0.035541 0.054000
0 0.479985 0.304750 0.036663 0.054500
0 0.482978 0.161750 0.039656 0.059500
0 0.514216 0.212250 0.039282 0.049500
0 0.501309 0.261750 0.039656 0.048500
0 0.528432 0.303500 0.038533 0.056000
0 0.571642 0.271250 0.044893 0.050500
0 0.572204 0.338500 0.039282 0.053000
0 0.609802 0.318000 0.038908 0.061000
0 0.638608 0.362000 0.042649 0.059000
0 0.529742 0.358500 0.040404 0.057000
0 0.556491 0.390000 0.039282 0.052000
0 0.488964 0.384750 0.036663 0.057500
0 0.520576 0.420000 0.038533 0.066000
0 0.495698 0.457500 0.041900 0.056000
0 0.555181 0.449000 0.036663 0.048000
0 0.600075 0.382750 0.042649 0.053500
0 0.595024 0.437750 0.043023 0.054500
0 0.635802 0.431500 0.037785 0.054000
0 0.676955 0.411000 0.040778 0.056000
0 0.624766 0.491750 0.037411 0.049500
0 0.586420 0.493000 0.038533 0.055000
0 0.546577 0.507250 0.039656 0.050500
0 0.497755 0.513000 0.036289 0.054000
0 0.459409 0.555500 0.036663 0.056000
0 0.424055 0.567750 0.040778 0.052500
0 0.448934 0.608750 0.038159 0.047500
0 0.476244 0.651250 0.037411 0.053500
0 0.499626 0.615750 0.041526 0.047500
0 0.498691 0.563250 0.037411 0.046500
0 0.536663 0.553750 0.040030 0.053500
0 0.546016 0.608250 0.040030 0.052500
0 0.581182 0.585500 0.040030 0.054000
0 0.583427 0.539500 0.043771 0.050000
0 0.632810 0.549000 0.042275 0.057000
0 0.622709 0.595000 0.040030 0.050000
0 0.533296 0.666500 0.038533 0.056000
0 0.509353 0.703000 0.036289 0.054000
0 0.468013 0.707750 0.038159 0.054500
0 0.468575 0.762000 0.040778 0.056000
0 0.492518 0.795750 0.034044 0.057500
0 0.512159 0.841500 0.037411 0.052000
0 0.475870 0.851750 0.038159 0.057500
0 0.547325 0.821750 0.035915 0.051500
0 0.515339 0.752250 0.040030 0.052500
0 0.550879 0.778000 0.040030 0.055000
0 0.583801 0.812250 0.041526 0.048500
0 0.587168 0.764500 0.040778 0.045000
0 0.546203 0.723750 0.037411 0.050500
0 0.576319 0.671250 0.037785 0.061500
0 0.602319 0.719750 0.038159 0.047500
0 0.611298 0.653250 0.041900 0.051500
0 0.652076 0.660500 0.042649 0.058000
0 0.642349 0.711000 0.037411 0.055000
0 0.655817 0.759000 0.036663 0.054000
0 0.625514 0.808750 0.041152 0.051500
0 0.683689 0.727000 0.039282 0.062000
0 0.706510 0.678750 0.039282 0.055500
0 0.686495 0.624250 0.043397 0.055500
0 0.726712 0.621000 0.034044 0.059000
0 0.681444 0.566750 0.040030 0.051500
0 0.666480 0.512500 0.040778 0.054000
0 0.670969 0.464250 0.046764 0.051500
0 0.713244 0.467250 0.041526 0.057500
0 0.710251 0.516500 0.042275 0.049000
0 0.729330 0.560250 0.036289 0.058500