0 0.091898 0.338250 0.054014 0.080500
0 0.140285 0.354500 0.053263 0.077000
0 0.102213 0.419500 0.062641 0.082000
0 0.155664 0.472500 0.050263 0.075000
0 0.203113 0.486000 0.063391 0.077000
0 0.224681 0.551750 0.061515 0.073500
0 0.265191 0.495500 0.058515 0.075000
0 0.289572 0.563750 0.053263 0.075500
0 0.319767 0.638500 0.055889 0.059000
0 0.377719 0.642000 0.054014 0.059000
0 0.397224 0.697250 0.060765 0.056500
0 0.447674 0.747250 0.060390 0.055500
0 0.508440 0.750000 0.053638 0.072000
0 0.453301 0.667250 0.053638 0.075500
0 0.414291 0.607750 0.057389 0.074500
0 0.361028 0.583000 0.056639 0.064000
0 0.335521 0.523250 0.055139 0.074500
0 0.377344 0.488500 0.062266 0.065000
0 0.308890 0.460750 0.059640 0.072500
0 0.251500 0.417250 0.060390 0.079500
0 0.198987 0.360500 0.064141 0.075000
0 0.156602 0.297000 0.064141 0.081000
0 0.107839 0.252500 0.055139 0.081000
0 0.124719 0.185000 0.055139 0.105000
0 0.170668 0.195250 0.074269 0.091500
0 0.210240 0.276750 0.068642 0.085500
0 0.228057 0.113500 0.066017 0.101000
0 0.258065 0.229750 0.066017 0.090500
0 0.274756 0.313000 0.063391 0.081000
0 0.313953 0.385250 0.066017 0.080500
0 0.313016 0.173750 0.075394 0.096500
0 0.326894 0.262250 0.067142 0.085500
0 0.385221 0.324000 0.066017 0.088000
0 0.388035 0.230500 0.064141 0.099000
0 0.376969 0.125500 0.065266 0.096000
0 0.357464 0.044000 0.066017 0.087000
0 0.419355 0.052000 0.070518 0.103000
0 0.460615 0.171750 0.060765 0.090500
0 0.462303 0.266000 0.064141 0.093000
0 0.502063 0.332750 0.056639 0.084500
0 0.461365 0.392000 0.062266 0.089000
0 0.506189 0.419250 0.058140 0.073500
0 0.496249 0.476750 0.052513 0.061500
0 0.437734 0.488750 0.060765 0.081500
0 0.469617 0.542000 0.060765 0.071000
0 0.499812 0.608750 0.059640 0.074500
0 0.533008 0.560000 0.058515 0.071000
0 0.565829 0.604000 0.058140 0.058000
0 0.586647 0.532750 0.052513 0.067500
0 0.569955 0.670500 0.055139 0.065000
0 0.557202 0.725000 0.051388 0.059000
0 0.608777 0.740250 0.051763 0.050500
0 0.623406 0.677750 0.049512 0.057500
0 0.629220 0.630500 0.059640 0.058000
0 0.678920 0.619750 0.052513 0.062500
0 0.644599 0.558750 0.054389 0.071500
0 0.702363 0.557000 0.054389 0.075000
0 0.664854 0.492000 0.062641 0.077000
0 0.609152 0.475000 0.057764 0.082000
0 0.561140 0.451500 0.054014 0.081000
0 0.560953 0.379750 0.058890 0.086500
0 0.623593 0.396000 0.063391 0.081000
0 0.626782 0.322500 0.060765 0.081000
0 0.545949 0.274500 0.068642 0.088000
0 0.522881 0.206000 0.062266 0.092000
0 0.554951 0.109250 0.067142 0.095500
0 0.598462 0.218000 0.059640 0.083000
0 0.638597 0.133750 0.069392 0.098500
0 0.698800 0.214250 0.070518 0.103500
0 0.723556 0.302000 0.060765 0.095000
0 0.756564 0.355750 0.066767 0.074500
0 0.796512 0.279250 0.059640 0.097500
0 0.684359 0.363000 0.067142 0.087000
0 0.706864 0.411000 0.059640 0.077000
0 0.740248 0.481000 0.050638 0.075000
0 0.786009 0.400500 0.056639 0.082000
0 0.850338 0.336250 0.057014 0.089500
0 0.900038 0.375000 0.058890 0.089000
0 0.864779 0.437500 0.058890 0.075000
0 0.812078 0.487000 0.061515 0.082000
0 0.854651 0.508000 0.049887 0.076000
0 0.801388 0.552750 0.056639 0.071500
0 0.754314 0.592250 0.057014 0.067500
0 0.755626 0.665000 0.050638 0.064000
0 0.699175 0.696750 0.048012 0.067500
0 0.752626 0.716750 0.055139 0.054500
0 0.683421 0.758500 0.057764 0.070000
0 0.755251 0.774250 0.058890 0.055500
0 0.812828 0.789000 0.052513 0.059000
0 0.831958 0.718500 0.053263 0.065000
0 0.896474 0.699250 0.055514 0.069500
0 0.849775 0.651750 0.059640 0.066500
0 0.856527 0.587250 0.055139 0.072500
0 0.881845 0.605000 0.044261 0.046000
0 0.918980 0.566750 0.061515 0.078500
0 0.924044 0.488000 0.061140 0.073000