0 0.043886 0.440750 0.059265 0.072500
0 0.055326 0.519750 0.048387 0.063500
0 0.079145 0.581000 0.059265 0.072000
0 0.093023 0.647750 0.055514 0.051500
0 0.086272 0.387000 0.053263 0.076000
0 0.099587 0.460500 0.060390 0.071000
0 0.097899 0.538250 0.053263 0.075500
0 0.129407 0.592500 0.054014 0.065000
0 0.156977 0.686500 0.054389 0.058000
0 0.172918 0.637000 0.055514 0.062000
0 0.174606 0.570500 0.055889 0.071000
0 0.146662 0.501750 0.058515 0.071500
0 0.142348 0.436750 0.060390 0.073500
0 0.183796 0.414750 0.066767 0.076500
0 0.163541 0.333500 0.063766 0.069000
0 0.215866 0.308750 0.055139 0.077500
0 0.269880 0.302250 0.055139 0.084500
0 0.271193 0.387000 0.052513 0.079000
0 0.220930 0.447500 0.059265 0.061000
0 0.306077 0.368250 0.060015 0.085500
0 0.321455 0.433500 0.060765 0.064000
0 0.235184 0.512000 0.047262 0.065000
0 0.265566 0.493000 0.059265 0.068000
0 0.230120 0.588750 0.049137 0.069500
0 0.216617 0.692000 0.052888 0.063000
0 0.265379 0.701250 0.054389 0.054500
0 0.269692 0.575000 0.063016 0.075000
0 0.274194 0.620250 0.062266 0.055500
0 0.339460 0.636750 0.053263 0.062500
0 0.333083 0.687750 0.055514 0.055500
0 0.388785 0.702000 0.062641 0.054000
0 0.393661 0.624750 0.052138 0.060500
0 0.449737 0.695500 0.045011 0.058000
0 0.492123 0.696000 0.057014 0.060000
0 0.545011 0.696000 0.054764 0.061000
0 0.588522 0.718500 0.048012 0.062000
0 0.325769 0.531750 0.052888 0.076500
0 0.349400 0.297750 0.060390 0.081500
0 0.388597 0.267250 0.056264 0.095500
0 0.394036 0.350500 0.062641 0.080000
0 0.416542 0.431000 0.056639 0.072000
0 0.376782 0.505500 0.053638 0.075000
0 0.381658 0.547250 0.053638 0.053500
0 0.435109 0.508250 0.056264 0.069500
0 0.427232 0.567000 0.056264 0.067000
0 0.443736 0.617250 0.057014 0.048500
0 0.477682 0.598750 0.052888 0.070500
0 0.530758 0.613750 0.048012 0.072500
0 0.492873 0.519500 0.051763 0.079000
0 0.461553 0.415250 0.059640 0.083500
0 0.455176 0.332000 0.059640 0.079000
0 0.516317 0.285750 0.058140 0.085500
0 0.511440 0.369250 0.062641 0.081500
0 0.516317 0.453500 0.061140 0.074000
0 0.540885 0.533000 0.052513 0.076000
0 0.580270 0.626000 0.055514 0.072000
0 0.625094 0.665000 0.049137 0.071000
0 0.572956 0.759500 0.053638 0.056000
0 0.636534 0.773500 0.051013 0.056000
0 0.650038 0.686500 0.047262 0.058000
0 0.695986 0.774000 0.053638 0.059000
0 0.718867 0.732000 0.061140 0.059000
0 0.599025 0.544500 0.057764 0.064000
0 0.577457 0.471250 0.060390 0.073500
0 0.557014 0.411250 0.061515 0.074500
0 0.655664 0.522750 0.054014 0.069500
0 0.668230 0.605000 0.061140 0.070000
0 0.706489 0.665000 0.050638 0.068000
0 0.749062 0.743000 0.059265 0.056000
0 0.755064 0.646750 0.045761 0.045500
0 0.714741 0.568750 0.066392 0.070500
0 0.569767 0.255000 0.059265 0.077000
0 0.670105 0.364250 0.067142 0.075500
0 0.672168 0.433750 0.064516 0.077500
0 0.729557 0.457500 0.070518 0.071000
0 0.743436 0.370750 0.071268 0.070500
0 0.752251 0.286500 0.076894 0.084000
0 0.848650 0.298500 0.076894 0.078000
0 0.808702 0.404250 0.063766 0.086500
0 0.847899 0.403000 0.049137 0.084000
0 0.888597 0.411500 0.054764 0.072000
0 0.815829 0.474500 0.060765 0.064000
0 0.771943 0.545500 0.069767 0.075000
0 0.752438 0.601000 0.059265 0.053000
0 0.802513 0.553000 0.040135 0.064000
0 0.797074 0.711500 0.057014 0.065000
0 0.855401 0.765000 0.060390 0.051000
0 0.819392 0.656500 0.060390 0.060000
0 0.909602 0.727250 0.060765 0.055500
0 0.869092 0.624000 0.066017 0.062000
0 0.887097 0.573000 0.069017 0.075000
0 0.904914 0.490250 0.064141 0.068500