0 0.168230 0.205250 0.073143 0.090500
0 0.141598 0.304000 0.090398 0.093000
0 0.111778 0.382250 0.077269 0.089500
0 0.082708 0.458500 0.082896 0.089000
0 0.090773 0.577000 0.078020 0.093000
0 0.125844 0.619750 0.071643 0.076500
0 0.201613 0.648000 0.060390 0.079000
0 0.178545 0.569500 0.060015 0.067000
0 0.161665 0.508750 0.080270 0.089500
0 0.185859 0.424000 0.070893 0.095000
0 0.216054 0.336000 0.066767 0.086000
0 0.253376 0.291000 0.073143 0.089000
0 0.268005 0.191750 0.061140 0.087500
0 0.333646 0.200750 0.064891 0.094500
0 0.311890 0.277500 0.056639 0.087000
0 0.333271 0.381750 0.065641 0.087500
0 0.281133 0.454250 0.077644 0.088500
0 0.228995 0.482750 0.071643 0.081500
0 0.241935 0.545750 0.072768 0.074500
0 0.275694 0.620500 0.068267 0.075000
0 0.270068 0.766250 0.064516 0.085500
0 0.332708 0.678500 0.054014 0.082000
0 0.371530 0.745000 0.058890 0.073000
0 0.422731 0.751250 0.055514 0.074500
0 0.462678 0.790250 0.052138 0.068500
0 0.514629 0.838250 0.054014 0.069500
0 0.326894 0.585250 0.065641 0.081500
0 0.381658 0.629000 0.059640 0.081000
0 0.405289 0.658250 0.053638 0.071500
0 0.456302 0.691500 0.054389 0.067000
0 0.491748 0.715500 0.042761 0.074000
0 0.550825 0.769250 0.058140 0.066500
0 0.589835 0.832500 0.050638 0.061000
0 0.615529 0.846000 0.035259 0.052000
0 0.615154 0.845250 0.035259 0.052500
0 0.614779 0.844750 0.035259 0.052500
0 0.614404 0.844250 0.035259 0.052500
0 0.614029 0.843750 0.035259 0.052500
0 0.423293 0.186000 0.067892 0.084000
0 0.330083 0.502750 0.071268 0.083500
0 0.393661 0.265000 0.060390 0.079000
0 0.388972 0.354500 0.062266 0.078000
0 0.369092 0.432750 0.062266 0.084500
0 0.398350 0.517250 0.064516 0.087500
0 0.409040 0.562250 0.059640 0.071500
0 0.448987 0.610500 0.060015 0.071000
0 0.508815 0.641750 0.056639 0.077500
0 0.523818 0.668500 0.053638 0.065000
0 0.564329 0.694250 0.046137 0.061500
0 0.581208 0.744750 0.040885 0.059500
0 0.614216 0.768750 0.047637 0.058500
0 0.653038 0.809750 0.042761 0.049500
0 0.692236 0.836500 0.041635 0.054000
0 0.724119 0.799750 0.040135 0.055500
0 0.703676 0.775750 0.043511 0.063500
0 0.650975 0.741750 0.038635 0.059500
0 0.623218 0.717000 0.051388 0.059000
0 0.751500 0.764500 0.041635 0.061000
0 0.807764 0.733250 0.043886 0.061500
0 0.752063 0.712750 0.044261 0.064500
0 0.720930 0.708250 0.046512 0.058500
0 0.676669 0.699750 0.048012 0.069500
0 0.612903 0.653250 0.046512 0.061500
0 0.585334 0.622250 0.062641 0.088500
0 0.489122 0.548000 0.049512 0.076000
0 0.461553 0.513500 0.061890 0.082000
0 0.421980 0.410500 0.060015 0.085000
0 0.452926 0.277250 0.058140 0.079500
0 0.461365 0.341250 0.058515 0.079500
0 0.485559 0.430500 0.056639 0.088000
0 0.522693 0.484500 0.052138 0.074000
0 0.550638 0.488750 0.045011 0.072500
0 0.601275 0.556500 0.057764 0.072000
0 0.614029 0.586500 0.046512 0.075000
0 0.665229 0.624750 0.043886 0.071500
0 0.704239 0.646000 0.042386 0.067000
0 0.742311 0.657500 0.042011 0.068000
0 0.789010 0.666250 0.041635 0.063500
0 0.501688 0.233750 0.057389 0.074500
0 0.526069 0.331000 0.066392 0.083000
0 0.523631 0.405000 0.051013 0.074000
0 0.564704 0.369500 0.043886 0.083000
0 0.512003 0.099500 0.057014 0.086000
0 0.541823 0.177750 0.057389 0.082500
0 0.570143 0.129000 0.057764 0.073000
0 0.594524 0.198750 0.056264 0.080500
0 0.656227 0.163250 0.052888 0.075500
0 0.660540 0.225750 0.052513 0.080500
0 0.547449 0.271000 0.054389 0.067000
0 0.597149 0.274250 0.051013 0.076500
0 0.690548 0.210500 0.048012 0.079000
0 0.728432 0.229250 0.046512 0.073500
0 0.649287 0.304250 0.048012 0.079500
0 0.702363 0.287500 0.051388 0.067000
0 0.752813 0.284500 0.045761 0.064000
0 0.614404 0.348000 0.052513 0.074000
0 0.592461 0.436000 0.055889 0.069000
0 0.637659 0.424750 0.046512 0.063500
0 0.679482 0.372750 0.049137 0.066500
0 0.718117 0.338500 0.043886 0.069000
0 0.756189 0.333500 0.043511 0.050000
0 0.617404 0.492500 0.048012 0.073000
0 0.677232 0.431750 0.048387 0.072500
0 0.724306 0.410500 0.042761 0.069000
0 0.776819 0.390250 0.048012 0.063500
0 0.669917 0.499500 0.045011 0.068000
0 0.652663 0.561750 0.049512 0.065500
0 0.831583 0.363500 0.043511 0.067000
0 0.824081 0.419250 0.042761 0.062500
0 0.854089 0.412500 0.038260 0.058000
0 0.836272 0.455500 0.046887 0.051000
0 0.771193 0.461250 0.042011 0.072500
0 0.795011 0.488250 0.040885 0.058500
0 0.829520 0.533500 0.042386 0.062000
0 0.787322 0.545500 0.045761 0.061000
0 0.730308 0.486750 0.044261 0.067500
0 0.695986 0.536500 0.040885 0.061000
0 0.740248 0.546500 0.043136 0.063000
0 0.700863 0.588500 0.040135 0.062000
0 0.740623 0.595000 0.041635 0.060000
0 0.789385 0.600500 0.041635 0.057000