0 0.392161 0.221750 0.063391 0.077500
0 0.455551 0.223250 0.055889 0.084500
0 0.404351 0.294750 0.058515 0.068500
0 0.460428 0.305750 0.055139 0.066500
0 0.469055 0.369500 0.059640 0.069000
0 0.521193 0.324750 0.060390 0.080500
0 0.537884 0.244750 0.063016 0.084500
0 0.581208 0.210250 0.058140 0.083500
0 0.581208 0.293750 0.050638 0.078500
0 0.628282 0.315000 0.052513 0.071000
0 0.666729 0.225500 0.067892 0.077000
0 0.743998 0.248000 0.059640 0.093000
0 0.721493 0.328000 0.046887 0.065000
0 0.679295 0.369000 0.049512 0.075000
0 0.813578 0.328500 0.052513 0.071000
0 0.844899 0.383500 0.051388 0.070000
0 0.886347 0.425500 0.062266 0.065000
0 0.893661 0.496250 0.058890 0.066500
0 0.337022 0.282500 0.050638 0.083000
0 0.291823 0.335000 0.047262 0.080000
0 0.218867 0.405000 0.051388 0.070000
0 0.156602 0.409250 0.060390 0.068500
0 0.146287 0.479750 0.039760 0.072500
0 0.090210 0.561750 0.055889 0.067500
0 0.129407 0.610000 0.051763 0.060000
0 0.141598 0.574750 0.054389 0.062500
0 0.194111 0.520000 0.054389 0.065000
0 0.229932 0.482750 0.053263 0.068500
0 0.234434 0.568000 0.055514 0.077000
0 0.189047 0.616750 0.064516 0.073500
0 0.166917 0.643500 0.045011 0.059000
0 0.128095 0.681500 0.052888 0.065000
0 0.136347 0.723500 0.043136 0.036000
0 0.167854 0.774000 0.043136 0.065000
0 0.192986 0.708500 0.049887 0.052000
0 0.232183 0.661250 0.047262 0.059500
0 0.213616 0.771750 0.049887 0.052500
0 0.218117 0.804000 0.048387 0.038000
0 0.253188 0.930500 0.052513 0.063000
0 0.281320 0.834000 0.044261 0.052000
0 0.327457 0.854000 0.050263 0.057000
0 0.311328 0.783750 0.051013 0.059500
0 0.278507 0.723000 0.047637 0.055000
0 0.308327 0.698750 0.051013 0.062500
0 0.349587 0.720250 0.043511 0.062500
0 0.273256 0.632750 0.049887 0.061500
0 0.320143 0.643500 0.047637 0.066000
0 0.294449 0.567000 0.051013 0.063000
0 0.292761 0.501750 0.054389 0.067500
0 0.306264 0.414500 0.043136 0.063000
0 0.350900 0.370750 0.049137 0.060500
0 0.351275 0.437500 0.049887 0.069000
0 0.351838 0.523250 0.051013 0.067500
0 0.353713 0.618500 0.048012 0.062000
0 0.367404 0.649500 0.053638 0.055000
0 0.401913 0.725000 0.046137 0.059000
0 0.443548 0.736000 0.046887 0.056000
0 0.443361 0.690750 0.051013 0.056500
0 0.494749 0.699500 0.044261 0.055000
0 0.500750 0.782250 0.048762 0.057500
0 0.447674 0.798000 0.040135 0.055000
0 0.403788 0.789250 0.050638 0.055500
0 0.420855 0.833750 0.047262 0.051500
0 0.537509 0.711750 0.040510 0.057500
0 0.408290 0.625500 0.050638 0.048000
0 0.447674 0.592000 0.049887 0.057000
0 0.401725 0.556250 0.051763 0.058500
0 0.390848 0.513500 0.052513 0.065000
0 0.443361 0.519250 0.049512 0.058500
0 0.397037 0.367000 0.053638 0.072000
0 0.431170 0.436000 0.062641 0.079000
0 0.479557 0.454500 0.054389 0.074000
0 0.492123 0.521250 0.051763 0.071500
0 0.507502 0.578500 0.042761 0.057000
0 0.526632 0.636500 0.056264 0.062000
0 0.573893 0.670500 0.051763 0.058000
0 0.598650 0.667000 0.024006 0.057000
0 0.641035 0.690500 0.053263 0.055000
0 0.665979 0.724750 0.046137 0.058500
0 0.679857 0.652250 0.053638 0.060500
0 0.734059 0.716250 0.055514 0.057500
0 0.764254 0.679000 0.041635 0.060000
0 0.729557 0.636000 0.047262 0.060000
0 0.717554 0.578750 0.052513 0.050500
0 0.652101 0.572750 0.051388 0.060500
0 0.612153 0.614500 0.048012 0.061000
0 0.564516 0.610000 0.044261 0.061000
0 0.548575 0.551250 0.041635 0.061500
0 0.601088 0.553500 0.047637 0.051000
0 0.533008 0.492500 0.054764 0.067000
0 0.581020 0.454500 0.058515 0.060000
0 0.586459 0.499000 0.041635 0.063000
0 0.627157 0.483500 0.047262 0.056000
0 0.624531 0.440500 0.048012 0.061000
0 0.530383 0.425250 0.052513 0.061500
0 0.577644 0.368750 0.054014 0.070500
0 0.687547 0.468000 0.058515 0.070000
0 0.688110 0.509750 0.053638 0.050500
0 0.761628 0.394250 0.061890 0.076500
0 0.799700 0.437500 0.051013 0.064000
0 0.753188 0.464500 0.045011 0.072000
0 0.788447 0.483000 0.039760 0.053000
0 0.758440 0.531500 0.051013 0.060000
0 0.799137 0.538750 0.045386 0.062500
0 0.840585 0.521000 0.048012 0.062000
0 0.888222 0.577250 0.048012 0.062500
0 0.836647 0.593250 0.051388 0.062500
0 0.867967 0.639500 0.043511 0.053000
0 0.830083 0.667750 0.048762 0.065500
0 0.782071 0.614250 0.046512 0.058500