0 0.035446 0.596000 0.022881 0.039000
0 0.060390 0.616000 0.027007 0.038000
0 0.077082 0.670250 0.021380 0.042500
0 0.097337 0.688500 0.028132 0.035000
0 0.100900 0.719250 0.031508 0.033500
0 0.116842 0.745250 0.028882 0.039500
0 0.139347 0.741250 0.028882 0.044500
0 0.126032 0.686500 0.028507 0.039000
0 0.084771 0.597000 0.033008 0.040000
0 0.064704 0.573000 0.025131 0.033000
0 0.090773 0.556000 0.033758 0.045000
0 0.073518 0.521250 0.029257 0.036500
0 0.057389 0.474000 0.029257 0.039000
0 0.099775 0.461000 0.027007 0.041000
0 0.106339 0.505750 0.031883 0.039500
0 0.131283 0.509500 0.030758 0.041000
0 0.145161 0.557000 0.034509 0.045000
0 0.130908 0.548500 0.017254 0.036000
0 0.132783 0.589750 0.027007 0.039500
0 0.147412 0.633000 0.026257 0.043000
0 0.170855 0.627750 0.028132 0.047500
0 0.165416 0.593750 0.034509 0.028500
0 0.187547 0.570750 0.029257 0.043500
0 0.184359 0.524000 0.035634 0.044000
0 0.161103 0.489500 0.032633 0.037000
0 0.135409 0.470500 0.026257 0.032000
0 0.130345 0.434250 0.028132 0.045500
0 0.104464 0.401500 0.032633 0.040000
0 0.092273 0.360250 0.033758 0.044500
0 0.145911 0.391750 0.018005 0.040500
0 0.163541 0.402500 0.031508 0.042000
0 0.170105 0.443000 0.028132 0.043000
0 0.219055 0.450500 0.029257 0.044000
0 0.242123 0.474750 0.029632 0.043500
0 0.215679 0.496500 0.030008 0.047000
0 0.230308 0.557250 0.027007 0.047500
0 0.224306 0.615500 0.030758 0.045000
0 0.206677 0.662500 0.027007 0.047000
0 0.239310 0.646750 0.026257 0.045500
0 0.257314 0.662000 0.028507 0.042000
0 0.219055 0.700000 0.027007 0.045000
0 0.242686 0.693250 0.036009 0.042500
0 0.280195 0.632250 0.031508 0.045500
0 0.242311 0.725750 0.029257 0.033500
0 0.179107 0.768250 0.029632 0.038500
0 0.205926 0.754500 0.028507 0.048000
0 0.208927 0.774500 0.027757 0.026000
0 0.239497 0.787500 0.030383 0.043000
0 0.285071 0.800250 0.027757 0.051500
0 0.293511 0.729250 0.037134 0.036500
0 0.291823 0.748000 0.031508 0.025000
0 0.286009 0.679500 0.028132 0.040000
0 0.304201 0.656750 0.024756 0.037500
0 0.258065 0.572000 0.019505 0.043000
0 0.278320 0.604750 0.028507 0.029500
0 0.278507 0.574750 0.036384 0.046500
0 0.268192 0.536250 0.027757 0.045500
0 0.282446 0.518000 0.029257 0.043000
0 0.273068 0.481250 0.030758 0.043500
0 0.252251 0.439750 0.021380 0.039500
0 0.264441 0.434250 0.029257 0.048500
0 0.201613 0.418500 0.022881 0.040000
0 0.221305 0.399000 0.030008 0.046000
0 0.259752 0.391250 0.030383 0.042500
0 0.299887 0.400750 0.027382 0.052500
0 0.176107 0.363750 0.026632 0.042500
0 0.202738 0.379000 0.026632 0.034000
0 0.181170 0.325750 0.024006 0.039500
0 0.198050 0.342750 0.027007 0.044500
0 0.231433 0.359500 0.027757 0.046000
0 0.198237 0.299250 0.031133 0.043500
0 0.218117 0.265000 0.039385 0.048000
0 0.242873 0.316000 0.028132 0.044000
0 0.275131 0.316750 0.034884 0.044500
0 0.270630 0.356250 0.037134 0.037500
0 0.080083 0.440250 0.022881 0.043500
0 0.270630 0.258250 0.030383 0.046500
0 0.294074 0.239000 0.032258 0.044000
0 0.311140 0.202250 0.036384 0.049500
0 0.316017 0.259750 0.024381 0.055500
0 0.343398 0.263250 0.043136 0.057500
0 0.346399 0.219500 0.033383 0.051000
0 0.372656 0.208500 0.029632 0.053000
0 0.396474 0.237750 0.034509 0.052500
0 0.384096 0.285250 0.035259 0.049500
0 0.414666 0.272000 0.037884 0.058000
0 0.313016 0.315500 0.040135 0.049000
0 0.308140 0.348750 0.037884 0.038500
0 0.323518 0.384250 0.034884 0.042500
0 0.345274 0.349750 0.032633 0.048500
0 0.432483 0.327750 0.036759 0.045500
0 0.364779 0.331000 0.032633 0.054000
0 0.398725 0.341250 0.034509 0.046500
0 0.358215 0.400500 0.032258 0.047000
0 0.391598 0.384750 0.045011 0.046500
0 0.428545 0.370000 0.040135 0.050000
0 0.461740 0.347000 0.040510 0.052000
0 0.341335 0.429000 0.033008 0.037000
0 0.315454 0.455500 0.034509 0.038000
0 0.345649 0.465750 0.028882 0.041500
0 0.367967 0.446500 0.037509 0.045000
0 0.406039 0.426250 0.036384 0.049500
0 0.312828 0.504750 0.036759 0.051500
0 0.331770 0.526000 0.035634 0.044000
0 0.320705 0.539250 0.030008 0.041500
0 0.365716 0.531000 0.033008 0.046000
0 0.375281 0.487250 0.037134 0.049500
0 0.401350 0.517250 0.033008 0.044500
0 0.359152 0.571000 0.035634 0.038000
0 0.394411 0.563750 0.036384 0.047500
0 0.331770 0.613750 0.030383 0.046500
0 0.342273 0.646000 0.032633 0.050000
0 0.362716 0.620500 0.034509 0.055000
0 0.396662 0.606750 0.030383 0.045500
0 0.392536 0.655250 0.035634 0.048500
0 0.326519 0.687750 0.034884 0.042500
0 0.343961 0.727500 0.027007 0.047000
0 0.364966 0.737000 0.036759 0.045000
0 0.364216 0.761250 0.030008 0.039500
0 0.382783 0.792750 0.030383 0.044500
0 0.318455 0.775250 0.034509 0.034500
0 0.303826 0.787250 0.030008 0.032500
0 0.322956 0.813750 0.035259 0.038500
0 0.346024 0.845000 0.029632 0.041000
0 0.350150 0.797500 0.034884 0.034000
0 0.382408 0.836500 0.029632 0.039000
0 0.399287 0.858250 0.023631 0.034500
0 0.417479 0.895250 0.033008 0.043500
0 0.443548 0.907500 0.030383 0.042000
0 0.423106 0.833500 0.032258 0.041000
0 0.451238 0.849750 0.027757 0.045500
0 0.475431 0.881250 0.034134 0.044500
0 0.474306 0.912250 0.030383 0.041500
0 0.507127 0.895500 0.028507 0.041000
0 0.515191 0.870750 0.025881 0.047500
0 0.510315 0.831250 0.039385 0.041500
0 0.461178 0.821250 0.025131 0.045500
0 0.477307 0.808500 0.033383 0.047000
0 0.448237 0.770500 0.035259 0.047000
0 0.416542 0.726750 0.032633 0.040500
0 0.449362 0.721250 0.032258 0.040500
0 0.386909 0.682000 0.034884 0.042000
0 0.419917 0.684500 0.030383 0.044000
0 0.449737 0.679000 0.028507 0.051000
0 0.461928 0.666500 0.034134 0.046000
0 0.482371 0.692500 0.029257 0.049000
0 0.480495 0.735750 0.030758 0.047500
0 0.499062 0.767250 0.034884 0.040500
0 0.509752 0.723250 0.039010 0.058500
0 0.523818 0.762750 0.036384 0.042500
0 0.534696 0.803250 0.032633 0.047500
0 0.443736 0.629750 0.031508 0.042500
0 0.427044 0.583250 0.030383 0.047500
0 0.444861 0.547000 0.030008 0.047000
0 0.459677 0.601000 0.033383 0.048000
0 0.491373 0.621500 0.030758 0.052000
0 0.512191 0.607500 0.037884 0.048000
0 0.473743 0.554000 0.029257 0.043000
0 0.497374 0.564250 0.028507 0.052500
0 0.531508 0.569750 0.044261 0.056500
0 0.456114 0.505750 0.031508 0.049500
0 0.484434 0.502000 0.031133 0.048000
0 0.520443 0.523000 0.035634 0.050000
0 0.439047 0.467500 0.024381 0.048000
0 0.442798 0.420000 0.030383 0.052000
0 0.463241 0.447750 0.036759 0.045500
0 0.469992 0.400750 0.033758 0.053500
0 0.509565 0.423250 0.041635 0.045500
0 0.523068 0.471000 0.032633 0.047000
0 0.471118 0.298500 0.042011 0.047000
0 0.500375 0.334000 0.035259 0.050000
0 0.455739 0.253000 0.042761 0.049000
0 0.426669 0.200000 0.038635 0.057000
0 0.404164 0.163750 0.035634 0.051500
0 0.420668 0.119500 0.028882 0.049000
0 0.441673 0.149750 0.036384 0.053500
0 0.458365 0.096500 0.041260 0.052000
0 0.490435 0.135000 0.043136 0.046000
0 0.499625 0.179750 0.038260 0.054500
0 0.472618 0.194000 0.035259 0.057000
0 0.547074 0.095750 0.040885 0.055500
0 0.503751 0.244750 0.051763 0.054500
0 0.519505 0.290750 0.045011 0.049500
0 0.593961 0.107500 0.037884 0.051000
0 0.550450 0.166750 0.038635 0.045500
0 0.563391 0.202750 0.041260 0.053500
0 0.590773 0.170500 0.038260 0.057000
0 0.634846 0.195750 0.035634 0.057500
0 0.616092 0.245000 0.040135 0.056000
0 0.573706 0.264000 0.039385 0.059000
0 0.644411 0.281500 0.038260 0.053000
0 0.692048 0.262750 0.042011 0.057500
0 0.539385 0.341500 0.041260 0.057000
0 0.570518 0.351000 0.033008 0.058000
0 0.604089 0.351750 0.045386 0.052500
0 0.653038 0.337250 0.033008 0.054500
0 0.686984 0.313000 0.038635 0.059000
0 0.541823 0.391000 0.034884 0.053000
0 0.574831 0.402500 0.039385 0.053000
0 0.561515 0.443750 0.027757 0.045500
0 0.552326 0.492250 0.038635 0.050500
0 0.581395 0.551500 0.035259 0.049000
0 0.592461 0.503250 0.041635 0.053500
0 0.602026 0.467000 0.036009 0.053000
0 0.642348 0.480500 0.041635 0.055000
0 0.613466 0.396500 0.040135 0.039000
0 0.650413 0.416500 0.047262 0.063000
0 0.686984 0.389500 0.043886 0.057000
0 0.685484 0.453750 0.043136 0.060500
0 0.692798 0.494250 0.044261 0.045500
0 0.650975 0.525750 0.046137 0.053500
0 0.619092 0.553500 0.037134 0.056000
0 0.567142 0.611750 0.033758 0.057500
0 0.527944 0.646750 0.039385 0.041500
0 0.542573 0.689500 0.043136 0.048000
0 0.561140 0.733750 0.033758 0.047500
0 0.596587 0.745750 0.037134 0.046500
0 0.565079 0.838250 0.031883 0.041500
0 0.578020 0.820250 0.041260 0.046500
0 0.588897 0.878750 0.036009 0.046500
0 0.527194 0.929500 0.030383 0.044000
0 0.557014 0.944000 0.032258 0.037000
0 0.607652 0.831250 0.035259 0.040500
0 0.642911 0.834250 0.036759 0.045500
0 0.679857 0.801500 0.033383 0.042000
0 0.646849 0.752750 0.035634 0.046500
0 0.683233 0.759500 0.036384 0.051000
0 0.706302 0.731250 0.038260 0.046500
0 0.663353 0.701500 0.040885 0.035000
0 0.579520 0.693750 0.039010 0.048500
0 0.608777 0.657000 0.041260 0.050000
0 0.629970 0.676250 0.029632 0.046500
0 0.656602 0.668000 0.040885 0.045000
0 0.693361 0.635000 0.038635 0.051000
0 0.626219 0.613750 0.037884 0.055500
0 0.661103 0.610500 0.037884 0.050000
0 0.671793 0.569000 0.044261 0.057000
0 0.714366 0.558000 0.037134 0.049000
0 0.748500 0.577750 0.039385 0.051500
0 0.773818 0.646250 0.042761 0.058500
0 0.764816 0.728000 0.040510 0.050000
0 0.799700 0.661500 0.037509 0.047000
0 0.828957 0.625750 0.041260 0.051500
0 0.805514 0.586000 0.038635 0.054000
0 0.772693 0.542750 0.044261 0.042500
0 0.819017 0.548500 0.043136 0.055000
0 0.735371 0.500000 0.041635 0.057000
0 0.776257 0.497250 0.034134 0.061500
0 0.812641 0.487000 0.042386 0.046000
0 0.801200 0.441250 0.044261 0.052500
0 0.745874 0.455250 0.043886 0.053500
0 0.715679 0.418250 0.039760 0.049500
0 0.710990 0.352000 0.040135 0.047000
0 0.762003 0.375000 0.046137 0.053000
0 0.772506 0.327000 0.037134 0.053000
0 0.720743 0.304500 0.038635 0.058000
0 0.754314 0.281500 0.050263 0.053000
0 0.755626 0.787500 0.040135 0.047000
0 0.802513 0.816750 0.043886 0.052500
0 0.162978 0.680750 0.023631 0.041500
0 0.202176 0.695500 0.024006 0.038000