0 0.146474 0.381500 0.038635 0.043000
0 0.151913 0.335750 0.032258 0.046500
0 0.169167 0.310000 0.033008 0.042000
0 0.188485 0.355750 0.029632 0.041500
0 0.214741 0.334500 0.040135 0.036000
0 0.250188 0.333750 0.035259 0.037500
0 0.261440 0.300250 0.031508 0.038500
0 0.197862 0.393250 0.037884 0.041500
0 0.232933 0.376750 0.033008 0.035500
0 0.261440 0.372750 0.027757 0.038500
0 0.287134 0.346000 0.028882 0.044000
0 0.185671 0.448750 0.033758 0.040500
0 0.217929 0.445500 0.031508 0.042000
0 0.225619 0.476250 0.032633 0.039500
0 0.253001 0.497500 0.034884 0.040000
0 0.222993 0.552500 0.032633 0.031000
0 0.254314 0.537500 0.033008 0.045000
0 0.264629 0.453000 0.036384 0.039000
0 0.283008 0.403250 0.030383 0.039500
0 0.301013 0.434500 0.033383 0.043000
0 0.247187 0.241250 0.034509 0.036500
0 0.269880 0.268000 0.028882 0.041000
0 0.293323 0.274250 0.033008 0.044500
0 0.288822 0.211000 0.027757 0.046000
0 0.306827 0.225000 0.031508 0.041000
0 0.341523 0.242500 0.030383 0.037000
0 0.364966 0.212750 0.035259 0.038500
0 0.383533 0.248000 0.030383 0.035000
0 0.345461 0.279000 0.033008 0.036000
0 0.312641 0.323500 0.027382 0.035000
0 0.315829 0.359750 0.030758 0.047500
0 0.337772 0.330000 0.031133 0.045000
0 0.363091 0.309250 0.034509 0.039500
0 0.379595 0.284250 0.024756 0.037500
0 0.369655 0.347750 0.037134 0.038500
0 0.325581 0.414750 0.024006 0.036500
0 0.348462 0.389250 0.030758 0.042500
0 0.361778 0.423750 0.033383 0.053500
0 0.390848 0.421500 0.031508 0.040000
0 0.378282 0.385250 0.030383 0.035500
0 0.338147 0.457500 0.030383 0.048000
0 0.313391 0.479000 0.031133 0.038000
0 0.306827 0.516500 0.035259 0.044000
0 0.299512 0.557000 0.020630 0.039000
0 0.321830 0.560250 0.030758 0.041500
0 0.273818 0.590000 0.030758 0.041000
0 0.268567 0.631500 0.031508 0.046000
0 0.306639 0.596750 0.037134 0.045500
0 0.326332 0.624250 0.032258 0.042500
0 0.289010 0.671250 0.031133 0.048500
0 0.323893 0.699750 0.035634 0.042500
0 0.331020 0.660500 0.040885 0.036000
0 0.363091 0.622750 0.036759 0.046500
0 0.360465 0.581500 0.030758 0.046000
0 0.347899 0.536750 0.028132 0.045500
0 0.335521 0.503500 0.028132 0.038000
0 0.363841 0.483250 0.030758 0.043500
0 0.389347 0.511250 0.028507 0.040500
0 0.395536 0.466250 0.034884 0.040500
0 0.378845 0.553500 0.033758 0.041000
0 0.374906 0.668000 0.032633 0.043000
0 0.376969 0.708000 0.030758 0.041000
0 0.371905 0.761250 0.028882 0.050500
0 0.349212 0.779000 0.032258 0.047000
0 0.366092 0.845750 0.032258 0.046500
0 0.390848 0.809500 0.031508 0.049000
0 0.397037 0.740250 0.028882 0.052500
0 0.415791 0.771000 0.031883 0.046000
0 0.410540 0.836750 0.030383 0.044500
0 0.391598 0.873250 0.031508 0.040500
0 0.411665 0.906500 0.033383 0.039000
0 0.423481 0.871750 0.030008 0.043500
0 0.440735 0.835250 0.030758 0.047500
0 0.442048 0.952000 0.031883 0.052000
0 0.472243 0.965000 0.031508 0.047000
0 0.446549 0.900750 0.032633 0.046500
0 0.475806 0.917750 0.029632 0.043500
0 0.499625 0.939750 0.030758 0.045500
0 0.529820 0.936750 0.030383 0.048500
0 0.509377 0.897250 0.028507 0.050500
0 0.464366 0.863250 0.032258 0.047500
0 0.470555 0.814750 0.028882 0.042500
0 0.497749 0.841000 0.033008 0.044000
0 0.527382 0.846750 0.030008 0.047500
0 0.467742 0.773750 0.028507 0.043500
0 0.513691 0.805500 0.030383 0.045000
0 0.413166 0.690500 0.031883 0.040000
0 0.404726 0.648750 0.034509 0.045500
0 0.411853 0.608500 0.030008 0.040000
0 0.414854 0.568500 0.037509 0.043000
0 0.420105 0.528000 0.029257 0.036000
0 0.416917 0.490250 0.031133 0.041500
0 0.412228 0.184500 0.031508 0.040000
0 0.412416 0.230250 0.028882 0.043500
0 0.427607 0.257500 0.030758 0.042000
0 0.417854 0.288250 0.029257 0.035500
0 0.397974 0.307250 0.030758 0.043500
0 0.411103 0.339000 0.031508 0.041000
0 0.413353 0.381250 0.030008 0.041500
0 0.437922 0.388250 0.034884 0.042500
0 0.449362 0.352750 0.030758 0.038500
0 0.442048 0.320500 0.030383 0.033000
0 0.451425 0.285000 0.031883 0.031000
0 0.441673 0.215750 0.025881 0.036500
0 0.458177 0.249000 0.026632 0.045000
0 0.467179 0.184250 0.025881 0.047500
0 0.492686 0.189750 0.028882 0.038500
0 0.486497 0.232500 0.032258 0.037000
0 0.484996 0.269750 0.029257 0.036500
0 0.471868 0.313250 0.032258 0.035500
0 0.478432 0.347500 0.030383 0.044000
0 0.493811 0.380000 0.031133 0.037000
0 0.477307 0.410250 0.031883 0.039500
0 0.435296 0.428500 0.031883 0.036000
0 0.448050 0.464250 0.032633 0.036500
0 0.476744 0.453250 0.034509 0.047500
0 0.441485 0.499000 0.025506 0.041000
0 0.449737 0.539500 0.031508 0.035000
0 0.470180 0.499250 0.027382 0.050500
0 0.496437 0.509250 0.028132 0.043500
0 0.481808 0.550500 0.033383 0.043000
0 0.489685 0.589250 0.032633 0.041500
0 0.449550 0.608000 0.031883 0.042000
0 0.473181 0.632500 0.029632 0.046000
0 0.434546 0.661000 0.037134 0.041000
0 0.464554 0.682000 0.028882 0.041000
0 0.491185 0.659500 0.034884 0.044000
0 0.505626 0.630750 0.030758 0.042500
0 0.470180 0.725750 0.034884 0.047500
0 0.490623 0.701000 0.030008 0.041000
0 0.492686 0.750000 0.032633 0.043000
0 0.518755 0.711750 0.027757 0.044500
0 0.536572 0.775750 0.035634 0.042500
0 0.562641 0.834750 0.033008 0.043500
0 0.544261 0.895750 0.028507 0.050500
0 0.576894 0.911250 0.028507 0.047500
0 0.585334 0.824000 0.028882 0.044000
0 0.597712 0.855500 0.028132 0.036000
0 0.621718 0.843750 0.031883 0.052500
0 0.569392 0.787250 0.036009 0.039500
0 0.593211 0.762750 0.031883 0.045500
0 0.630908 0.770750 0.036759 0.043500
0 0.632596 0.809250 0.037884 0.037500
0 0.663728 0.767500 0.031883 0.044000
0 0.548762 0.741250 0.030758 0.042500
0 0.544636 0.699500 0.031508 0.042000
0 0.582333 0.720750 0.036384 0.047500
0 0.611965 0.714000 0.036384 0.040000
0 0.643661 0.732250 0.031508 0.037500
0 0.550075 0.659750 0.031133 0.043500
0 0.580083 0.670250 0.028882 0.042500
0 0.532446 0.624250 0.026632 0.036500
0 0.563953 0.628250 0.033383 0.042500
0 0.596587 0.636250 0.031133 0.043500
0 0.609152 0.671000 0.029257 0.044000
0 0.640098 0.653000 0.034884 0.042000
0 0.646287 0.691750 0.036759 0.038500
0 0.673481 0.715000 0.031133 0.047000
0 0.665416 0.671500 0.028507 0.040000
0 0.667667 0.632000 0.032258 0.041000
0 0.631095 0.608000 0.026632 0.043000
0 0.603901 0.595250 0.027007 0.041500
0 0.576707 0.585500 0.028132 0.039000
0 0.548575 0.579500 0.030383 0.039000
0 0.518755 0.578500 0.027757 0.040000
0 0.527382 0.542750 0.032258 0.042500
0 0.567517 0.550000 0.030008 0.041000
0 0.619092 0.561000 0.032633 0.042000
0 0.517442 0.471000 0.030383 0.043000
0 0.512003 0.433250 0.030758 0.043500
0 0.520255 0.414750 0.027757 0.034500
0 0.543886 0.450250 0.030008 0.036500
0 0.547074 0.419500 0.027382 0.036000
0 0.521005 0.366250 0.027757 0.043500
0 0.505626 0.337500 0.025506 0.038000
0 0.507314 0.291500 0.031133 0.034000
0 0.532821 0.311750 0.028882 0.041500
0 0.513691 0.257250 0.027382 0.037500
0 0.540885 0.276750 0.030008 0.039500
0 0.539760 0.246250 0.028507 0.034500
0 0.534509 0.214000 0.029257 0.032000
0 0.556827 0.184500 0.029632 0.036000
0 0.587584 0.187250 0.030383 0.040500
0 0.569017 0.220250 0.032258 0.037500
0 0.568267 0.260750 0.028507 0.036500
0 0.605401 0.232500 0.027757 0.041000
0 0.634659 0.235500 0.032258 0.037000
0 0.666354 0.245250 0.026632 0.044500
0 0.566392 0.300250 0.029257 0.035500
0 0.591523 0.285000 0.029257 0.038000
0 0.594899 0.318000 0.030758 0.035000
0 0.559452 0.340500 0.034134 0.033000
0 0.564516 0.378750 0.030758 0.043500
0 0.580083 0.419000 0.031883 0.035000
0 0.575019 0.449500 0.027757 0.036000
0 0.561328 0.482250 0.030383 0.038500
0 0.579707 0.512250 0.028132 0.039500
0 0.596024 0.473500 0.030008 0.044000
0 0.615529 0.507750 0.033008 0.040500
0 0.636159 0.520000 0.030008 0.039000
0 0.649287 0.556500 0.027007 0.041000
0 0.641035 0.487500 0.031508 0.031000
0 0.606714 0.441500 0.031883 0.035000
0 0.633721 0.451250 0.025131 0.042500
0 0.591898 0.356250 0.024006 0.041500
0 0.617779 0.379250 0.030008 0.038500
0 0.627157 0.407750 0.029257 0.036500
0 0.619467 0.346750 0.029632 0.033500
0 0.623218 0.316750 0.025131 0.030500
0 0.626594 0.286500 0.029632 0.034000
0 0.656414 0.288250 0.028507 0.039500
0 0.682858 0.278750 0.027382 0.035500
0 0.676482 0.309250 0.031133 0.033500
0 0.653226 0.337250 0.031133 0.037500
0 0.654539 0.369000 0.030008 0.035000
0 0.681170 0.380000 0.024006 0.039000
0 0.702176 0.354000 0.028507 0.037000
0 0.710803 0.301250 0.028507 0.040500
0 0.742311 0.324250 0.029257 0.037500
0 0.763878 0.348500 0.028132 0.042000
0 0.726182 0.358000 0.024006 0.038000
0 0.713803 0.386500 0.028507 0.035000
0 0.736497 0.400750 0.028132 0.034500
0 0.662603 0.421000 0.031883 0.039000
0 0.684734 0.427500 0.023631 0.041000
0 0.714741 0.427000 0.030383 0.041000
0 0.759377 0.429750 0.037134 0.038500
0 0.793698 0.431500 0.029257 0.040000
0 0.822956 0.447250 0.025506 0.037500
0 0.669542 0.458750 0.029257 0.042500
0 0.692423 0.481750 0.028507 0.042500
0 0.719242 0.467500 0.031883 0.037000
0 0.748125 0.469000 0.025881 0.041000
0 0.781320 0.485000 0.025506 0.042000
0 0.808515 0.468750 0.033383 0.040500
0 0.815829 0.505500 0.030758 0.035000
0 0.731245 0.504000 0.028132 0.041000
0 0.672918 0.515000 0.030758 0.042000
0 0.703301 0.531500 0.030758 0.038000
0 0.748125 0.536500 0.031133 0.043000
0 0.784696 0.531250 0.027007 0.041500
0 0.676294 0.557250 0.029257 0.040500
0 0.688297 0.594250 0.029257 0.037500
0 0.709677 0.564750 0.033758 0.036500
0 0.724306 0.600750 0.032258 0.039500
0 0.701425 0.630500 0.030008 0.036000
0 0.702551 0.662750 0.030758 0.038500
0 0.697112 0.697250 0.029632 0.039500
0 0.707239 0.730750 0.028882 0.042500
0 0.690923 0.759750 0.030758 0.046500
0 0.737434 0.739750 0.028507 0.045500
0 0.775131 0.723750 0.030383 0.045500
0 0.732558 0.697500 0.028507 0.040000
0 0.745874 0.644750 0.029632 0.036500
0 0.750563 0.674750 0.032258 0.037500
0 0.789197 0.657750 0.032258 0.045500
0 0.751313 0.611250 0.025506 0.032500
0 0.754689 0.573750 0.032258 0.038500
0 0.785821 0.571500 0.030008 0.039000
0 0.788635 0.609750 0.031133 0.041500
0 0.816954 0.639250 0.027757 0.043500
0 0.819767 0.595750 0.031133 0.040500
0 0.845836 0.620750 0.029257 0.042500
0 0.880533 0.602250 0.030383 0.046500
0 0.843398 0.580500 0.032633 0.036000
0 0.845086 0.543750 0.030758 0.038500
0 0.879782 0.529750 0.031883 0.033500
0 0.864779 0.488250 0.031883 0.043500
0 0.243811 0.413750 0.033008 0.045500