0 0.045761 0.362750 0.045011 0.051500
0 0.086647 0.370000 0.033008 0.053000
0 0.120968 0.373000 0.039385 0.046000
0 0.116467 0.323750 0.040135 0.046500
0 0.189047 0.283250 0.034509 0.058500
0 0.249437 0.291250 0.041260 0.050500
0 0.278507 0.261750 0.038635 0.046500
0 0.314329 0.271750 0.037509 0.055500
0 0.343586 0.243250 0.030758 0.053500
0 0.369280 0.218250 0.037884 0.055500
0 0.115716 0.422250 0.035634 0.044500
0 0.075206 0.477750 0.041635 0.044500
0 0.133346 0.448250 0.037884 0.044500
0 0.135596 0.489250 0.046887 0.041500
0 0.123031 0.529250 0.037509 0.047500
0 0.140473 0.600750 0.036384 0.047500
0 0.140285 0.674000 0.040510 0.045000
0 0.162791 0.723500 0.039010 0.046000
0 0.211928 0.751250 0.033758 0.050500
0 0.231620 0.793250 0.031133 0.043500
0 0.265379 0.801500 0.037134 0.046000
0 0.295761 0.784750 0.037884 0.040500
0 0.267442 0.719500 0.037509 0.038000
0 0.268755 0.689250 0.040885 0.040500
0 0.185671 0.645250 0.034509 0.050500
0 0.213428 0.662000 0.035259 0.047000
0 0.244749 0.649500 0.034134 0.049000
0 0.220180 0.611500 0.041260 0.058000
0 0.195799 0.580250 0.036759 0.044500
0 0.195799 0.532250 0.039760 0.051500
0 0.169167 0.517000 0.034509 0.046000
0 0.170855 0.468750 0.029632 0.053500
0 0.175731 0.415750 0.035634 0.049500
0 0.197299 0.465000 0.036759 0.051000
0 0.211365 0.424000 0.036384 0.055000
0 0.215866 0.368250 0.037134 0.053500
0 0.255626 0.411500 0.037884 0.047000
0 0.233308 0.327000 0.031508 0.049000
0 0.261440 0.330000 0.036009 0.048000
0 0.256002 0.365750 0.031883 0.044500
0 0.288822 0.369250 0.037509 0.046500
0 0.292011 0.421750 0.034884 0.046500
0 0.238372 0.469250 0.039385 0.043500
0 0.277569 0.458000 0.036009 0.043000
0 0.245499 0.524000 0.037134 0.049000
0 0.281883 0.521250 0.035634 0.044500
0 0.268380 0.559500 0.037884 0.050000
0 0.263503 0.610000 0.040135 0.052000
0 0.300075 0.600750 0.036009 0.058500
0 0.309452 0.550250 0.036759 0.040500
0 0.316767 0.497500 0.034134 0.045000
0 0.330083 0.450750 0.037509 0.042500
0 0.325956 0.397250 0.037509 0.044500
0 0.329332 0.350750 0.034509 0.050500
0 0.354651 0.368250 0.033383 0.050500
0 0.375844 0.405000 0.037509 0.045000
0 0.390848 0.377500 0.038260 0.055000
0 0.338522 0.309000 0.042386 0.053000
0 0.371155 0.319500 0.035634 0.055000
0 0.405101 0.336250 0.039760 0.056500
0 0.376594 0.268750 0.038260 0.042500
0 0.412228 0.282500 0.032258 0.046000
0 0.417104 0.239250 0.033758 0.051500
0 0.443361 0.202000 0.034509 0.052000
0 0.454426 0.257500 0.036384 0.051000
0 0.488560 0.267500 0.033383 0.053000
0 0.512753 0.219750 0.033008 0.045500
0 0.517629 0.272750 0.030008 0.052500
0 0.472806 0.317250 0.041635 0.052500
0 0.503751 0.309500 0.033008 0.045000
0 0.447862 0.351250 0.035259 0.047500
0 0.428545 0.397250 0.039385 0.048500
0 0.489122 0.348500 0.034509 0.045000
0 0.505064 0.385000 0.034884 0.049000
0 0.475244 0.407750 0.036759 0.053500
0 0.451050 0.428500 0.033383 0.053000
0 0.412603 0.437250 0.038260 0.041500
0 0.427794 0.473750 0.038635 0.050500
0 0.378657 0.450750 0.036384 0.045500
0 0.350338 0.490250 0.033008 0.049500
0 0.384471 0.500500 0.039010 0.051000
0 0.418230 0.523250 0.039010 0.042500
0 0.346774 0.544500 0.029632 0.052000
0 0.374906 0.550750 0.033383 0.046500
0 0.292198 0.632500 0.034509 0.042000
0 0.314891 0.666000 0.037134 0.045000
0 0.315454 0.708250 0.039760 0.042500
0 0.297449 0.805000 0.034509 0.032000
0 0.351275 0.791000 0.037884 0.050000
0 0.376594 0.853750 0.036759 0.042500
0 0.409227 0.858000 0.032258 0.056000
0 0.411290 0.810500 0.035634 0.043000
0 0.364966 0.746500 0.033758 0.042000
0 0.351463 0.712750 0.033758 0.041500
0 0.396662 0.766500 0.036384 0.050000
0 0.429482 0.765000 0.038260 0.045000
0 0.438485 0.801500 0.034509 0.044000
0 0.397599 0.719750 0.033758 0.043500
0 0.332333 0.629750 0.030008 0.045500
0 0.362903 0.653250 0.035634 0.047500
0 0.358215 0.614250 0.036759 0.041500
0 0.402101 0.592250 0.036009 0.042500
0 0.410915 0.650750 0.036384 0.044500
0 0.425731 0.568750 0.038260 0.048500
0 0.445236 0.599750 0.036759 0.050500
0 0.442986 0.647750 0.036759 0.055500
0 0.450300 0.882500 0.033383 0.045000
0 0.452738 0.829750 0.031508 0.045500
0 0.478807 0.865000 0.037134 0.044000
0 0.507502 0.917750 0.041260 0.043500
0 0.516504 0.854750 0.035259 0.046500
0 0.483683 0.820500 0.033383 0.046000
0 0.500563 0.778500 0.036384 0.045000
0 0.462116 0.749250 0.036009 0.036500
0 0.441110 0.703500 0.033008 0.046000
0 0.476932 0.707500 0.038635 0.048000
0 0.510878 0.695750 0.031508 0.042500
0 0.517629 0.726500 0.034509 0.040000
0 0.475994 0.654500 0.035259 0.043000
0 0.524944 0.651250 0.033383 0.046500
0 0.541635 0.658000 0.028507 0.048000
0 0.491748 0.599250 0.039010 0.033500
0 0.461740 0.561250 0.040510 0.039500
0 0.498125 0.564000 0.028507 0.050000
0 0.532446 0.589750 0.041635 0.040500
0 0.530383 0.542000 0.036759 0.041000
0 0.470180 0.507250 0.034884 0.047500
0 0.502626 0.488500 0.039010 0.040000
0 0.481058 0.452250 0.033383 0.040500
0 0.503563 0.424000 0.031883 0.040000
0 0.531133 0.450750 0.033758 0.040500
0 0.557389 0.232500 0.036009 0.054000
0 0.569955 0.197750 0.032633 0.053500
0 0.602213 0.201000 0.032633 0.040000
0 0.633533 0.181500 0.034509 0.050000
0 0.599400 0.258750 0.036759 0.048500
0 0.539760 0.310000 0.035259 0.049000
0 0.573706 0.302000 0.033383 0.050000
0 0.535071 0.356500 0.039385 0.048000
0 0.547074 0.412000 0.040885 0.048000
0 0.559452 0.493500 0.037134 0.039000
0 0.559452 0.545500 0.031133 0.042000
0 0.560953 0.605000 0.029632 0.048000
0 0.583271 0.625500 0.035259 0.046000
0 0.572018 0.700250 0.032258 0.048500
0 0.533008 0.775000 0.033758 0.042000
0 0.557577 0.748250 0.034134 0.043500
0 0.559077 0.790500 0.034134 0.044000
0 0.544824 0.833750 0.035634 0.042500
0 0.539572 0.870000 0.034884 0.036000
0 0.572581 0.882750 0.033383 0.038500
0 0.562828 0.926500 0.029632 0.045000
0 0.599400 0.889500 0.034509 0.031000
0 0.590773 0.827250 0.036759 0.045500
0 0.600713 0.840000 0.028132 0.031000
0 0.618905 0.848250 0.027007 0.040500
0 0.611403 0.800500 0.029257 0.048000
0 0.627907 0.797500 0.012753 0.039000
0 0.582333 0.758250 0.029632 0.046500
0 0.611403 0.751000 0.030758 0.039000
0 0.618155 0.714250 0.035259 0.038500
0 0.645911 0.689500 0.036009 0.043000
0 0.640848 0.725750 0.031133 0.039500
0 0.650225 0.749250 0.034884 0.043500
0 0.614966 0.630500 0.031133 0.047000
0 0.592273 0.588250 0.034509 0.035500
0 0.630720 0.589500 0.034884 0.048000
0 0.591523 0.526250 0.036759 0.039500
0 0.620780 0.540000 0.033758 0.045000
0 0.652476 0.538500 0.030383 0.048000
0 0.595649 0.478500 0.033008 0.044000
0 0.627532 0.496750 0.033758 0.044500
0 0.584209 0.431750 0.035634 0.042500
0 0.578770 0.391500 0.036009 0.042000
0 0.572018 0.350750 0.036009 0.048500
0 0.603713 0.358250 0.032633 0.045500
0 0.608027 0.307750 0.034509 0.053500
0 0.632783 0.230250 0.038260 0.051500
0 0.667854 0.160250 0.034134 0.052500
0 0.670668 0.214000 0.035259 0.049000
0 0.643473 0.276250 0.038635 0.050500
0 0.683046 0.283000 0.033008 0.039000
0 0.631283 0.350500 0.030758 0.040000
0 0.657352 0.330500 0.031883 0.048000
0 0.612716 0.404250 0.035634 0.045500
0 0.623968 0.441250 0.037884 0.048500
0 0.656602 0.485500 0.037884 0.046000
0 0.657539 0.437500 0.034509 0.049000
0 0.690360 0.452750 0.036384 0.041500
0 0.694486 0.407000 0.040885 0.047000
0 0.648912 0.387000 0.037509 0.046000
0 0.671605 0.371000 0.040135 0.049000
0 0.724869 0.381500 0.037884 0.042000
0 0.708740 0.313750 0.034884 0.049500
0 0.731808 0.341250 0.030008 0.045500
0 0.753938 0.317750 0.036009 0.046500
0 0.759940 0.359750 0.029257 0.043500
0 0.708927 0.254750 0.036009 0.047500
0 0.716054 0.211000 0.036759 0.047000
0 0.744186 0.180500 0.033758 0.049000
0 0.741560 0.243250 0.033758 0.044500
0 0.777569 0.211750 0.039760 0.044500
0 0.787884 0.254500 0.035634 0.044000
0 0.790510 0.297500 0.033383 0.047000
0 0.789572 0.351500 0.036759 0.044000
0 0.821268 0.352500 0.028882 0.049000
0 0.863466 0.364000 0.036009 0.048000
0 0.873406 0.322000 0.035634 0.043000
0 0.855589 0.236750 0.034509 0.048500
0 0.867217 0.266250 0.036759 0.048500
0 0.902101 0.273750 0.033758 0.050500
0 0.888222 0.351000 0.031508 0.042000
0 0.927044 0.380250 0.034134 0.045500
0 0.733121 0.426500 0.036384 0.051000
0 0.768005 0.405000 0.037884 0.047000
0 0.792011 0.390250 0.033383 0.039500
0 0.745686 0.477750 0.036009 0.044500
0 0.686234 0.512750 0.037134 0.040500
0 0.713428 0.522500 0.027757 0.042000
0 0.741560 0.521500 0.030758 0.040000
0 0.690173 0.556250 0.032258 0.046500
0 0.681170 0.596500 0.037509 0.043000
0 0.651913 0.618000 0.032258 0.040000
0 0.674419 0.656000 0.033008 0.040000
0 0.690923 0.682500 0.030758 0.042000
0 0.680045 0.729250 0.037509 0.049500
0 0.655289 0.807250 0.030758 0.044500
0 0.675544 0.842750 0.028507 0.040500
0 0.678920 0.780500 0.030008 0.039000
0 0.703301 0.751750 0.030758 0.036500
0 0.726744 0.726750 0.034884 0.046500
0 0.746062 0.760500 0.032258 0.044000
0 0.715491 0.671250 0.023631 0.030500
0 0.733308 0.654250 0.039760 0.043500
0 0.753376 0.696750 0.030383 0.037500
0 0.779257 0.698500 0.025881 0.040000
0 0.742873 0.625250 0.022881 0.031500
0 0.725244 0.605250 0.040885 0.041500
0 0.724681 0.566750 0.031508 0.049500
0 0.750375 0.571500 0.029632 0.040000
0 0.786009 0.651500 0.032633 0.049000
0 0.795761 0.676750 0.032633 0.039500
0 0.823706 0.698000 0.027757 0.048000
0 0.833271 0.618750 0.028882 0.039500
0 0.804951 0.605500 0.031508 0.038000
0 0.778320 0.553250 0.035259 0.041500
0 0.801950 0.567750 0.036759 0.041500
0 0.845274 0.563500 0.032633 0.043000
0 0.876594 0.570250 0.030758 0.047500
0 0.889910 0.529250 0.031883 0.048500
0 0.820143 0.522000 0.041635 0.038000
0 0.849025 0.497750 0.036384 0.036500
0 0.776819 0.499750 0.032258 0.043500
0 0.813578 0.490750 0.033008 0.040500
0 0.780195 0.454250 0.040510 0.037500
0 0.807764 0.433250 0.031883 0.049500
0 0.834584 0.457750 0.033758 0.039500
0 0.849962 0.423500 0.037509 0.045000
0 0.884659 0.426250 0.034884 0.047500
0 0.886722 0.473000 0.038260 0.046000
0 0.903038 0.450750 0.026632 0.044500
0 0.902288 0.407250 0.029632 0.042500
0 0.934921 0.445000 0.035634 0.036000
0 0.939985 0.485750 0.035259 0.036500
0 0.926107 0.519750 0.036009 0.044500
0 0.939235 0.549250 0.039760 0.039500