0 0.169542 0.361750 0.060015 0.099500
0 0.196362 0.424250 0.059640 0.094500
0 0.198050 0.294500 0.058515 0.097000
0 0.231058 0.340250 0.059265 0.104500
0 0.265379 0.423250 0.060390 0.099500
0 0.318267 0.356250 0.064141 0.102500
0 0.292011 0.267000 0.064141 0.094000
0 0.211178 0.203000 0.060765 0.098000
0 0.286009 0.156000 0.068642 0.096000
0 0.342086 0.213500 0.069017 0.088000
0 0.360653 0.116000 0.066392 0.096000
0 0.416917 0.100250 0.064891 0.109500
0 0.410353 0.220500 0.072018 0.094000
0 0.373968 0.309750 0.066017 0.098500
0 0.483496 0.202750 0.072768 0.115500
0 0.476369 0.317500 0.069017 0.109000
0 0.425356 0.368000 0.064516 0.108000
0 0.372468 0.436000 0.072018 0.104000
0 0.188297 0.514500 0.061515 0.089000
0 0.250938 0.532250 0.060765 0.094500
0 0.221493 0.597000 0.060390 0.088000
0 0.310390 0.533500 0.056639 0.103000
0 0.369655 0.532750 0.067892 0.095500
0 0.430608 0.495000 0.076519 0.108000
0 0.496437 0.418250 0.086647 0.100500
0 0.443736 0.593500 0.071268 0.096000
0 0.300450 0.622500 0.069767 0.099000
0 0.364029 0.617000 0.067142 0.092000
0 0.416167 0.668250 0.071643 0.092500
0 0.495874 0.670000 0.081770 0.098000
0 0.258627 0.682750 0.062641 0.093500
0 0.304951 0.719250 0.059265 0.096500
0 0.270818 0.783500 0.060015 0.091000
0 0.364966 0.734250 0.065266 0.095500
0 0.378657 0.802500 0.068642 0.075000
0 0.450300 0.801750 0.064891 0.099500
0 0.516692 0.794250 0.071643 0.101500
0 0.572206 0.742250 0.079145 0.108500
0 0.556077 0.631750 0.073893 0.104500
0 0.506752 0.102500 0.069017 0.101000
0 0.578020 0.154000 0.078770 0.110000
0 0.617404 0.247250 0.077269 0.112500
0 0.557202 0.327750 0.071643 0.111500
0 0.651350 0.341250 0.085146 0.105500
0 0.704801 0.268250 0.087022 0.108500
0 0.734621 0.391000 0.085896 0.112000
0 0.589647 0.440250 0.080270 0.103500
0 0.531695 0.506500 0.070893 0.119000
0 0.624906 0.546000 0.079520 0.104000
0 0.672168 0.462750 0.076519 0.113500
0 0.730120 0.521750 0.085146 0.114500
0 0.698612 0.608500 0.082896 0.109000
0 0.648537 0.714250 0.083271 0.095500
0 0.729182 0.782000 0.084771 0.107000
0 0.602401 0.802250 0.064516 0.068500
0 0.651913 0.778750 0.078020 0.070500
0 0.801388 0.775000 0.098650 0.112000
0 0.891223 0.700000 0.097524 0.110000
0 0.777382 0.631500 0.088147 0.109000
0 0.864216 0.589250 0.095274 0.105500
0 0.798575 0.474750 0.098275 0.109500
0 0.807202 0.313750 0.099025 0.119500