0 0.312828 0.204250 0.023256 0.029500
0 0.317517 0.246750 0.022131 0.031500
0 0.291073 0.265500 0.018005 0.037000
0 0.276632 0.296000 0.020630 0.037000
0 0.289010 0.302000 0.023631 0.037000
0 0.321080 0.278750 0.021755 0.032500
0 0.339272 0.279250 0.022881 0.037500
0 0.351088 0.227750 0.021005 0.034500
0 0.379782 0.246750 0.024381 0.035500
0 0.391223 0.211750 0.024006 0.036500
0 0.413541 0.229500 0.034134 0.042000
0 0.415416 0.266000 0.019880 0.034000
0 0.427607 0.266500 0.027007 0.039000
0 0.445799 0.278500 0.027382 0.039000
0 0.468492 0.262750 0.026257 0.035500
0 0.492123 0.280500 0.024006 0.034000
0 0.412041 0.290250 0.022131 0.023500
0 0.409602 0.314000 0.024756 0.039000
0 0.436234 0.303250 0.024006 0.032500
0 0.371718 0.277250 0.026257 0.035500
0 0.373781 0.303000 0.022131 0.034000
0 0.377157 0.334250 0.020630 0.038500
0 0.333458 0.313500 0.026257 0.037000
0 0.319955 0.313250 0.014254 0.039500
0 0.295761 0.340250 0.022881 0.040500
0 0.258815 0.325250 0.024006 0.036500
0 0.265191 0.359750 0.027007 0.031500
0 0.269130 0.396250 0.024381 0.040500
0 0.282821 0.413000 0.021005 0.038000
0 0.297074 0.411750 0.021755 0.041500
0 0.300825 0.377000 0.023256 0.036000
0 0.331208 0.358250 0.024756 0.037500
0 0.341335 0.343000 0.027757 0.041000
0 0.335896 0.387500 0.025131 0.034000
0 0.328582 0.427750 0.025506 0.034500
0 0.328020 0.458500 0.024381 0.033000
0 0.349587 0.420000 0.021755 0.039000
0 0.359152 0.386500 0.025131 0.041000
0 0.371718 0.413750 0.026257 0.045500
0 0.384096 0.375750 0.024756 0.036500
0 0.405851 0.389000 0.027007 0.030000
0 0.399100 0.345500 0.023256 0.041000
0 0.409040 0.418500 0.022131 0.035000
0 0.400413 0.444500 0.023631 0.032000
0 0.272131 0.433000 0.022881 0.033000
0 0.261440 0.472000 0.021755 0.035000
0 0.297074 0.456500 0.023256 0.034000
0 0.308702 0.484750 0.018755 0.035500
0 0.275881 0.506000 0.026632 0.030000
0 0.253001 0.517000 0.024381 0.037000
0 0.279070 0.545000 0.025506 0.037000
0 0.316204 0.519000 0.025506 0.041000
0 0.335896 0.493500 0.025881 0.034000
0 0.347712 0.524000 0.026257 0.030000
0 0.345461 0.545500 0.027757 0.035000
0 0.373031 0.520750 0.022881 0.037500
0 0.368905 0.486000 0.022131 0.036000
0 0.394786 0.484500 0.025131 0.030000
0 0.412416 0.491250 0.022881 0.040500
0 0.422731 0.459750 0.024756 0.038500
0 0.437172 0.481250 0.028132 0.034500
0 0.450488 0.450750 0.017254 0.037500
0 0.435484 0.519250 0.025506 0.031500
0 0.400600 0.523750 0.024756 0.030500
0 0.391410 0.554250 0.022881 0.035500
0 0.414291 0.548500 0.019880 0.037000
0 0.431733 0.552750 0.022506 0.044500
0 0.412228 0.582250 0.024006 0.038500
0 0.389535 0.599750 0.024381 0.039500
0 0.348087 0.580250 0.024756 0.038500
0 0.311515 0.578000 0.023631 0.040000
0 0.286197 0.588000 0.027757 0.038000
0 0.294449 0.618500 0.025506 0.036000
0 0.270068 0.630750 0.024006 0.036500
0 0.301388 0.663000 0.020630 0.033000
0 0.315641 0.650500 0.021380 0.035000
0 0.335334 0.640500 0.023256 0.037000
0 0.358590 0.618500 0.026257 0.038000
0 0.375094 0.642750 0.023256 0.038500
0 0.354464 0.658500 0.027757 0.037000
0 0.322768 0.686000 0.016129 0.034000
0 0.340023 0.688500 0.027382 0.036000
0 0.367404 0.688250 0.022881 0.033500
0 0.381658 0.710500 0.029632 0.041000
0 0.397599 0.688750 0.024006 0.031500
0 0.400225 0.659750 0.026257 0.039500
0 0.407352 0.622750 0.026257 0.030500
0 0.424794 0.645000 0.019130 0.043000
0 0.432483 0.597500 0.021005 0.038000
0 0.448800 0.610500 0.025881 0.037000
0 0.454989 0.584500 0.025506 0.032000
0 0.448612 0.649500 0.027757 0.042000
0 0.447674 0.681250 0.022881 0.032500
0 0.423293 0.694250 0.026632 0.034500
0 0.335146 0.722750 0.028882 0.038500
0 0.338897 0.756000 0.025131 0.034000
0 0.362341 0.752750 0.026257 0.035500
0 0.349775 0.794250 0.025131 0.035500
0 0.373593 0.821250 0.026257 0.034500
0 0.399287 0.832750 0.025881 0.038500
0 0.415791 0.877250 0.024381 0.035500
0 0.374156 0.786500 0.026632 0.042000
0 0.394974 0.791750 0.017254 0.038500
0 0.396474 0.753250 0.027007 0.035500
0 0.415604 0.745250 0.024006 0.043500
0 0.415229 0.790750 0.021755 0.043500
0 0.427232 0.837250 0.024006 0.040500
0 0.435484 0.829250 0.028507 0.038500
0 0.441110 0.877500 0.024006 0.041000
0 0.457802 0.875500 0.029632 0.034000
0 0.466617 0.830500 0.028507 0.038000
0 0.443923 0.795750 0.025881 0.033500
0 0.467554 0.797750 0.026632 0.031500
0 0.496812 0.790000 0.025131 0.032000
0 0.488372 0.758750 0.027757 0.044500
0 0.474119 0.760500 0.021005 0.042000
0 0.435859 0.724000 0.027757 0.036000
0 0.441673 0.755750 0.028132 0.033500
0 0.472056 0.722000 0.028132 0.031000
0 0.470555 0.690500 0.023631 0.045000
0 0.503751 0.702250 0.027757 0.042500
0 0.519880 0.680750 0.029257 0.036500
0 0.538822 0.715250 0.028132 0.047500
0 0.527944 0.744000 0.026632 0.044000
0 0.531508 0.784500 0.033758 0.041000
0 0.525881 0.818250 0.027007 0.036500
0 0.495124 0.847500 0.028507 0.037000
0 0.500563 0.888750 0.034134 0.042500
0 0.544636 0.888750 0.029257 0.039500
0 0.544636 0.842000 0.033008 0.039000
0 0.564329 0.763250 0.032633 0.047500
0 0.569205 0.720000 0.028132 0.044000
0 0.556077 0.681750 0.028132 0.040500
0 0.547637 0.644250 0.024756 0.039500
0 0.507127 0.638000 0.020255 0.041000
0 0.482371 0.650500 0.029257 0.036000
0 0.482933 0.593500 0.033383 0.048000
0 0.512378 0.600000 0.022506 0.036000
0 0.531320 0.608250 0.028132 0.035500
0 0.559265 0.606250 0.024756 0.043500
0 0.528507 0.568250 0.027007 0.041500
0 0.551950 0.559500 0.028132 0.040000
0 0.516317 0.533500 0.027382 0.038000
0 0.464366 0.553250 0.027007 0.038500
0 0.482933 0.514500 0.025131 0.042000
0 0.481058 0.475000 0.028132 0.043000
0 0.499812 0.494250 0.022131 0.036500
0 0.516879 0.492000 0.027007 0.040000
0 0.515754 0.457500 0.028507 0.035000
0 0.483496 0.440750 0.027007 0.040500
0 0.523068 0.431250 0.026632 0.034500
0 0.453113 0.416500 0.023256 0.035000
0 0.468117 0.396750 0.028507 0.038500
0 0.434921 0.384500 0.022881 0.035000
0 0.445986 0.363750 0.027007 0.042500
0 0.428357 0.346500 0.024006 0.037000
0 0.463428 0.334500 0.019130 0.039000
0 0.481808 0.338250 0.024381 0.042500
0 0.493998 0.369750 0.028507 0.038500
0 0.517629 0.382250 0.027007 0.039500
0 0.540510 0.403000 0.027757 0.036000
0 0.563766 0.386000 0.029257 0.042000
0 0.550075 0.368750 0.029632 0.034500
0 0.515566 0.350500 0.026632 0.033000
0 0.510503 0.305500 0.027757 0.036000
0 0.535446 0.314250 0.027382 0.035500
0 0.511628 0.259750 0.021005 0.046500
0 0.529070 0.263500 0.024381 0.040000
0 0.545949 0.235750 0.026632 0.037500
0 0.567142 0.242750 0.028507 0.039500
0 0.564704 0.282750 0.028882 0.039500
0 0.595461 0.270000 0.028132 0.031000
0 0.612903 0.239250 0.030008 0.036500
0 0.624906 0.267000 0.029257 0.040000
0 0.657727 0.203250 0.031133 0.042500
0 0.687734 0.238250 0.032633 0.040500
0 0.717367 0.251000 0.030383 0.037000
0 0.718867 0.274750 0.032633 0.040500
0 0.689985 0.276500 0.029632 0.043000
0 0.752063 0.247000 0.030008 0.049000
0 0.775881 0.324500 0.031133 0.049000
0 0.814516 0.314500 0.030383 0.053000
0 0.734621 0.341250 0.034134 0.041500
0 0.712678 0.326500 0.032258 0.043000
0 0.698237 0.357500 0.033383 0.041000
0 0.740435 0.375750 0.035259 0.046500
0 0.765379 0.376500 0.025131 0.048000
0 0.781133 0.410750 0.030383 0.039500
0 0.796137 0.453250 0.039385 0.047500
0 0.735184 0.434500 0.030758 0.047000
0 0.759190 0.471250 0.036759 0.050500
0 0.698987 0.422250 0.031883 0.046500
0 0.673481 0.408750 0.028132 0.043500
0 0.659040 0.374000 0.033008 0.040000
0 0.664854 0.332500 0.030383 0.049000
0 0.635596 0.344500 0.031883 0.040000
0 0.598650 0.308750 0.028507 0.040500
0 0.562641 0.335250 0.030758 0.037500
0 0.591710 0.347750 0.026632 0.043500
0 0.595836 0.407500 0.025881 0.039000
0 0.633721 0.405500 0.028882 0.042000
0 0.570705 0.446750 0.031883 0.036500
0 0.546887 0.464500 0.027757 0.033000
0 0.548762 0.489500 0.031508 0.041000
0 0.538822 0.525000 0.022131 0.043000
0 0.571643 0.537750 0.037509 0.039500
0 0.586272 0.505500 0.027757 0.039000
0 0.614779 0.491250 0.031508 0.044500
0 0.610465 0.451500 0.028132 0.038000
0 0.633721 0.458750 0.029632 0.041500
0 0.661290 0.478500 0.033008 0.040000
0 0.678170 0.457250 0.032258 0.041500
0 0.691110 0.495250 0.028132 0.044500
0 0.727307 0.499250 0.035259 0.043500
0 0.741560 0.541250 0.027007 0.040500
0 0.798012 0.526250 0.034134 0.050500
0 0.791073 0.569750 0.024756 0.046500
0 0.738935 0.583750 0.030758 0.040500
0 0.777194 0.606500 0.034509 0.047000
0 0.709677 0.584000 0.030008 0.044000
0 0.684546 0.536750 0.040510 0.039500
0 0.652476 0.545500 0.028882 0.039000
0 0.667479 0.571250 0.034884 0.044500
0 0.638785 0.582750 0.030008 0.043500
0 0.658102 0.607000 0.027382 0.045000
0 0.610278 0.542500 0.030758 0.041000
0 0.586459 0.572000 0.026632 0.034000
0 0.598087 0.592500 0.031883 0.040000
0 0.605776 0.626500 0.032258 0.038000
0 0.575956 0.643000 0.029632 0.032000
0 0.580083 0.674500 0.028132 0.040000
0 0.606339 0.708500 0.028132 0.040000
0 0.635034 0.731000 0.030758 0.044000
0 0.656039 0.714500 0.032258 0.039000
0 0.627719 0.684750 0.028882 0.040500
0 0.641223 0.645250 0.035634 0.040500
0 0.675169 0.677250 0.031508 0.042500
0 0.695424 0.653000 0.036759 0.047000
0 0.715304 0.670000 0.022506 0.036000
0 0.720930 0.629750 0.027757 0.044500
0 0.749250 0.651500 0.030383 0.055000
0 0.770818 0.685500 0.036759 0.036000
0 0.790510 0.646750 0.030383 0.045500
0 0.755439 0.728500 0.030758 0.047000
0 0.765754 0.758750 0.028132 0.045500
0 0.752063 0.787250 0.033008 0.043500
0 0.729932 0.758750 0.025506 0.045500
0 0.698237 0.736500 0.030383 0.047000
0 0.670855 0.776750 0.030383 0.044500
0 0.680045 0.811250 0.031508 0.040500
0 0.707989 0.786250 0.028132 0.037500
0 0.612903 0.755250 0.030008 0.045500
0 0.595274 0.784750 0.021005 0.049500
0 0.615716 0.802250 0.033383 0.045500
0 0.645349 0.789000 0.025881 0.040000
0 0.649100 0.835750 0.029632 0.044500
0 0.621530 0.858250 0.031508 0.050500
0 0.583833 0.846000 0.033383 0.051000
0 0.576707 0.873000 0.030383 0.050000