0 0.162177 0.836750 0.049757 0.059500
0 0.218668 0.807500 0.043771 0.049000
0 0.223906 0.753250 0.048260 0.055500
0 0.264310 0.803500 0.045267 0.051000
0 0.309390 0.789250 0.038908 0.051500
0 0.242611 0.685500 0.040030 0.064000
0 0.216423 0.580750 0.047512 0.064500
0 0.250468 0.619250 0.049757 0.060500
0 0.263374 0.566500 0.040404 0.065000
0 0.232884 0.496500 0.047512 0.062000
0 0.274411 0.459500 0.048260 0.065000
0 0.288253 0.513500 0.045267 0.059000
0 0.251590 0.321250 0.041526 0.056500
0 0.278900 0.280000 0.046764 0.069000
0 0.281519 0.340500 0.048260 0.056000
0 0.308268 0.393250 0.045642 0.064500
0 0.337636 0.445500 0.046764 0.053000
0 0.349794 0.505000 0.047138 0.060000
0 0.366255 0.558750 0.047886 0.057500
0 0.402357 0.597250 0.037037 0.053500
0 0.314067 0.596750 0.044519 0.050500
0 0.357838 0.627750 0.049009 0.050500
0 0.287879 0.657250 0.046016 0.061500
0 0.341190 0.671000 0.047886 0.056000
0 0.302282 0.731000 0.038159 0.058000
0 0.333333 0.739250 0.035166 0.048500
0 0.352226 0.716000 0.043771 0.053000
0 0.384212 0.754750 0.046390 0.051500
0 0.403666 0.791500 0.041900 0.046000
0 0.362514 0.838500 0.040404 0.053000
0 0.405537 0.864000 0.046390 0.042000
0 0.442387 0.852000 0.040030 0.037000
0 0.465021 0.822750 0.044893 0.049500
0 0.482604 0.862500 0.037411 0.049000
0 0.510288 0.814750 0.041152 0.043500
0 0.548073 0.821000 0.037411 0.049000
0 0.527310 0.780500 0.043023 0.055000
0 0.476618 0.763000 0.040404 0.053000
0 0.433782 0.761750 0.039282 0.051500
0 0.400860 0.704500 0.041526 0.055000
0 0.444632 0.720250 0.043023 0.050500
0 0.449121 0.675500 0.045267 0.048000
0 0.483913 0.707500 0.042275 0.062000
0 0.520202 0.715500 0.042275 0.050000
0 0.523756 0.684250 0.044893 0.058500
0 0.560419 0.744250 0.038159 0.049500
0 0.576132 0.767000 0.035166 0.051000
0 0.590161 0.708750 0.041526 0.045500
0 0.560793 0.687000 0.038159 0.053000
0 0.551814 0.636500 0.035915 0.067000
0 0.490273 0.639250 0.044519 0.059500
0 0.442761 0.615000 0.040778 0.054000
0 0.482230 0.587500 0.038159 0.059000
0 0.446315 0.547500 0.047886 0.049000
0 0.488215 0.528750 0.045642 0.057500
0 0.411710 0.498500 0.045267 0.056000
0 0.383651 0.463750 0.045267 0.063500
0 0.396558 0.402750 0.050879 0.069500
0 0.427235 0.442750 0.041900 0.060500
0 0.457912 0.471250 0.047138 0.067500
0 0.488403 0.435750 0.046764 0.057500
0 0.507856 0.477500 0.047512 0.060000
0 0.539282 0.529250 0.043771 0.057500
0 0.566779 0.572250 0.043397 0.054500
0 0.388702 0.663000 0.041152 0.057000
0 0.331837 0.227250 0.047886 0.064500
0 0.354658 0.289500 0.056117 0.068000
0 0.372241 0.343500 0.047886 0.063000
0 0.382342 0.211750 0.053872 0.071500
0 0.401422 0.281250 0.044893 0.067500
0 0.414703 0.163000 0.049009 0.073000
0 0.438272 0.234750 0.050505 0.068500
0 0.477366 0.163250 0.053872 0.060500
0 0.513468 0.198250 0.043771 0.070500
0 0.545080 0.131500 0.052376 0.074000
0 0.483352 0.260500 0.041900 0.072000
0 0.445941 0.300250 0.051627 0.065500
0 0.493079 0.322000 0.047886 0.069000
0 0.446315 0.369000 0.050879 0.065000
0 0.514964 0.385250 0.054994 0.064500
0 0.538721 0.335000 0.043397 0.066000
0 0.530864 0.267000 0.044893 0.067000
0 0.600449 0.130000 0.048634 0.072000
0 0.625140 0.089250 0.038159 0.070500
0 0.657688 0.163750 0.049383 0.077500
0 0.591844 0.189250 0.053124 0.069500
0 0.616349 0.229000 0.034792 0.071000
0 0.584923 0.271000 0.048260 0.072000
0 0.578002 0.337000 0.038159 0.070000
0 0.584175 0.398000 0.046016 0.058000
0 0.628133 0.391000 0.047138 0.051000
0 0.593715 0.470250 0.047886 0.065500
0 0.619342 0.496500 0.038533 0.066000
0 0.659184 0.475750 0.041900 0.061500
0 0.680135 0.416750 0.047138 0.055500
0 0.603816 0.575000 0.037411 0.056000
0 0.647400 0.573250 0.041526 0.057500
0 0.595398 0.633500 0.045267 0.054000
0 0.605312 0.680750 0.042649 0.047500
0 0.638608 0.688750 0.037411 0.051500
0 0.669473 0.701500 0.037785 0.053000
0 0.650019 0.637250 0.040030 0.055500
0 0.677703 0.653500 0.042275 0.050000
0 0.687991 0.596500 0.044893 0.048000
0 0.714927 0.554750 0.041152 0.053500
0 0.745978 0.557750 0.031425 0.055500
0 0.779274 0.558500 0.035915 0.042000
0 0.700337 0.510250 0.036663 0.058500
0 0.757015 0.042500 0.049757 0.084000
0 0.699214 0.079500 0.047886 0.059000
0 0.716985 0.155000 0.049009 0.075000
0 0.770108 0.118750 0.045267 0.074500
0 0.815937 0.129750 0.047138 0.063500
0 0.679386 0.222000 0.047138 0.069000
0 0.742237 0.226000 0.044893 0.069000
0 0.792181 0.211000 0.040030 0.068000
0 0.821549 0.207750 0.032174 0.057500
0 0.688739 0.303750 0.047886 0.064500
0 0.745604 0.282250 0.047886 0.053500
0 0.806584 0.310250 0.046390 0.067500
0 0.833707 0.282750 0.043771 0.064500
0 0.748410 0.350750 0.042275 0.061500
0 0.708754 0.364750 0.043771 0.062500
0 0.753086 0.403000 0.045642 0.060000
0 0.792555 0.370000 0.042275 0.057000
0 0.819117 0.405250 0.039282 0.060500
0 0.840441 0.351750 0.043771 0.056500
0 0.862701 0.461750 0.047138 0.053500
0 0.806584 0.489000 0.040404 0.055000
0 0.729330 0.458250 0.043771 0.050500
0 0.760756 0.491500 0.043771 0.062000