0 0.052701 0.440500 0.063391 0.079000
0 0.085334 0.357750 0.061890 0.079500
0 0.124344 0.326250 0.073143 0.087500
0 0.148350 0.401500 0.067892 0.084000
0 0.122656 0.450500 0.064516 0.072000
0 0.083271 0.511500 0.057764 0.072000
0 0.113841 0.569750 0.060390 0.062500
0 0.140285 0.538500 0.054014 0.071000
0 0.171980 0.588000 0.052888 0.072000
0 0.123406 0.660750 0.058515 0.068500
0 0.202363 0.660750 0.057389 0.051500
0 0.208552 0.571500 0.050263 0.066000
0 0.187359 0.486750 0.062641 0.064500
0 0.204801 0.462250 0.066017 0.077500
0 0.226744 0.374750 0.070893 0.083500
0 0.204239 0.280750 0.061140 0.082500
0 0.296699 0.240000 0.065266 0.095000
0 0.287134 0.331500 0.073893 0.084000
0 0.311515 0.411000 0.067892 0.069000
0 0.274944 0.461500 0.066017 0.075000
0 0.242311 0.519750 0.058515 0.067500
0 0.277194 0.585500 0.057014 0.070000
0 0.255626 0.629000 0.057389 0.045000
0 0.260878 0.680500 0.052138 0.056000
0 0.152101 0.758250 0.055139 0.059500
0 0.255626 0.749000 0.051388 0.055000
0 0.309077 0.746500 0.046512 0.050000
0 0.357652 0.739750 0.050638 0.055500
0 0.413916 0.735500 0.049137 0.055000
0 0.459677 0.704750 0.052888 0.044500
0 0.313766 0.689750 0.059640 0.061500
0 0.369467 0.681750 0.054014 0.059500
0 0.438860 0.650250 0.054764 0.058500
0 0.498687 0.653500 0.053638 0.062000
0 0.468117 0.604250 0.057764 0.060500
0 0.380345 0.633500 0.059265 0.042000
0 0.313578 0.640250 0.061515 0.058500
0 0.347712 0.587250 0.060765 0.069500
0 0.308327 0.522250 0.067517 0.068500
0 0.395724 0.556250 0.060015 0.056500
0 0.453301 0.543750 0.058890 0.069500
0 0.484621 0.480250 0.057764 0.054500
0 0.411290 0.500250 0.061890 0.069500
0 0.342461 0.482250 0.063766 0.080500
0 0.382221 0.412750 0.066017 0.077500
0 0.448987 0.431000 0.067517 0.083000
0 0.375656 0.248250 0.069392 0.090500
0 0.406789 0.354000 0.063391 0.092000
0 0.465679 0.302750 0.067142 0.084500
0 0.528132 0.259000 0.070518 0.095000
0 0.610840 0.244000 0.064891 0.094000
0 0.683983 0.293500 0.067142 0.086000
0 0.518567 0.360500 0.070143 0.080000
0 0.591335 0.366000 0.059640 0.078000
0 0.657727 0.382250 0.066392 0.074500
0 0.533758 0.438500 0.059265 0.080000
0 0.588522 0.464250 0.062266 0.071500
0 0.654726 0.465000 0.067142 0.073000
0 0.714179 0.437250 0.065266 0.064500
0 0.539197 0.497500 0.059640 0.061000
0 0.615716 0.527500 0.055139 0.072000
0 0.679670 0.517500 0.065266 0.064000
0 0.739497 0.510500 0.058890 0.071000
0 0.523818 0.569750 0.059640 0.053500
0 0.584584 0.576000 0.055889 0.065000
0 0.642348 0.558750 0.044636 0.064500
0 0.700113 0.561250 0.055139 0.062500
0 0.554014 0.638500 0.054014 0.066000
0 0.610840 0.639000 0.052888 0.058000
0 0.669730 0.623000 0.061890 0.055000
0 0.721305 0.611000 0.054014 0.058000
0 0.764254 0.572000 0.057389 0.067000
0 0.545761 0.691500 0.048012 0.056000
0 0.594524 0.685250 0.049512 0.046500
0 0.650975 0.682750 0.055139 0.055500
0 0.702551 0.673000 0.054014 0.050000
0 0.754126 0.673000 0.051388 0.053000
0 0.804576 0.677250 0.051013 0.051500
0 0.864591 0.670500 0.048762 0.054000
0 0.781695 0.622000 0.056264 0.052000
0 0.836084 0.620000 0.050263 0.056000
0 0.897412 0.609750 0.047637 0.058500
0 0.907727 0.636750 0.045761 0.058500
0 0.826332 0.569500 0.059265 0.052000
0 0.880908 0.554250 0.056639 0.065500
0 0.930795 0.540750 0.047637 0.066500
0 0.805701 0.513750 0.058515 0.069500
0 0.871530 0.482500 0.061140 0.062000
0 0.926857 0.487000 0.062266 0.062000
0 0.791260 0.457250 0.067892 0.070500
0 0.845836 0.424000 0.066017 0.081000
0 0.770443 0.384750 0.065266 0.083500
0 0.779632 0.304000 0.067142 0.086000
0 0.828957 0.328750 0.059265 0.079500