0 0.122709 0.205000 0.038908 0.064000
0 0.151515 0.169500 0.055368 0.071000
0 0.185933 0.129250 0.054620 0.071500
0 0.205387 0.189750 0.056865 0.068500
0 0.148709 0.243750 0.052750 0.066500
0 0.119903 0.285500 0.057239 0.074000
0 0.171904 0.300500 0.051253 0.068000
0 0.151141 0.353750 0.051627 0.058500
0 0.145903 0.404000 0.052376 0.049000
0 0.188365 0.415750 0.038533 0.059500
0 0.170221 0.468250 0.044893 0.066500
0 0.218481 0.464500 0.047138 0.057000
0 0.204452 0.511250 0.047512 0.057500
0 0.243172 0.500000 0.040404 0.060000
0 0.258511 0.456250 0.049383 0.060500
0 0.302469 0.492500 0.043023 0.052000
0 0.235129 0.401750 0.046764 0.063500
0 0.203891 0.349000 0.042649 0.070000
0 0.238309 0.322750 0.045642 0.063500
0 0.207071 0.256500 0.049009 0.069000
0 0.279087 0.284000 0.050879 0.071000
0 0.278900 0.372250 0.047512 0.059500
0 0.309764 0.336750 0.054620 0.060500
0 0.302469 0.429250 0.046764 0.057500
0 0.341751 0.460750 0.046016 0.058500
0 0.357089 0.514250 0.046764 0.050500
0 0.393191 0.540000 0.041152 0.053000
0 0.437523 0.555500 0.043023 0.053000
0 0.453797 0.500500 0.041900 0.053000
0 0.409465 0.492000 0.048260 0.051000
0 0.385335 0.435750 0.047886 0.061500
0 0.438646 0.448500 0.046764 0.057000
0 0.341751 0.377500 0.049009 0.059000
0 0.384025 0.352750 0.048260 0.062500
0 0.255705 0.162000 0.053498 0.073000
0 0.291059 0.215000 0.053872 0.071000
0 0.339319 0.210750 0.048634 0.060500
0 0.306397 0.149500 0.046390 0.073000
0 0.291059 0.072750 0.050879 0.074500
0 0.331463 0.041750 0.055368 0.080500
0 0.344183 0.120500 0.056865 0.074000
0 0.382903 0.075000 0.058736 0.070000
0 0.391882 0.163750 0.054246 0.076500
0 0.389637 0.230500 0.048260 0.070000
0 0.392817 0.294000 0.053124 0.065000
0 0.428358 0.336250 0.050131 0.069500
0 0.417695 0.387000 0.050505 0.054000
0 0.473438 0.420000 0.049757 0.055000
0 0.486719 0.474000 0.045642 0.059000
0 0.500374 0.515000 0.045267 0.052000
0 0.500561 0.575000 0.043397 0.050000
0 0.540591 0.594250 0.042649 0.051500
0 0.538721 0.542000 0.038908 0.057000
0 0.530303 0.492500 0.046016 0.060000
0 0.575758 0.589250 0.037411 0.061500
0 0.610363 0.623250 0.044519 0.046500
0 0.653199 0.608250 0.049383 0.044500
0 0.663861 0.579750 0.046764 0.046500
0 0.701833 0.610250 0.050131 0.058500
0 0.616536 0.574000 0.050879 0.054000
0 0.598765 0.535500 0.043771 0.053000
0 0.569211 0.491500 0.048260 0.060000
0 0.554620 0.439750 0.040030 0.062500
0 0.514964 0.402250 0.048260 0.060500
0 0.474560 0.363500 0.051253 0.058000
0 0.433221 0.269750 0.047886 0.069500
0 0.482417 0.305500 0.046764 0.064000
0 0.435279 0.195000 0.052001 0.075000
0 0.436027 0.106500 0.053498 0.070000
0 0.490647 0.069500 0.053498 0.070000
0 0.475309 0.155250 0.052750 0.072500
0 0.481481 0.221750 0.051627 0.063500
0 0.539843 0.065750 0.050879 0.077500
0 0.533296 0.142000 0.049009 0.069000
0 0.532174 0.215500 0.045267 0.072000
0 0.524691 0.279750 0.046016 0.071500
0 0.558361 0.355750 0.045267 0.062500
0 0.597269 0.376500 0.043771 0.068000
0 0.601945 0.436500 0.051627 0.054000
0 0.614478 0.486750 0.045267 0.055500
0 0.643098 0.531250 0.047886 0.048500
0 0.661429 0.478500 0.044893 0.054000
0 0.683876 0.522250 0.044145 0.064500
0 0.716423 0.549000 0.045642 0.055000
0 0.770857 0.605000 0.037037 0.053000
0 0.734194 0.507500 0.049757 0.052000
0 0.705574 0.470000 0.053872 0.060000
0 0.666667 0.428000 0.050879 0.054000
0 0.777965 0.524750 0.046764 0.057500
0 0.801160 0.560250 0.043023 0.043500
0 0.818930 0.500250 0.048634 0.065500
0 0.752525 0.457000 0.049757 0.057000
0 0.790123 0.463750 0.041152 0.056500
0 0.838010 0.452250 0.053124 0.056500
0 0.709315 0.408500 0.049383 0.064000
0 0.666293 0.367500 0.051627 0.069000
0 0.599327 0.318500 0.053124 0.059000
0 0.582866 0.249500 0.049383 0.061000
0 0.577628 0.190000 0.050879 0.070000
0 0.634493 0.262750 0.047138 0.062500
0 0.596708 0.064250 0.050879 0.076500
0 0.616162 0.128250 0.054620 0.064500
0 0.628133 0.197500 0.056117 0.059000
0 0.678264 0.173250 0.055368 0.067500
0 0.678077 0.266000 0.051253 0.075000
0 0.700898 0.315250 0.046764 0.059500
0 0.745604 0.356500 0.047886 0.064000
0 0.777965 0.401750 0.052750 0.050500
0 0.788814 0.345500 0.048260 0.058000
0 0.827909 0.393000 0.043397 0.056000
0 0.878788 0.380750 0.050879 0.063500
0 0.745417 0.279000 0.053498 0.070000
0 0.717172 0.217500 0.047138 0.072000
0 0.726712 0.131000 0.054246 0.068000
0 0.763936 0.214250 0.052376 0.067500
0 0.793490 0.260500 0.044893 0.067000
0 0.834082 0.289000 0.051253 0.075000
0 0.331650 0.272500 0.045267 0.055000