0 0.403038 0.122750 0.060390 0.097500
0 0.325206 0.174750 0.053263 0.073500
0 0.283196 0.216000 0.048762 0.081000
0 0.217367 0.236750 0.058140 0.088500
0 0.402851 0.211250 0.042761 0.068500
0 0.371905 0.232000 0.046887 0.074000
0 0.326707 0.259500 0.065266 0.076000
0 0.285446 0.312000 0.057014 0.076000
0 0.233683 0.347000 0.062266 0.082000
0 0.191298 0.385750 0.057014 0.073500
0 0.168042 0.461000 0.058515 0.075000
0 0.209115 0.507500 0.050638 0.066000
0 0.177607 0.565750 0.061890 0.068500
0 0.137847 0.642250 0.062641 0.074500
0 0.159040 0.685000 0.058515 0.057000
0 0.335146 0.331500 0.048387 0.076000
0 0.301200 0.381000 0.054014 0.072000
0 0.253938 0.436500 0.059265 0.072000
0 0.262941 0.492500 0.056264 0.062000
0 0.253563 0.568500 0.051763 0.062000
0 0.446549 0.256750 0.052888 0.076500
0 0.399475 0.304250 0.057014 0.073500
0 0.528507 0.235000 0.055514 0.079000
0 0.520630 0.291000 0.042011 0.056000
0 0.485371 0.324500 0.045011 0.068000
0 0.442048 0.335500 0.052138 0.068000
0 0.381283 0.367000 0.052138 0.070000
0 0.359527 0.427250 0.060390 0.073500
0 0.317517 0.479250 0.049137 0.077500
0 0.316392 0.536750 0.055889 0.064500
0 0.208740 0.672000 0.067142 0.070000
0 0.274194 0.674000 0.062266 0.073000
0 0.212303 0.760750 0.060015 0.074500
0 0.265191 0.753750 0.047262 0.071500
0 0.305514 0.751000 0.046137 0.061000
0 0.304389 0.675250 0.043886 0.061500
0 0.355026 0.744250 0.047637 0.050500
0 0.349025 0.678250 0.052138 0.060500
0 0.333646 0.622250 0.062641 0.066500
0 0.366092 0.578750 0.058515 0.067500
0 0.384471 0.630750 0.050263 0.060500
0 0.398162 0.691500 0.046137 0.066000
0 0.408477 0.745750 0.051763 0.063500
0 0.449550 0.719250 0.050638 0.061500
0 0.439047 0.666500 0.047637 0.058000
0 0.360090 0.498750 0.046512 0.072500
0 0.411665 0.536750 0.046137 0.064500
0 0.406789 0.455000 0.046887 0.077000
0 0.440548 0.393000 0.052138 0.072000
0 0.536947 0.354250 0.047637 0.066500
0 0.563203 0.316750 0.043886 0.077500
0 0.486872 0.383750 0.049512 0.066500
0 0.460803 0.439750 0.049137 0.065500
0 0.439985 0.495250 0.048762 0.056500
0 0.459302 0.554250 0.046137 0.058500
0 0.451613 0.610500 0.044261 0.060000
0 0.479745 0.690750 0.042011 0.056500
0 0.520255 0.751750 0.047262 0.062500
0 0.545011 0.703750 0.046512 0.050500
0 0.543886 0.745000 0.038260 0.060000
0 0.520630 0.666250 0.048012 0.063500
0 0.498500 0.604750 0.040510 0.065500
0 0.516692 0.555250 0.047637 0.061500
0 0.491560 0.492500 0.049887 0.067000
0 0.516692 0.450000 0.047637 0.069000
0 0.575394 0.372500 0.045011 0.066000
0 0.601650 0.345750 0.041260 0.064500
0 0.636722 0.363500 0.038635 0.070000
0 0.584209 0.434750 0.049887 0.066500
0 0.540510 0.505750 0.045761 0.060500
0 0.588710 0.491250 0.042386 0.060500
0 0.553638 0.561000 0.042761 0.061000
0 0.596962 0.543000 0.040885 0.058000
0 0.553263 0.633250 0.046512 0.061500
0 0.682296 0.356000 0.033758 0.068000
0 0.709115 0.376500 0.034884 0.060000
0 0.756939 0.364750 0.032258 0.060500
0 0.723368 0.420750 0.035634 0.053500
0 0.684734 0.413250 0.040135 0.058500
0 0.638222 0.428250 0.044636 0.063500
0 0.617592 0.486250 0.039385 0.059500
0 0.669917 0.486000 0.040510 0.054000
0 0.695986 0.453000 0.035634 0.056000
0 0.763878 0.422250 0.034134 0.053500
0 0.786009 0.424750 0.029632 0.062500
0 0.821455 0.450250 0.030758 0.049500
0 0.713053 0.482000 0.037509 0.052000
0 0.762378 0.479250 0.037134 0.053500
0 0.777194 0.479750 0.029257 0.054500
0 0.809640 0.510750 0.030383 0.051500
0 0.692611 0.508750 0.039385 0.056500
0 0.652476 0.533250 0.043886 0.053500
0 0.585896 0.604500 0.042011 0.057000
0 0.642161 0.585750 0.043511 0.055500
0 0.606527 0.643500 0.043511 0.053000
0 0.577832 0.687250 0.045386 0.053500
0 0.591523 0.748500 0.039760 0.057000
0 0.630720 0.744250 0.038635 0.052500
0 0.625281 0.701250 0.042011 0.055500
0 0.644036 0.680000 0.032258 0.056000
0 0.648162 0.723000 0.031508 0.048000
0 0.689047 0.755500 0.031508 0.040000
0 0.704239 0.733000 0.030383 0.050000
0 0.682858 0.704000 0.037134 0.048000
0 0.662791 0.636000 0.039760 0.056000
0 0.697862 0.654500 0.031133 0.059000
0 0.680233 0.583000 0.036384 0.057000
0 0.701988 0.553500 0.032633 0.059000
0 0.696924 0.600250 0.036009 0.043500
0 0.725056 0.572750 0.029257 0.057500
0 0.737434 0.526250 0.036759 0.052500
0 0.781133 0.535250 0.030383 0.051500
0 0.812078 0.549750 0.028507 0.045500
0 0.840210 0.547250 0.027007 0.049500
0 0.815266 0.573750 0.029632 0.036500
0 0.787697 0.583750 0.034509 0.052500
0 0.796699 0.602000 0.029257 0.048000
0 0.839085 0.590250 0.029257 0.045500
0 0.834396 0.629500 0.028132 0.052000
0 0.815266 0.636500 0.029632 0.050000
0 0.741560 0.637750 0.036759 0.049500
0 0.766317 0.631500 0.032258 0.052000
0 0.783383 0.649250 0.028882 0.045500
0 0.725994 0.677750 0.034884 0.051500
0 0.751125 0.673750 0.032633 0.049500
0 0.731808 0.705250 0.029257 0.038500
0 0.753938 0.708250 0.025506 0.045500
0 0.748500 0.758250 0.031883 0.040500
0 0.769505 0.675750 0.022131 0.029500
0 0.792948 0.673500 0.030008 0.051000
0 0.830083 0.678000 0.028507 0.045000
0 0.806452 0.706000 0.032258 0.044000
0 0.792011 0.729500 0.035634 0.042000
0 0.793511 0.750000 0.034134 0.034000