0 0.051200 0.703000 0.051388 0.076000
0 0.071268 0.785000 0.070518 0.079000
0 0.079145 0.673500 0.060765 0.071000
0 0.106152 0.593750 0.054764 0.078500
0 0.096962 0.514000 0.054389 0.081000
0 0.139347 0.446500 0.058140 0.076000
0 0.134659 0.366250 0.064516 0.080500
0 0.208177 0.408000 0.053263 0.059000
0 0.228432 0.348250 0.057764 0.077500
0 0.274381 0.272250 0.054389 0.070500
0 0.284321 0.358000 0.059265 0.077000
0 0.188860 0.497750 0.054389 0.075500
0 0.245499 0.479250 0.053638 0.067500
0 0.295574 0.472750 0.051763 0.069500
0 0.175731 0.598250 0.061140 0.069500
0 0.251688 0.541250 0.058515 0.069500
0 0.303451 0.560500 0.057014 0.068000
0 0.185859 0.668000 0.049887 0.074000
0 0.240248 0.642500 0.050638 0.063000
0 0.304576 0.656250 0.050263 0.071500
0 0.134284 0.717500 0.060765 0.060000
0 0.186234 0.742750 0.057389 0.066500
0 0.239310 0.697500 0.055514 0.067000
0 0.281695 0.739750 0.051763 0.062500
0 0.162978 0.782250 0.052888 0.066500
0 0.229370 0.789500 0.057389 0.062000
0 0.287884 0.793250 0.059640 0.067500
0 0.332333 0.767500 0.053263 0.065000
0 0.336459 0.708750 0.048762 0.069500
0 0.386534 0.743500 0.043886 0.062000
0 0.436609 0.744750 0.048012 0.066500
0 0.484434 0.803000 0.049137 0.068000
0 0.372843 0.656750 0.049512 0.070500
0 0.416542 0.674500 0.049887 0.061000
0 0.452363 0.638000 0.052513 0.059000
0 0.503376 0.690000 0.045761 0.071000
0 0.525694 0.732750 0.045386 0.064500
0 0.575581 0.722000 0.051388 0.055000
0 0.601088 0.664750 0.054389 0.073500
0 0.359152 0.576500 0.058140 0.066000
0 0.410353 0.594250 0.051013 0.076500
0 0.464554 0.561500 0.050638 0.078000
0 0.511815 0.604500 0.048387 0.076000
0 0.542948 0.649500 0.053638 0.065000
0 0.561703 0.590750 0.051388 0.061500
0 0.602026 0.530000 0.052513 0.077000
0 0.546699 0.528500 0.052888 0.070000
0 0.586647 0.437750 0.048762 0.072500
0 0.529070 0.466000 0.053638 0.077000
0 0.473556 0.481000 0.050638 0.075000
0 0.413541 0.519000 0.061140 0.080000
0 0.344711 0.517250 0.060765 0.081500
0 0.328207 0.418750 0.056264 0.072500
0 0.422356 0.453500 0.047262 0.065000
0 0.481995 0.418750 0.054764 0.071500
0 0.551388 0.385250 0.056264 0.068500
0 0.605214 0.272750 0.055139 0.073500
0 0.544636 0.314500 0.051763 0.070000
0 0.504501 0.331000 0.053263 0.071000
0 0.406227 0.378500 0.055514 0.079000
0 0.347149 0.356000 0.054389 0.086000
0 0.340023 0.281500 0.052888 0.069000
0 0.363091 0.219750 0.052513 0.075500
0 0.390848 0.257000 0.070518 0.097000
0 0.468117 0.249500 0.046512 0.072000
0 0.451613 0.313500 0.060765 0.082000
0 0.657727 0.723750 0.058890 0.068500
0 0.654539 0.643000 0.051013 0.063000
0 0.681358 0.683750 0.048387 0.072500
0 0.714179 0.643750 0.047262 0.045500
0 0.743998 0.710000 0.049887 0.066000
0 0.783946 0.722500 0.041260 0.068000
0 0.832896 0.732500 0.043886 0.065000
0 0.883533 0.695750 0.044636 0.065500
0 0.911853 0.620000 0.038260 0.063000
0 0.954801 0.588750 0.042386 0.059500
0 0.871718 0.588000 0.048012 0.067000
0 0.824831 0.595500 0.048012 0.058000
0 0.843211 0.655000 0.050263 0.058000
0 0.775506 0.639000 0.049887 0.064000
0 0.710990 0.608750 0.053638 0.060500
0 0.632783 0.591250 0.051013 0.066500
0 0.671043 0.543000 0.055514 0.060000
0 0.732746 0.530000 0.051388 0.066000
0 0.807014 0.543500 0.051388 0.066000
0 0.855964 0.524750 0.049512 0.053500
0 0.931545 0.540500 0.049137 0.064000
0 0.888410 0.501750 0.036384 0.068500
0 0.924419 0.434250 0.049137 0.070500
0 0.869092 0.451000 0.049512 0.071000
0 0.806077 0.471250 0.051013 0.070500
0 0.663353 0.460500 0.051388 0.066000
0 0.637659 0.406250 0.054764 0.067500
0 0.634471 0.331000 0.058140 0.086000
0 0.682296 0.243500 0.051763 0.072000
0 0.676857 0.302750 0.057389 0.078500
0 0.705551 0.311500 0.042761 0.070000
0 0.768942 0.296750 0.051763 0.072500
0 0.729182 0.397500 0.051763 0.074000
0 0.751313 0.446000 0.050263 0.073000
0 0.799512 0.400000 0.051388 0.069000
0 0.861590 0.394000 0.051763 0.062000
0 0.872843 0.329250 0.060765 0.069500
0 0.911103 0.346750 0.047262 0.082500
0 0.920105 0.284500 0.042761 0.065000
0 0.853526 0.281500 0.052138 0.047000
0 0.866467 0.231250 0.043511 0.060500
0 0.751875 0.583250 0.044636 0.075500