0 0.170105 0.516000 0.067892 0.086000
0 0.205551 0.435250 0.075769 0.094500
0 0.268755 0.476250 0.067892 0.090500
0 0.233871 0.544500 0.064891 0.088000
0 0.297074 0.564000 0.065266 0.068000
0 0.179295 0.636000 0.064516 0.075000
0 0.231245 0.696250 0.065641 0.068500
0 0.247937 0.631250 0.070518 0.077500
0 0.301200 0.683250 0.063766 0.074500
0 0.330833 0.515000 0.069767 0.080000
0 0.357652 0.598000 0.067142 0.073000
0 0.363091 0.662750 0.062266 0.070500
0 0.282071 0.763250 0.058515 0.077500
0 0.337209 0.743500 0.060765 0.076000
0 0.382971 0.770250 0.058515 0.066500
0 0.405101 0.685000 0.059265 0.072000
0 0.440360 0.720000 0.049512 0.070000
0 0.494374 0.701750 0.059265 0.067500
0 0.477682 0.634000 0.054389 0.069000
0 0.422543 0.611500 0.061140 0.072000
0 0.398350 0.532750 0.069767 0.071500
0 0.450675 0.541000 0.055889 0.066000
0 0.259565 0.355250 0.060765 0.089500
0 0.325394 0.330250 0.079145 0.097500
0 0.326332 0.427750 0.070518 0.086500
0 0.395349 0.425500 0.065266 0.086000
0 0.447299 0.469750 0.060390 0.083500
0 0.394599 0.319250 0.067517 0.097500
0 0.445611 0.360750 0.063766 0.090500
0 0.487434 0.412750 0.065641 0.092500
0 0.503938 0.334750 0.063391 0.096500
0 0.554764 0.349500 0.059265 0.084000
0 0.602213 0.292000 0.068642 0.100000
0 0.625844 0.353500 0.064891 0.075000
0 0.664479 0.289250 0.061890 0.087500
0 0.696549 0.361750 0.062266 0.078500
0 0.752063 0.310500 0.069767 0.088000
0 0.814329 0.299000 0.061515 0.082000
0 0.848650 0.362250 0.072393 0.087500
0 0.774756 0.385500 0.059640 0.083000
0 0.593211 0.420750 0.060390 0.078500
0 0.523818 0.451250 0.063391 0.084500
0 0.508440 0.559500 0.067142 0.078000
0 0.561703 0.515750 0.057389 0.082500
0 0.596962 0.558500 0.055139 0.076000
0 0.627344 0.504250 0.058890 0.074500
0 0.683421 0.507000 0.057764 0.074000
0 0.691860 0.441750 0.058140 0.077500
0 0.741185 0.440750 0.054764 0.080500
0 0.762753 0.518000 0.059640 0.076000
0 0.826332 0.546250 0.060015 0.081500
0 0.848837 0.559750 0.045761 0.080500
0 0.782071 0.603750 0.058515 0.073500
0 0.808515 0.608250 0.042386 0.067500
0 0.750938 0.648750 0.049512 0.072500
0 0.712678 0.583000 0.059265 0.084000
0 0.708740 0.634000 0.048387 0.058000
0 0.656602 0.597750 0.058140 0.079500
0 0.653226 0.662000 0.058140 0.068000
0 0.600525 0.649750 0.060015 0.066500
0 0.548950 0.605750 0.052138 0.078500
0 0.544636 0.664000 0.056264 0.057000
0 0.828957 0.434500 0.067517 0.073000
0 0.875844 0.482250 0.057764 0.064500
0 0.892536 0.419000 0.057389 0.076000