0 0.338197 0.228000 0.034418 0.041000
0 0.374486 0.223500 0.032174 0.037000
0 0.309764 0.246500 0.032174 0.035000
0 0.286944 0.279250 0.030677 0.037500
0 0.263562 0.308750 0.034044 0.037500
0 0.245604 0.333000 0.034792 0.048000
0 0.234381 0.382750 0.039282 0.043500
0 0.244108 0.432000 0.037785 0.044000
0 0.252525 0.462250 0.039656 0.039500
0 0.275533 0.491500 0.038533 0.044000
0 0.297980 0.534250 0.034044 0.051500
0 0.305275 0.458250 0.037411 0.043500
0 0.282267 0.426750 0.039282 0.037500
0 0.270296 0.377000 0.037785 0.043000
0 0.276842 0.346250 0.035915 0.037500
0 0.297419 0.307000 0.035166 0.045000
0 0.322671 0.281750 0.028058 0.044500
0 0.352974 0.257750 0.034792 0.024500
0 0.405163 0.244750 0.035166 0.035500
0 0.381594 0.270750 0.034418 0.032500
0 0.358773 0.282000 0.024691 0.040000
0 0.329779 0.329250 0.033296 0.026500
0 0.310138 0.361000 0.035915 0.035000
0 0.313505 0.402500 0.033670 0.042000
0 0.341003 0.444750 0.040030 0.037500
0 0.337449 0.521500 0.035166 0.047000
0 0.362327 0.560000 0.037037 0.048000
0 0.384025 0.517000 0.036289 0.044000
0 0.364759 0.477000 0.038159 0.041000
0 0.380658 0.427750 0.031051 0.039500
0 0.349233 0.403250 0.034792 0.045500
0 0.345492 0.357000 0.033296 0.041000
0 0.370183 0.334000 0.032548 0.034000
0 0.398242 0.306750 0.032548 0.039500
0 0.417134 0.281250 0.033670 0.029500
0 0.439020 0.261000 0.028807 0.037000
0 0.460905 0.276500 0.030677 0.029000
0 0.439207 0.309500 0.030677 0.029000
0 0.398803 0.352000 0.029181 0.038000
0 0.434530 0.349500 0.032548 0.032000
0 0.381781 0.387750 0.032548 0.033500
0 0.420314 0.386000 0.026562 0.039000
0 0.412084 0.415000 0.031799 0.041000
0 0.396371 0.463250 0.027310 0.041500
0 0.433221 0.460000 0.037411 0.040000
0 0.423494 0.490000 0.038159 0.041000
0 0.409465 0.556500 0.037037 0.054000
0 0.432847 0.588250 0.035166 0.046500
0 0.440329 0.529250 0.036663 0.050500
0 0.467639 0.621250 0.032922 0.050500
0 0.464085 0.572500 0.034044 0.049000
0 0.503928 0.654750 0.035915 0.052500
0 0.496259 0.581000 0.032548 0.050000
0 0.478489 0.527500 0.033670 0.051000
0 0.465208 0.491500 0.035541 0.038000
0 0.456603 0.425500 0.033296 0.034000
0 0.451553 0.389750 0.032922 0.044500
0 0.479985 0.336250 0.038908 0.039500
0 0.468575 0.308000 0.027310 0.037000
0 0.496259 0.288750 0.035541 0.028500
0 0.502993 0.316250 0.033296 0.034500
0 0.514777 0.353250 0.028432 0.041500
0 0.481669 0.386000 0.034792 0.034000
0 0.513842 0.394500 0.035541 0.038000
0 0.489151 0.419250 0.036289 0.038500
0 0.491770 0.462750 0.032548 0.032500
0 0.502432 0.502250 0.034418 0.034500
0 0.510288 0.552750 0.035166 0.043500
0 0.549196 0.699750 0.042649 0.052500
0 0.595773 0.724000 0.037785 0.056000
0 0.641227 0.744750 0.041152 0.044500
0 0.713431 0.803750 0.041152 0.054500
0 0.788253 0.768750 0.038159 0.052500
0 0.745230 0.772250 0.040404 0.054500
0 0.706135 0.736500 0.039282 0.056000
0 0.668537 0.715500 0.035915 0.057000
0 0.624205 0.698250 0.040778 0.041500
0 0.581743 0.678750 0.038159 0.043500
0 0.546390 0.641250 0.038533 0.045500
0 0.542275 0.595250 0.037037 0.043500
0 0.573139 0.628750 0.029929 0.053500
0 0.647400 0.649250 0.035541 0.059500
0 0.697531 0.694750 0.037785 0.042500
0 0.740928 0.719000 0.040778 0.047000
0 0.785447 0.709500 0.035541 0.053000
0 0.828657 0.748000 0.037411 0.058000
0 0.849046 0.702250 0.037785 0.051500
0 0.885522 0.679750 0.040404 0.053500
0 0.868313 0.641000 0.040404 0.040000
0 0.863262 0.593000 0.033296 0.045000
0 0.869809 0.558500 0.028432 0.035000
0 0.859708 0.511500 0.035915 0.039000
0 0.846053 0.473250 0.025814 0.039500
0 0.839319 0.435250 0.031051 0.042500
0 0.805088 0.405750 0.032922 0.034500
0 0.806023 0.456500 0.033296 0.034000
0 0.829966 0.489250 0.040030 0.038500
0 0.839506 0.537750 0.035915 0.047500
0 0.825103 0.605000 0.029555 0.050000
0 0.833707 0.657000 0.034044 0.046000
0 0.808455 0.686500 0.036663 0.052000
0 0.791059 0.640750 0.034792 0.040500
0 0.746727 0.675500 0.038908 0.044000
0 0.757015 0.624250 0.034792 0.050500
0 0.773101 0.589750 0.038533 0.039500
0 0.805088 0.565000 0.032922 0.046000
0 0.796483 0.511750 0.035915 0.043500
0 0.786008 0.471000 0.032922 0.041000
0 0.782454 0.423000 0.030303 0.033000
0 0.770670 0.384500 0.032922 0.046000
0 0.738496 0.368000 0.033670 0.039000
0 0.745043 0.404750 0.032548 0.038500
0 0.749532 0.448750 0.034044 0.042500
0 0.754770 0.500750 0.025065 0.043500
0 0.773101 0.537500 0.035541 0.037000
0 0.714740 0.635500 0.038533 0.047000
0 0.686682 0.642500 0.034792 0.047000
0 0.614104 0.604500 0.037037 0.042000
0 0.658249 0.606250 0.037037 0.049500
0 0.691919 0.596500 0.034792 0.053000
0 0.729143 0.585250 0.036663 0.041500
0 0.727460 0.512250 0.032548 0.044500
0 0.702394 0.544500 0.034792 0.048000
0 0.659933 0.563750 0.032922 0.045500
0 0.627385 0.555500 0.035166 0.050000
0 0.582679 0.570500 0.031799 0.048000
0 0.548260 0.553250 0.037785 0.042500
0 0.543771 0.516250 0.034792 0.039500
0 0.597830 0.531750 0.036663 0.046500
0 0.655256 0.517250 0.034044 0.044500
0 0.687991 0.502750 0.035915 0.043500
0 0.727647 0.471750 0.031425 0.038500
0 0.718481 0.430000 0.029555 0.044000
0 0.705948 0.392250 0.032174 0.039500
0 0.694351 0.337250 0.033670 0.037500
0 0.658436 0.327500 0.029929 0.037000
0 0.670221 0.369250 0.028807 0.041500
0 0.689113 0.422500 0.032922 0.039000
0 0.697531 0.458000 0.034792 0.042000
0 0.661803 0.473250 0.035915 0.037500
0 0.632810 0.476500 0.033296 0.048000
0 0.587916 0.489250 0.034792 0.041500
0 0.531612 0.475250 0.032174 0.047500
0 0.556865 0.460750 0.028807 0.042500
0 0.617097 0.445500 0.036289 0.034000
0 0.647961 0.437500 0.029929 0.042000
0 0.653386 0.405250 0.027310 0.036500
0 0.625701 0.325250 0.031051 0.032500
0 0.639731 0.366750 0.033670 0.039500
0 0.621025 0.400000 0.029929 0.039000
0 0.587168 0.432500 0.033296 0.040000
0 0.553872 0.421750 0.033296 0.041500
0 0.545829 0.378250 0.031425 0.036500
0 0.576319 0.383000 0.031799 0.041000
0 0.603068 0.354750 0.035166 0.039500
0 0.589039 0.320750 0.029555 0.035500
0 0.558548 0.306750 0.028432 0.039500
0 0.529368 0.296500 0.033670 0.037000
0 0.532735 0.322500 0.032922 0.033000