0 0.204426 0.247000 0.046512 0.088000
0 0.204989 0.284750 0.043886 0.055500
0 0.170855 0.337750 0.044636 0.079500
0 0.160915 0.399000 0.033758 0.076000
0 0.199737 0.432750 0.042386 0.077500
0 0.213803 0.375000 0.039010 0.080000
0 0.245874 0.338500 0.040885 0.077000
0 0.286947 0.337250 0.044261 0.080500
0 0.258440 0.236500 0.044261 0.086000
0 0.308327 0.273500 0.043511 0.088000
0 0.346399 0.251250 0.055139 0.086500
0 0.346774 0.326250 0.052888 0.087500
0 0.336834 0.385250 0.052513 0.080500
0 0.243811 0.414500 0.044261 0.071000
0 0.283383 0.429750 0.049887 0.076500
0 0.239122 0.451250 0.036384 0.046500
0 0.178732 0.505750 0.034884 0.055500
0 0.204426 0.506250 0.042761 0.069500
0 0.208927 0.563500 0.038260 0.059000
0 0.243248 0.560500 0.034884 0.069000
0 0.238747 0.627000 0.038635 0.070000
0 0.269880 0.621500 0.039385 0.068000
0 0.273256 0.552250 0.040885 0.069500
0 0.260128 0.492750 0.048387 0.060500
0 0.322393 0.519750 0.058890 0.072500
0 0.357277 0.454000 0.058140 0.068000
0 0.381095 0.478250 0.051763 0.079500
0 0.375844 0.551000 0.042761 0.072000
0 0.317892 0.582500 0.046887 0.066000
0 0.310203 0.663000 0.045761 0.060000
0 0.368905 0.632000 0.036384 0.067000
0 0.394411 0.620500 0.044636 0.073000
0 0.448987 0.602750 0.049512 0.063500
0 0.477682 0.600250 0.058890 0.062500
0 0.433983 0.535000 0.047262 0.078000
0 0.429482 0.439250 0.047262 0.082500
0 0.396662 0.372250 0.052888 0.076500
0 0.410353 0.264250 0.055514 0.086500
0 0.443173 0.206000 0.052138 0.098000
0 0.478807 0.271250 0.061140 0.080500
0 0.459677 0.345750 0.055139 0.085500
0 0.503001 0.200250 0.061515 0.094500
0 0.483683 0.498000 0.046137 0.076000
0 0.493811 0.436000 0.051388 0.090000
0 0.547449 0.625500 0.055139 0.070000
0 0.610465 0.606750 0.052888 0.080500
0 0.656227 0.644250 0.059640 0.076500
0 0.650038 0.582250 0.071268 0.090500
0 0.721868 0.596250 0.057389 0.083500
0 0.765754 0.549750 0.067892 0.090500
0 0.695424 0.520250 0.079520 0.093500
0 0.625281 0.471500 0.068267 0.093000
0 0.553076 0.452750 0.065641 0.087500
0 0.577082 0.544250 0.065641 0.086500
0 0.524756 0.547500 0.057014 0.087000
0 0.553451 0.372250 0.062641 0.090500
0 0.623406 0.381750 0.061515 0.090500
0 0.538635 0.276000 0.064516 0.094000
0 0.584771 0.216500 0.078020 0.105000
0 0.681358 0.197500 0.073143 0.109000
0 0.638035 0.310750 0.073518 0.097500
0 0.692986 0.372250 0.081395 0.094500
0 0.719430 0.274750 0.091523 0.112500
0 0.773443 0.356250 0.091523 0.103500
0 0.806827 0.444500 0.078770 0.101000