0 0.101275 0.339000 0.036759 0.052000
0 0.188297 0.276500 0.035259 0.055000
0 0.063953 0.472500 0.036384 0.044000
0 0.123781 0.424500 0.032258 0.050000
0 0.174794 0.345000 0.035259 0.054000
0 0.115904 0.476500 0.036009 0.051000
0 0.115904 0.521750 0.027007 0.042500
0 0.134284 0.512750 0.033758 0.047500
0 0.153601 0.441750 0.034134 0.048500
0 0.190923 0.397250 0.027007 0.044500
0 0.207989 0.376750 0.036384 0.052500
0 0.226369 0.338250 0.036384 0.045500
0 0.250375 0.316250 0.037134 0.049500
0 0.269317 0.374500 0.038260 0.049000
0 0.308702 0.360750 0.039010 0.052500
0 0.305889 0.311000 0.034134 0.048000
0 0.218867 0.443750 0.040135 0.049500
0 0.258252 0.430000 0.041635 0.058000
0 0.187922 0.478250 0.033008 0.047500
0 0.171793 0.544750 0.034509 0.050500
0 0.126594 0.572500 0.032633 0.041000
0 0.151913 0.623500 0.030008 0.046000
0 0.139910 0.658500 0.033758 0.042000
0 0.179482 0.614500 0.032633 0.053000
0 0.210053 0.560500 0.033758 0.047000
0 0.223181 0.521000 0.035259 0.047000
0 0.240060 0.591000 0.030758 0.042000
0 0.206864 0.643250 0.033383 0.037500
0 0.241935 0.653250 0.033758 0.039500
0 0.196174 0.674750 0.032258 0.038500
0 0.230495 0.674500 0.031883 0.034000
0 0.196362 0.711250 0.037884 0.035500
0 0.227119 0.769250 0.032633 0.041500
0 0.260690 0.684500 0.027757 0.038000
0 0.289197 0.705000 0.033758 0.041000
0 0.293323 0.654250 0.034509 0.038500
0 0.272131 0.584000 0.032633 0.044000
0 0.277007 0.526000 0.037134 0.042000
0 0.263691 0.481250 0.019505 0.038500
0 0.281508 0.474250 0.034134 0.041500
0 0.306077 0.601250 0.031508 0.045500
0 0.306639 0.555500 0.030383 0.045000
0 0.311703 0.509750 0.036759 0.043500
0 0.328207 0.445750 0.037509 0.045500
0 0.337209 0.399750 0.037509 0.046500
0 0.345649 0.257750 0.040885 0.053500
0 0.379407 0.314000 0.037884 0.052000
0 0.383908 0.364750 0.036384 0.044500
0 0.412791 0.400000 0.036384 0.044000
0 0.388597 0.437000 0.038260 0.048000
0 0.370780 0.462000 0.039385 0.040000
0 0.355026 0.507250 0.035634 0.043500
0 0.347149 0.564000 0.037134 0.047000
0 0.334584 0.620750 0.034509 0.042500
0 0.335334 0.666000 0.034509 0.041000
0 0.364404 0.656250 0.036384 0.042500
0 0.372843 0.607500 0.036759 0.047000
0 0.393848 0.549500 0.033008 0.041000
0 0.403976 0.503000 0.030758 0.043000
0 0.421043 0.462750 0.032633 0.045500
0 0.436609 0.352250 0.040510 0.048500
0 0.438297 0.304000 0.040885 0.052000
0 0.414291 0.254500 0.035634 0.049000
0 0.425169 0.199500 0.042386 0.057000
0 0.465116 0.229500 0.039010 0.066000
0 0.518380 0.217750 0.042761 0.051500
0 0.494749 0.269750 0.039010 0.049500
0 0.506002 0.323250 0.040510 0.049500
0 0.495499 0.380000 0.037509 0.049000
0 0.461365 0.407250 0.037509 0.048500
0 0.454801 0.449750 0.037134 0.043500
0 0.494186 0.438250 0.037884 0.050500
0 0.489310 0.498500 0.036384 0.049000
0 0.472806 0.531250 0.032633 0.041500
0 0.431920 0.530000 0.035634 0.044000
0 0.453488 0.581750 0.033758 0.050500
0 0.410165 0.615250 0.038635 0.039500
0 0.403038 0.649750 0.032633 0.039500
0 0.390098 0.688750 0.034509 0.042500
0 0.416354 0.724250 0.036759 0.036500
0 0.450863 0.713250 0.039760 0.050500
0 0.446549 0.651500 0.039385 0.041000
0 0.485371 0.696000 0.033008 0.028000
0 0.485184 0.667000 0.032633 0.045000
0 0.481245 0.601750 0.033758 0.041500
0 0.499062 0.562250 0.030383 0.043500
0 0.526444 0.532000 0.033383 0.045000
0 0.545199 0.500750 0.031133 0.045500
0 0.524569 0.471250 0.032633 0.044500
0 0.533383 0.427000 0.033758 0.045000
0 0.536384 0.368750 0.036009 0.049500
0 0.544074 0.297500 0.040135 0.041000
0 0.588335 0.297250 0.036384 0.058500
0 0.586834 0.354250 0.040885 0.047500
0 0.568642 0.407750 0.037509 0.042500
0 0.564891 0.452500 0.033008 0.043000
0 0.583646 0.512250 0.036759 0.041500
0 0.565266 0.554000 0.037509 0.047000
0 0.543511 0.593750 0.034509 0.049500
0 0.521568 0.611500 0.031883 0.045000
0 0.520630 0.693250 0.034509 0.039500
0 0.531695 0.749250 0.034884 0.044500
0 0.567517 0.749000 0.033008 0.041000
0 0.572768 0.699500 0.034509 0.039000
0 0.562266 0.656000 0.033008 0.046000
0 0.569767 0.611500 0.034509 0.038000
0 0.599212 0.653250 0.034134 0.047500
0 0.605589 0.595000 0.035634 0.045000
0 0.614029 0.540250 0.034509 0.038500
0 0.615154 0.487000 0.031508 0.039000
0 0.608777 0.445750 0.037509 0.051500
0 0.620593 0.398000 0.037134 0.042000
0 0.626407 0.316500 0.036009 0.043000
0 0.668792 0.307750 0.038260 0.044500
0 0.650600 0.361750 0.034884 0.047500
0 0.668792 0.413500 0.038260 0.045000
0 0.646287 0.461250 0.040510 0.049500
0 0.689235 0.461000 0.039385 0.046000
0 0.662228 0.496250 0.034884 0.044500
0 0.708365 0.496250 0.040135 0.042500
0 0.681920 0.546250 0.033008 0.038500
0 0.646849 0.557000 0.034884 0.043000
0 0.653413 0.599750 0.033758 0.041500
0 0.684546 0.591500 0.032258 0.045000
0 0.660728 0.642000 0.033383 0.043000
0 0.685859 0.641250 0.025131 0.037500
0 0.626594 0.630250 0.032633 0.037500
0 0.635409 0.668750 0.036009 0.039500
0 0.616092 0.702750 0.034884 0.039500
0 0.606902 0.758000 0.037509 0.039000
0 0.641035 0.747250 0.030008 0.042500
0 0.652476 0.708250 0.034884 0.040500
0 0.681358 0.725500 0.036384 0.040000
0 0.707614 0.738750 0.028882 0.038500
0 0.711740 0.686250 0.034134 0.039500
0 0.740435 0.649500 0.031508 0.037000
0 0.714366 0.607250 0.031883 0.039500
0 0.718305 0.573500 0.034509 0.042000
0 0.729745 0.532000 0.033383 0.043000
0 0.719242 0.453000 0.033383 0.047000
0 0.712678 0.390500 0.037509 0.040000
0 0.730495 0.347500 0.034134 0.045000
0 0.787884 0.374250 0.038635 0.046500
0 0.825206 0.377000 0.033008 0.050000
0 0.758440 0.419750 0.038260 0.048500
0 0.803638 0.430750 0.037134 0.048500
0 0.825956 0.455000 0.030008 0.041000
0 0.770068 0.471000 0.037509 0.045000
0 0.799700 0.482500 0.031508 0.047000
0 0.760878 0.506000 0.034134 0.037000
0 0.797262 0.534750 0.034884 0.045500
0 0.761628 0.562000 0.035634 0.044000
0 0.787322 0.585000 0.032258 0.040000
0 0.762753 0.613750 0.033383 0.046500
0 0.772506 0.645250 0.028882 0.033500
0 0.771755 0.678000 0.021380 0.028000
0 0.759565 0.702250 0.033758 0.044500
0 0.764629 0.747000 0.027382 0.036000
0 0.732558 0.774500 0.030008 0.033000
0 0.699550 0.778250 0.033008 0.036500
0 0.809077 0.735500 0.030008 0.038000
0 0.809640 0.671750 0.035634 0.032500
0 0.808890 0.625750 0.033383 0.040500
0 0.849962 0.661750 0.030758 0.042500
0 0.826519 0.571500 0.031133 0.043000
0 0.857839 0.586500 0.037509 0.039000
0 0.832521 0.672750 0.012378 0.016500
0 0.874719 0.659750 0.019505 0.036500
0 0.866842 0.622500 0.029257 0.035000
0 0.909790 0.628250 0.031133 0.030500
0 0.910353 0.595500 0.034509 0.043000
0 0.930983 0.578500 0.029257 0.038000
0 0.930045 0.536750 0.034134 0.041500
0 0.889722 0.549250 0.034509 0.041500
0 0.856527 0.539750 0.033383 0.042500
0 0.839460 0.520000 0.039760 0.047000
0 0.870593 0.502250 0.036009 0.042500
0 0.892348 0.491250 0.027757 0.047500
0 0.870030 0.441000 0.031133 0.043000
0 0.834584 0.409500 0.033758 0.039000