0 0.129407 0.311250 0.068267 0.093500
0 0.177982 0.395000 0.068642 0.077000
0 0.138785 0.411000 0.069767 0.080000
0 0.172168 0.485500 0.066767 0.081000
0 0.211365 0.457250 0.069392 0.072500
0 0.222056 0.550250 0.063016 0.075500
0 0.254689 0.602750 0.069767 0.079500
0 0.321268 0.640500 0.059640 0.066000
0 0.289572 0.572500 0.063766 0.060000
0 0.269130 0.515000 0.066392 0.077000
0 0.246437 0.425250 0.073518 0.091500
0 0.218867 0.320250 0.064891 0.099500
0 0.278695 0.386250 0.075769 0.101500
0 0.315266 0.463000 0.060390 0.084000
0 0.343586 0.528500 0.072018 0.077000
0 0.364779 0.594000 0.066392 0.064000
0 0.392911 0.652500 0.059640 0.072000
0 0.451988 0.674250 0.062266 0.061500
0 0.423668 0.615250 0.059640 0.070500
0 0.403601 0.550000 0.064516 0.074000
0 0.405101 0.477250 0.062266 0.083500
0 0.365716 0.401000 0.072018 0.083000
0 0.425356 0.421250 0.078770 0.088500
0 0.473743 0.501500 0.069767 0.075000
0 0.498687 0.430500 0.061890 0.078000
0 0.474494 0.563250 0.064516 0.068500
0 0.489122 0.626750 0.067517 0.068500
0 0.515379 0.700750 0.065266 0.065500
0 0.534134 0.750000 0.063016 0.064000
0 0.561515 0.651500 0.056264 0.073000
0 0.545386 0.549000 0.066767 0.076000
0 0.562266 0.475250 0.075769 0.084500
0 0.164291 0.238750 0.069017 0.090500
0 0.229745 0.212000 0.071643 0.092000
0 0.278695 0.280250 0.082521 0.092500
0 0.303076 0.162000 0.069017 0.099000
0 0.375281 0.253250 0.068642 0.096500
0 0.406039 0.139500 0.073893 0.096000
0 0.451050 0.230750 0.078395 0.100500
0 0.446737 0.304750 0.075769 0.085500
0 0.533571 0.326500 0.079145 0.089000
0 0.545199 0.251000 0.079145 0.089000
0 0.635034 0.312500 0.083271 0.100000
0 0.702738 0.383750 0.077644 0.103500
0 0.706864 0.483500 0.072393 0.097000
0 0.611028 0.402500 0.082521 0.086000
0 0.644599 0.466250 0.068642 0.093500
0 0.763691 0.487750 0.059265 0.074500
0 0.611965 0.553250 0.067892 0.077500
0 0.682858 0.564000 0.073143 0.073000
0 0.725994 0.597750 0.069392 0.077500
0 0.792011 0.594500 0.071643 0.080000
0 0.779070 0.663750 0.072768 0.065500
0 0.657539 0.642000 0.073518 0.076000
0 0.699362 0.669000 0.069392 0.071000
0 0.746062 0.716000 0.075019 0.063000
0 0.626594 0.699000 0.067142 0.067000
0 0.652101 0.736000 0.068642 0.056000
0 0.616092 0.788500 0.054389 0.067000
0 0.665791 0.815250 0.064516 0.062500
0 0.709302 0.772250 0.073518 0.065500