0 0.086647 0.626500 0.042011 0.043000
0 0.068455 0.517750 0.037884 0.053500
0 0.098275 0.548750 0.036009 0.044500
0 0.113278 0.510000 0.040510 0.040000
0 0.174044 0.755750 0.039010 0.033500
0 0.176669 0.699500 0.033758 0.030000
0 0.159040 0.670750 0.041260 0.046500
0 0.178170 0.591250 0.030758 0.039500
0 0.132783 0.599250 0.033758 0.038500
0 0.140848 0.553000 0.040135 0.042000
0 0.162978 0.470000 0.040885 0.043000
0 0.145911 0.439000 0.037509 0.045000
0 0.144786 0.308000 0.036759 0.051000
0 0.183421 0.292250 0.033008 0.050500
0 0.195049 0.342500 0.041260 0.056000
0 0.180045 0.382750 0.027757 0.048500
0 0.183796 0.428750 0.042011 0.050500
0 0.205551 0.469000 0.034509 0.039000
0 0.191860 0.521250 0.034134 0.047500
0 0.203863 0.609250 0.034884 0.038500
0 0.201988 0.639250 0.034884 0.043500
0 0.207989 0.668250 0.039385 0.034500
0 0.239310 0.639750 0.036009 0.039500
0 0.244561 0.571750 0.033758 0.038500
0 0.219430 0.539250 0.036759 0.040500
0 0.243248 0.454750 0.036384 0.044500
0 0.230870 0.414750 0.031133 0.039500
0 0.240810 0.389250 0.036009 0.037500
0 0.224119 0.258500 0.038635 0.044000
0 0.237247 0.150750 0.034134 0.050500
0 0.301200 0.116250 0.036759 0.053500
0 0.305701 0.205250 0.034509 0.048500
0 0.258815 0.271750 0.036759 0.050500
0 0.257314 0.317750 0.033758 0.045500
0 0.283946 0.327250 0.038260 0.051500
0 0.290885 0.356500 0.037134 0.035000
0 0.264629 0.439750 0.034134 0.049500
0 0.261628 0.547750 0.034884 0.042500
0 0.277569 0.788500 0.033008 0.034000
0 0.252626 0.736750 0.031883 0.033500
0 0.259565 0.711250 0.039010 0.028500
0 0.291823 0.735500 0.031508 0.035000
0 0.276632 0.631500 0.032633 0.033000
0 0.300638 0.643250 0.028882 0.038500
0 0.295199 0.562250 0.032258 0.037500
0 0.309265 0.575500 0.030383 0.033000
0 0.315266 0.504250 0.033383 0.041500
0 0.294261 0.465000 0.041635 0.040000
0 0.300075 0.431750 0.036009 0.043500
0 0.319392 0.395500 0.035634 0.042000
0 0.320705 0.352250 0.038260 0.042500
0 0.328582 0.238250 0.032258 0.047500
0 0.352401 0.183500 0.037134 0.051000
0 0.388972 0.161500 0.033008 0.049000
0 0.375656 0.240500 0.037884 0.054000
0 0.352963 0.340000 0.036009 0.050000
0 0.358590 0.372000 0.034509 0.034000
0 0.402288 0.216500 0.045386 0.058000
0 0.432858 0.151250 0.035259 0.048500
0 0.472806 0.174500 0.040135 0.057000
0 0.496812 0.199000 0.042386 0.056000
0 0.441110 0.249500 0.039760 0.060000
0 0.405101 0.266000 0.036759 0.050000
0 0.473556 0.259500 0.035634 0.054000
0 0.401538 0.331000 0.041635 0.047000
0 0.475806 0.308500 0.034884 0.056000
0 0.436422 0.369500 0.035634 0.043000
0 0.482558 0.344750 0.035634 0.041500
0 0.361403 0.411750 0.040135 0.046500
0 0.389160 0.392000 0.040885 0.043000
0 0.506564 0.387250 0.028882 0.043500
0 0.464554 0.421750 0.031133 0.046500
0 0.404351 0.425500 0.035259 0.040000
0 0.332333 0.460500 0.035259 0.041000
0 0.380158 0.454250 0.034134 0.039500
0 0.446174 0.436000 0.031133 0.047000
0 0.496249 0.428250 0.039010 0.046500
0 0.466804 0.491500 0.038635 0.042000
0 0.417667 0.478750 0.037884 0.041500
0 0.359902 0.504000 0.039385 0.044000
0 0.397599 0.502500 0.033758 0.041000
0 0.426294 0.528250 0.028882 0.042500
0 0.474494 0.514250 0.031508 0.035500
0 0.509377 0.519500 0.032258 0.046000
0 0.505251 0.582750 0.033008 0.038500
0 0.460428 0.570000 0.032633 0.040000
0 0.439797 0.578000 0.029632 0.037000
0 0.381283 0.593000 0.038635 0.045000
0 0.353151 0.577500 0.035634 0.040000
0 0.339272 0.601000 0.029632 0.036000
0 0.319392 0.639000 0.034884 0.037000
0 0.357839 0.625750 0.033008 0.039500
0 0.394974 0.624750 0.027007 0.041500
0 0.440173 0.635250 0.032633 0.035500
0 0.472243 0.614000 0.031508 0.034000
0 0.483683 0.663750 0.031133 0.040500
0 0.457427 0.671750 0.031883 0.031500
0 0.420668 0.653000 0.034134 0.039000
0 0.372093 0.653500 0.029257 0.038000
0 0.334021 0.698750 0.035634 0.038500
0 0.359152 0.702000 0.026632 0.035000
0 0.386722 0.699250 0.030758 0.033500
0 0.427232 0.712000 0.031508 0.033000
0 0.495686 0.715500 0.031133 0.033000
0 0.470180 0.740000 0.034884 0.034000
0 0.436422 0.742750 0.030383 0.031500
0 0.394036 0.735250 0.031133 0.033500
0 0.320705 0.743500 0.033008 0.036000
0 0.355214 0.788000 0.031508 0.040000
0 0.400600 0.776750 0.033008 0.036500
0 0.471493 0.793500 0.030008 0.035000
0 0.504876 0.770500 0.033008 0.050000
0 0.572768 0.896000 0.033758 0.034000
0 0.515379 0.828750 0.029257 0.032500
0 0.615154 0.835500 0.026257 0.033000
0 0.645161 0.812250 0.024006 0.027500
0 0.541073 0.794000 0.030383 0.035000
0 0.573143 0.777000 0.024006 0.028000
0 0.611215 0.784750 0.031133 0.028500
0 0.634096 0.765500 0.034134 0.033000
0 0.584771 0.765500 0.029257 0.028000
0 0.612903 0.754750 0.030008 0.032500
0 0.662416 0.728000 0.023256 0.031000
0 0.651163 0.725500 0.029257 0.032000
0 0.614779 0.711000 0.036759 0.031000
0 0.575956 0.725750 0.034134 0.037500
0 0.528507 0.750250 0.036759 0.033500
0 0.527944 0.716000 0.031133 0.036000
0 0.553263 0.697250 0.029257 0.025500
0 0.514441 0.639250 0.034884 0.042500
0 0.577457 0.666750 0.030383 0.037500
0 0.613278 0.682500 0.033758 0.030000
0 0.640098 0.667750 0.028132 0.029500
0 0.681545 0.670250 0.031508 0.032500
0 0.542198 0.628000 0.027382 0.032000
0 0.632033 0.626500 0.024756 0.038000
0 0.646099 0.611750 0.027382 0.038500
0 0.678545 0.643250 0.037509 0.032500
0 0.674606 0.627000 0.035634 0.037000
0 0.540510 0.587750 0.033758 0.038500
0 0.575581 0.598750 0.034134 0.043500
0 0.596024 0.588750 0.027007 0.034500
0 0.716054 0.617500 0.036009 0.039000
0 0.740623 0.575500 0.031883 0.043000
0 0.713428 0.585500 0.025506 0.037000
0 0.730870 0.548500 0.034884 0.044000
0 0.678920 0.558000 0.030008 0.039000
0 0.643098 0.560000 0.035634 0.037000
0 0.600713 0.557750 0.034134 0.037500
0 0.542386 0.506250 0.031508 0.035500
0 0.569017 0.528250 0.035259 0.036500
0 0.596024 0.521250 0.039760 0.042500
0 0.626969 0.487250 0.032633 0.041500
0 0.640660 0.487000 0.024006 0.036000
0 0.702176 0.510250 0.032258 0.040500
0 0.724869 0.488250 0.039385 0.038500
0 0.754126 0.501000 0.037884 0.048000
0 0.752438 0.526000 0.030758 0.021000
0 0.760878 0.459250 0.031883 0.043500
0 0.741935 0.451250 0.033758 0.041500
0 0.674044 0.469000 0.036759 0.042000
0 0.554389 0.475000 0.031508 0.040000
0 0.515004 0.480250 0.033758 0.043500
0 0.525131 0.418500 0.028507 0.038000
0 0.556264 0.417750 0.036009 0.047500
0 0.577832 0.436750 0.034884 0.040500
0 0.607089 0.411500 0.034884 0.041000
0 0.649850 0.419250 0.037134 0.045500
0 0.672168 0.417750 0.028507 0.033500
0 0.756752 0.396750 0.031883 0.046500
0 0.731245 0.389750 0.032633 0.046500
0 0.711365 0.374000 0.039385 0.052000
0 0.689047 0.384750 0.024756 0.041500
0 0.652288 0.387750 0.036759 0.043500
0 0.590960 0.384250 0.037134 0.040500
0 0.518380 0.340000 0.034509 0.050000
0 0.550263 0.348000 0.034509 0.044000
0 0.596399 0.352750 0.043511 0.049500
0 0.668605 0.340250 0.039385 0.044500
0 0.723181 0.295000 0.039760 0.047000
0 0.685484 0.282000 0.043136 0.052000
0 0.627907 0.320250 0.038260 0.047500
0 0.589460 0.301000 0.041635 0.055000
0 0.560203 0.309750 0.028882 0.031500
0 0.510503 0.291750 0.034509 0.033500
0 0.514066 0.257750 0.041635 0.055500
0 0.552888 0.282250 0.040510 0.044500
0 0.527757 0.162250 0.042761 0.047500
0 0.534134 0.216500 0.045761 0.056000
0 0.590210 0.177000 0.040135 0.063000
0 0.585709 0.246250 0.043136 0.056500
0 0.631283 0.198000 0.036759 0.058000
0 0.651538 0.246000 0.044261 0.064000
0 0.774381 0.620250 0.037134 0.033500
0 0.783571 0.590750 0.034509 0.040500
0 0.806827 0.554750 0.030008 0.036500
0 0.788447 0.528750 0.037509 0.045500
0 0.780570 0.493750 0.030758 0.040500
0 0.797824 0.472000 0.034509 0.046000
0 0.826332 0.494500 0.040510 0.049000
0 0.834021 0.418000 0.037884 0.041000
0 0.805139 0.400250 0.041635 0.045500
0 0.844336 0.377000 0.039760 0.052000
0 0.800263 0.359000 0.036384 0.046000
0 0.759752 0.243000 0.034884 0.061000
0 0.780195 0.310500 0.045011 0.054000
0 0.875281 0.334250 0.034134 0.049500