0 0.081020 0.496000 0.051013 0.071000
0 0.107839 0.594250 0.055139 0.102500
0 0.156977 0.641500 0.058890 0.088000
0 0.168230 0.568750 0.064141 0.076500
0 0.234434 0.575250 0.059265 0.082500
0 0.262378 0.637000 0.061140 0.087000
0 0.330645 0.641500 0.055139 0.092000
0 0.391223 0.611750 0.064516 0.088500
0 0.457989 0.604750 0.062266 0.089500
0 0.511065 0.571750 0.066392 0.089500
0 0.294636 0.571250 0.057389 0.083500
0 0.347149 0.554500 0.054389 0.075000
0 0.410540 0.529000 0.060390 0.085000
0 0.478807 0.512250 0.058140 0.079500
0 0.547824 0.507750 0.068642 0.080500
0 0.582708 0.576250 0.066392 0.087500
0 0.138410 0.510250 0.053263 0.077500
0 0.190735 0.495000 0.061140 0.077000
0 0.252251 0.505750 0.059640 0.077500
0 0.309265 0.493500 0.060390 0.077000
0 0.365904 0.474000 0.058890 0.086000
0 0.445799 0.419000 0.058140 0.089000
0 0.507877 0.432000 0.058515 0.085000
0 0.565266 0.426750 0.065266 0.083500
0 0.554576 0.356250 0.058140 0.078500
0 0.491748 0.365250 0.060015 0.075500
0 0.429482 0.362250 0.056264 0.067500
0 0.360653 0.392750 0.064891 0.074500
0 0.300450 0.414500 0.064516 0.070000
0 0.220743 0.428250 0.055139 0.067500
0 0.160165 0.449750 0.051013 0.067500
0 0.100900 0.420000 0.057014 0.072000
0 0.134846 0.358750 0.050638 0.071500
0 0.176107 0.376500 0.057389 0.064000
0 0.265379 0.388000 0.060390 0.070000
0 0.311140 0.355000 0.054389 0.072000
0 0.368717 0.327000 0.063766 0.078000
0 0.416729 0.279000 0.059265 0.063000
0 0.475431 0.306000 0.057389 0.067000
0 0.537134 0.284000 0.060015 0.070000
0 0.593961 0.278000 0.061140 0.087000
0 0.596212 0.191750 0.061140 0.080500
0 0.530008 0.169000 0.063016 0.083000
0 0.481245 0.171750 0.053263 0.065500
0 0.478245 0.231500 0.060015 0.065000
0 0.421418 0.203750 0.063391 0.072500
0 0.427982 0.139750 0.057764 0.068500
0 0.356714 0.131000 0.060765 0.063000
0 0.359527 0.185250 0.058890 0.071500
0 0.321268 0.208250 0.050638 0.070500
0 0.307952 0.269500 0.049512 0.083000
0 0.279445 0.252250 0.041260 0.070500
0 0.265941 0.313750 0.060015 0.075500
0 0.216242 0.323000 0.053638 0.071000
0 0.160915 0.298500 0.056264 0.064000
0 0.231620 0.266750 0.051388 0.059500
0 0.652663 0.255000 0.060765 0.072000
0 0.725056 0.277750 0.069767 0.087500
0 0.808327 0.276500 0.063016 0.082000
0 0.870968 0.291750 0.066017 0.085500
0 0.880345 0.384000 0.067517 0.089000
0 0.823518 0.370500 0.071643 0.092000
0 0.763316 0.335250 0.069767 0.091500
0 0.680420 0.317500 0.063016 0.084000
0 0.614966 0.349500 0.064141 0.080000
0 0.653226 0.410000 0.074644 0.088000
0 0.714554 0.392750 0.070518 0.087500
0 0.616279 0.486750 0.073518 0.072500
0 0.689422 0.491000 0.069767 0.091000
0 0.751125 0.457000 0.068642 0.086000
0 0.820705 0.465750 0.073518 0.094500
0 0.872843 0.488250 0.061515 0.090500
0 0.848462 0.550000 0.069767 0.094000
0 0.922731 0.570250 0.078770 0.091500
0 0.880533 0.653000 0.071643 0.084000
0 0.794449 0.616000 0.064516 0.092000
0 0.771568 0.542000 0.065266 0.083000
0 0.718867 0.572750 0.075394 0.091500
0 0.647037 0.547250 0.067517 0.089500
0 0.360090 0.258500 0.059265 0.070000