0 0.240623 0.095500 0.064891 0.082000
0 0.304389 0.116000 0.059640 0.094000
0 0.345836 0.175750 0.051763 0.086500
0 0.289572 0.200750 0.059265 0.095500
0 0.251875 0.224500 0.055889 0.080000
0 0.173856 0.146000 0.059640 0.093000
0 0.147412 0.242250 0.056264 0.086500
0 0.165604 0.316500 0.065641 0.078000
0 0.226182 0.321750 0.054764 0.075500
0 0.128095 0.365000 0.061890 0.075000
0 0.188672 0.392750 0.057014 0.080500
0 0.232558 0.394000 0.059265 0.071000
0 0.285821 0.360500 0.054014 0.079000
0 0.312641 0.293500 0.053638 0.081000
0 0.363278 0.270000 0.061140 0.087000
0 0.402288 0.193500 0.054389 0.092000
0 0.436609 0.270750 0.052513 0.084500
0 0.484621 0.248000 0.068267 0.083000
0 0.529257 0.183750 0.067517 0.093500
0 0.550450 0.271500 0.062641 0.087000
0 0.483121 0.332250 0.063766 0.081500
0 0.436797 0.364750 0.059640 0.080500
0 0.489310 0.403750 0.056639 0.073500
0 0.537509 0.419000 0.053263 0.072000
0 0.545761 0.350750 0.054014 0.079500
0 0.376219 0.351000 0.057764 0.068000
0 0.369467 0.433250 0.056264 0.079500
0 0.315266 0.430500 0.051388 0.074000
0 0.256189 0.469000 0.056264 0.080000
0 0.196174 0.465250 0.058515 0.062500
0 0.135221 0.443250 0.061890 0.073500
0 0.161478 0.514500 0.046137 0.071000
0 0.114216 0.536750 0.060390 0.064500
0 0.145536 0.579500 0.053263 0.066000
0 0.202738 0.567750 0.054389 0.057500
0 0.240248 0.517250 0.055139 0.063500
0 0.276819 0.574500 0.051013 0.074000
0 0.299887 0.626500 0.050638 0.065000
0 0.231245 0.629250 0.052888 0.072500
0 0.290510 0.529000 0.047637 0.069000
0 0.331208 0.523500 0.063016 0.080000
0 0.387284 0.549500 0.055889 0.078000
0 0.327832 0.594500 0.056264 0.070000
0 0.349400 0.654250 0.058140 0.075500
0 0.424044 0.455500 0.055889 0.078000
0 0.478807 0.487500 0.058890 0.083000
0 0.523443 0.491000 0.059640 0.075000
0 0.496437 0.547500 0.049137 0.068000
0 0.428357 0.497750 0.053263 0.055500
0 0.442423 0.569250 0.052888 0.062500
0 0.404914 0.632750 0.056639 0.076500
0 0.405664 0.677750 0.049137 0.062500
0 0.446924 0.708250 0.048387 0.066500
0 0.448987 0.622750 0.040510 0.068500
0 0.483683 0.629750 0.055889 0.066500
0 0.478057 0.680000 0.053638 0.068000
0 0.490060 0.755500 0.045386 0.059000
0 0.527007 0.714250 0.052513 0.069500
0 0.537509 0.647500 0.053263 0.067000
0 0.550638 0.584000 0.050263 0.067000
0 0.540698 0.803750 0.046887 0.065500
0 0.565829 0.891250 0.051388 0.063500
0 0.587209 0.809500 0.036384 0.058000
0 0.622093 0.802750 0.049887 0.070500
0 0.646849 0.800000 0.041635 0.076000
0 0.699737 0.818000 0.046137 0.066000
0 0.744561 0.779250 0.053263 0.060500
0 0.702738 0.728000 0.048387 0.062000
0 0.652851 0.723000 0.036384 0.066000
0 0.625281 0.722750 0.045761 0.068500
0 0.569205 0.740000 0.043886 0.064000
0 0.583833 0.689000 0.049887 0.061000
0 0.598837 0.621000 0.052138 0.060000
0 0.647599 0.641000 0.047637 0.058000
0 0.572581 0.544250 0.053638 0.061500
0 0.600525 0.479000 0.059265 0.065000
0 0.628845 0.534250 0.053638 0.076500
0 0.635221 0.572500 0.048387 0.052000
0 0.694299 0.504000 0.049512 0.080000
0 0.690360 0.540250 0.054389 0.048500
0 0.705739 0.614250 0.050638 0.069500
0 0.735371 0.664000 0.053638 0.056000
0 0.769692 0.719500 0.049512 0.070000
0 0.839835 0.719250 0.059265 0.073500
0 0.781883 0.620500 0.053638 0.068000
0 0.734809 0.565000 0.048762 0.063000
0 0.667292 0.421500 0.057014 0.077000
0 0.704989 0.418000 0.037134 0.066000
0 0.618155 0.385000 0.060765 0.071000
0 0.591335 0.315250 0.053638 0.072500
0 0.635784 0.258250 0.059265 0.079500
0 0.656227 0.331750 0.062641 0.077500
0 0.701425 0.273750 0.054014 0.085500
0 0.746999 0.356750 0.064141 0.086500
0 0.784696 0.393750 0.063766 0.080500
0 0.774944 0.459500 0.053263 0.069000
0 0.765941 0.499000 0.052513 0.052000
0 0.792198 0.309750 0.060015 0.073500
0 0.854464 0.355500 0.062266 0.082000
0 0.902101 0.354500 0.055514 0.084000
0 0.915229 0.406000 0.056264 0.071000
0 0.838147 0.427000 0.058890 0.063000
0 0.885034 0.454250 0.053638 0.070500
0 0.932296 0.484250 0.055889 0.083500
0 0.838335 0.505000 0.053263 0.060000
0 0.824456 0.577000 0.047262 0.067000
0 0.861778 0.609750 0.055889 0.076500
0 0.930233 0.575000 0.052513 0.082000