0 0.314704 0.153250 0.084771 0.104500
0 0.217929 0.148000 0.087772 0.105000
0 0.177982 0.242250 0.082146 0.095500
0 0.141785 0.331500 0.085521 0.104000
0 0.159227 0.424000 0.077644 0.099000
0 0.135221 0.539000 0.087397 0.100000
0 0.207614 0.578500 0.084396 0.099000
0 0.223556 0.363500 0.076519 0.107000
0 0.231245 0.477500 0.079145 0.107000
0 0.293698 0.324500 0.085521 0.101000
0 0.309452 0.412750 0.081020 0.093500
0 0.363091 0.253000 0.078770 0.106000
0 0.445986 0.249500 0.075769 0.105000
0 0.406602 0.342750 0.077269 0.096500
0 0.394974 0.425000 0.073518 0.101000
0 0.343398 0.496500 0.079895 0.100000
0 0.284509 0.553250 0.083646 0.099500
0 0.287509 0.648000 0.080645 0.091000
0 0.293136 0.740750 0.075394 0.102500
0 0.356339 0.794000 0.071268 0.102000
0 0.366092 0.683500 0.066017 0.101000
0 0.417854 0.835000 0.076519 0.103000
0 0.477682 0.864500 0.067892 0.083000
0 0.534696 0.919000 0.071643 0.090000
0 0.489497 0.329750 0.078770 0.106500
0 0.464554 0.416750 0.081395 0.105500
0 0.563203 0.325000 0.072393 0.099000
0 0.557014 0.425000 0.074269 0.103000
0 0.509002 0.503500 0.081770 0.092000
0 0.424231 0.547750 0.081770 0.087500
0 0.678545 0.356000 0.066017 0.089000
0 0.617967 0.388250 0.070143 0.094500
0 0.428170 0.653250 0.076144 0.100500
0 0.436047 0.744750 0.075394 0.096500
0 0.597524 0.916250 0.069767 0.095500
0 0.641785 0.863250 0.069017 0.097500
0 0.569205 0.848750 0.067142 0.092500
0 0.504876 0.775000 0.072018 0.092000
0 0.494936 0.680000 0.062641 0.093000
0 0.548012 0.719000 0.060015 0.092000
0 0.609715 0.769500 0.070143 0.093000
0 0.699362 0.800000 0.061890 0.103000
0 0.680233 0.449750 0.062641 0.100500
0 0.610278 0.478500 0.073518 0.091000
0 0.563953 0.559250 0.075394 0.092500
0 0.501313 0.600750 0.080645 0.097500
0 0.553826 0.645750 0.068642 0.084500
0 0.610090 0.686500 0.070893 0.095000
0 0.737997 0.822000 0.067142 0.092000
0 0.812266 0.773250 0.062641 0.088500
0 0.731808 0.749500 0.071268 0.092000
0 0.679295 0.695000 0.064516 0.088000
0 0.626594 0.597250 0.071643 0.098500
0 0.689610 0.615500 0.075394 0.094000
0 0.727682 0.656500 0.063016 0.096000
0 0.793136 0.693000 0.075394 0.089000
0 0.837022 0.615750 0.073893 0.100500
0 0.667104 0.534250 0.070893 0.082500
0 0.735184 0.513500 0.073518 0.096000
0 0.762003 0.569000 0.073143 0.092000
0 0.778695 0.461750 0.068267 0.089500
0 0.821080 0.528250 0.076519 0.090500