0 0.070143 0.245250 0.065266 0.092500
0 0.133346 0.219500 0.067892 0.089000
0 0.145724 0.304500 0.062641 0.088000
0 0.089647 0.337500 0.062266 0.082000
0 0.210803 0.279000 0.066017 0.095000
0 0.255439 0.351500 0.065266 0.088000
0 0.171980 0.386000 0.064141 0.094000
0 0.119467 0.404000 0.064141 0.087000
0 0.169542 0.470250 0.056264 0.079500
0 0.119842 0.477500 0.050638 0.072000
0 0.221118 0.423250 0.063391 0.081500
0 0.282633 0.436500 0.067142 0.082000
0 0.224869 0.500500 0.059640 0.077000
0 0.281883 0.515250 0.061140 0.090500
0 0.334584 0.535250 0.066017 0.072500
0 0.361965 0.589750 0.058515 0.067500
0 0.304389 0.598000 0.059640 0.077000
0 0.245686 0.573250 0.061515 0.078500
0 0.171605 0.581750 0.063391 0.080500
0 0.079332 0.578750 0.064891 0.079500
0 0.140285 0.619750 0.053263 0.077500
0 0.176857 0.689750 0.055889 0.079500
0 0.208740 0.633000 0.055889 0.065000
0 0.259752 0.642750 0.055139 0.079500
0 0.233121 0.708750 0.059640 0.079500
0 0.294074 0.701750 0.053263 0.082500
0 0.335709 0.665500 0.060765 0.082000
0 0.344149 0.735000 0.063391 0.071000
0 0.395161 0.648750 0.055139 0.077500
0 0.203676 0.744750 0.054014 0.059500
0 0.255251 0.768250 0.044636 0.060500
0 0.307764 0.762250 0.050638 0.050500
0 0.334021 0.830500 0.052888 0.064000
0 0.368155 0.803250 0.054389 0.068500
0 0.283571 0.826250 0.056264 0.072500
0 0.200488 0.817500 0.063391 0.060000
0 0.233683 0.861500 0.048762 0.072000
0 0.283571 0.880750 0.049512 0.064500
0 0.332708 0.897500 0.056264 0.062000
0 0.384659 0.892500 0.048387 0.062000
0 0.397787 0.847750 0.055139 0.066500
0 0.418980 0.788250 0.051763 0.073500
0 0.439985 0.839250 0.039760 0.057500
0 0.455551 0.788500 0.038635 0.063000
0 0.487059 0.833000 0.048387 0.060000
0 0.481808 0.771500 0.052888 0.067000
0 0.512378 0.781250 0.043511 0.064500
0 0.552326 0.796750 0.043886 0.060500
0 0.603901 0.796250 0.047262 0.062500
0 0.563391 0.747500 0.047262 0.060000
0 0.498875 0.710250 0.054014 0.069500
0 0.444299 0.678750 0.056639 0.070500
0 0.432483 0.610750 0.059265 0.075500
0 0.401725 0.545000 0.057764 0.068000
0 0.370218 0.478500 0.066767 0.074000
0 0.346962 0.412000 0.060765 0.079000
0 0.324269 0.338500 0.062641 0.086000
0 0.382033 0.348000 0.059640 0.089000
0 0.412228 0.416750 0.059265 0.080500
0 0.432108 0.486500 0.062266 0.078000
0 0.458177 0.535500 0.052138 0.067000
0 0.503376 0.577250 0.059265 0.079500
0 0.530383 0.642750 0.054014 0.070500
0 0.572206 0.615750 0.046137 0.072500
0 0.575206 0.541500 0.051388 0.061000
0 0.524756 0.509500 0.047262 0.063000
0 0.496249 0.464500 0.051763 0.072000
0 0.472056 0.403500 0.057389 0.073000
0 0.525319 0.394500 0.050638 0.075000
0 0.437734 0.337250 0.054014 0.073500
0 0.311515 0.216500 0.061890 0.082000
0 0.350900 0.268750 0.064141 0.083500
0 0.418792 0.266250 0.058890 0.083500
0 0.474869 0.276250 0.055514 0.087500
0 0.522506 0.320750 0.064516 0.080500
0 0.576519 0.291000 0.052513 0.080000
0 0.593586 0.362500 0.051388 0.075000
0 0.611215 0.236750 0.052138 0.074500
0 0.639160 0.312250 0.058515 0.081500
0 0.648162 0.388500 0.057764 0.077000
0 0.572956 0.430750 0.055139 0.078500
0 0.598275 0.487750 0.048762 0.067500
0 0.676482 0.336750 0.052138 0.073500
0 0.771755 0.276250 0.070893 0.080500
0 0.778882 0.350250 0.059640 0.077500
0 0.820143 0.389500 0.048387 0.072000
0 0.779632 0.420250 0.055139 0.078500
0 0.702738 0.434500 0.057389 0.078000
0 0.664479 0.466750 0.054389 0.072500
0 0.698800 0.503500 0.053263 0.065000
0 0.756939 0.483000 0.057014 0.073000
0 0.797074 0.486000 0.048762 0.070000
0 0.863091 0.452750 0.060015 0.074500
0 0.913728 0.521750 0.052513 0.075500
0 0.849775 0.542500 0.051388 0.072000
0 0.854089 0.610250 0.047262 0.072500
0 0.764066 0.544500 0.048012 0.066000
0 0.782821 0.575500 0.049512 0.054000
0 0.652663 0.530000 0.050263 0.062000
0 0.678170 0.570000 0.051013 0.062000
0 0.629032 0.593500 0.045011 0.067000
0 0.617967 0.664000 0.050638 0.063000
0 0.671980 0.643250 0.051388 0.068500
0 0.701988 0.659500 0.042386 0.064000
0 0.717742 0.592500 0.049137 0.055000
0 0.767629 0.652250 0.050638 0.070500
0 0.810015 0.661000 0.047637 0.070000
0 0.743061 0.704500 0.048012 0.061000
0 0.668792 0.704250 0.049512 0.064500
0 0.692236 0.727750 0.043886 0.058500
0 0.611403 0.725000 0.044261 0.064000
0 0.644599 0.755000 0.047637 0.060000