0 0.105964 0.412250 0.064141 0.074500
0 0.084771 0.500500 0.057014 0.058000
0 0.104839 0.582250 0.046887 0.067500
0 0.107464 0.654750 0.050638 0.057500
0 0.143661 0.599000 0.050263 0.073000
0 0.167667 0.644000 0.057764 0.062000
0 0.204426 0.577750 0.047262 0.066500
0 0.231995 0.633500 0.055139 0.068000
0 0.246812 0.575250 0.052513 0.058500
0 0.218680 0.525250 0.048012 0.063500
0 0.160165 0.529750 0.052513 0.066500
0 0.137472 0.466250 0.050638 0.061500
0 0.185859 0.476000 0.051388 0.061000
0 0.165041 0.418750 0.057014 0.058500
0 0.154539 0.362000 0.049512 0.068000
0 0.195986 0.313500 0.054389 0.061000
0 0.219430 0.373500 0.051013 0.062000
0 0.227869 0.437000 0.052888 0.066000
0 0.278695 0.444500 0.047262 0.061000
0 0.262753 0.369500 0.046887 0.066000
0 0.311140 0.398000 0.045386 0.063000
0 0.327832 0.459250 0.045761 0.067500
0 0.260878 0.516750 0.043886 0.064500
0 0.300825 0.562500 0.051763 0.065000
0 0.322956 0.509000 0.051763 0.063000
0 0.295011 0.643500 0.046137 0.066000
0 0.340398 0.646250 0.048387 0.062500
0 0.386722 0.654500 0.046512 0.061000
0 0.428545 0.654500 0.043886 0.063000
0 0.351838 0.575750 0.049512 0.067500
0 0.401350 0.598750 0.048762 0.062500
0 0.427607 0.541250 0.048762 0.062500
0 0.370968 0.512750 0.048762 0.063500
0 0.412416 0.483750 0.052888 0.062500
0 0.390473 0.435500 0.051013 0.064000
0 0.349587 0.365750 0.041260 0.064500
0 0.324644 0.326750 0.045386 0.062500
0 0.359902 0.304500 0.050638 0.064000
0 0.392536 0.363000 0.049887 0.066000
0 0.426107 0.400500 0.048762 0.054000
0 0.463241 0.443750 0.047262 0.065500
0 0.467929 0.508250 0.046887 0.059500
0 0.466617 0.589000 0.042011 0.059000
0 0.473743 0.646250 0.046512 0.063500
0 0.502251 0.547750 0.046512 0.061500
0 0.410540 0.286250 0.040135 0.068500
0 0.447862 0.291750 0.051013 0.062500
0 0.461740 0.239000 0.050263 0.064000
0 0.498875 0.284000 0.047262 0.058000
0 0.503751 0.335250 0.046512 0.057500
0 0.473931 0.381250 0.043136 0.059500
0 0.512941 0.422500 0.050638 0.065000
0 0.510690 0.487500 0.045386 0.062000
0 0.553451 0.508000 0.043886 0.065000
0 0.580458 0.553250 0.049887 0.057500
0 0.549512 0.595250 0.043511 0.061500
0 0.509002 0.609750 0.045011 0.052500
0 0.536384 0.656750 0.043511 0.063500
0 0.573331 0.666250 0.039385 0.063500
0 0.607652 0.687500 0.039760 0.060000
0 0.641973 0.709750 0.043886 0.059500
0 0.651538 0.667500 0.045011 0.058000
0 0.689797 0.665000 0.039010 0.054000
0 0.691485 0.705250 0.038635 0.052500
0 0.747749 0.744250 0.049137 0.054500
0 0.742311 0.770750 0.048012 0.037500
0 0.774381 0.720750 0.037884 0.062500
0 0.805326 0.730750 0.042761 0.056500
0 0.589460 0.592250 0.044636 0.050500
0 0.618155 0.565500 0.040510 0.046000
0 0.635784 0.527500 0.045011 0.062000
0 0.648537 0.545750 0.030758 0.042500
0 0.594524 0.493250 0.047262 0.064500
0 0.551950 0.443250 0.046887 0.060500
0 0.546699 0.376500 0.048387 0.064000
0 0.568642 0.389750 0.030008 0.053500
0 0.586272 0.420000 0.034509 0.051000
0 0.496812 0.199250 0.052138 0.063500
0 0.535634 0.251250 0.048012 0.056500
0 0.571268 0.217000 0.046512 0.067000
0 0.591898 0.273750 0.044261 0.065500
0 0.554201 0.309000 0.052888 0.064000
0 0.608777 0.352500 0.044261 0.065000
0 0.639910 0.401250 0.045761 0.064500
0 0.688485 0.390750 0.049137 0.056500
0 0.701050 0.457250 0.045011 0.060500
0 0.698800 0.502750 0.044261 0.052500
0 0.730495 0.486000 0.034884 0.049000
0 0.710053 0.553500 0.047262 0.057000
0 0.714366 0.631250 0.042386 0.067500
0 0.760128 0.592250 0.040885 0.061500
0 0.764441 0.526500 0.045011 0.056000
0 0.792386 0.598250 0.039385 0.061500
0 0.629032 0.295750 0.046512 0.062500
0 0.591148 0.159750 0.043511 0.059500
0 0.630720 0.178000 0.043886 0.056000
0 0.650975 0.125000 0.038635 0.063000
0 0.683046 0.156250 0.039010 0.068500
0 0.713053 0.190500 0.039760 0.068000
0 0.683983 0.224000 0.038635 0.056000
0 0.641785 0.237500 0.044261 0.063000
0 0.665229 0.274750 0.038635 0.058500
0 0.670293 0.332000 0.041260 0.057000
0 0.706677 0.298500 0.042011 0.056000
0 0.740248 0.243000 0.048387 0.059000
0 0.758252 0.199250 0.046137 0.058500
0 0.731808 0.356250 0.045011 0.056500
0 0.812078 0.237500 0.048762 0.062000
0 0.867779 0.250000 0.046137 0.067000
0 0.789197 0.285250 0.045761 0.069500
0 0.824081 0.297000 0.034509 0.066000
0 0.769880 0.337500 0.049137 0.063000
0 0.748500 0.421500 0.051388 0.064000
0 0.814704 0.378500 0.045011 0.065000
0 0.845086 0.362500 0.043511 0.052000
0 0.776069 0.394250 0.045011 0.058500
0 0.807577 0.428250 0.045761 0.053500
0 0.848087 0.418500 0.043511 0.056000
0 0.911103 0.415000 0.045011 0.063000
0 0.858965 0.459750 0.039760 0.051500
0 0.825019 0.469250 0.041635 0.055500
0 0.769880 0.453750 0.046137 0.061500
0 0.799512 0.499500 0.040885 0.060000
0 0.843961 0.724250 0.039760 0.045500
0 0.876782 0.705750 0.039385 0.047500
0 0.905289 0.678250 0.040135 0.046500
0 0.801013 0.681750 0.042386 0.048500
0 0.798950 0.640250 0.048762 0.052500
0 0.844149 0.662500 0.037134 0.059000
0 0.859527 0.668750 0.028132 0.057500
0 0.883158 0.628500 0.037884 0.052000
0 0.913541 0.627750 0.037884 0.054500
0 0.863278 0.582750 0.043886 0.051500
0 0.822393 0.590000 0.030383 0.050000
0 0.820893 0.545000 0.046137 0.056000
0 0.851275 0.522500 0.041635 0.063000
0 0.901350 0.537500 0.042761 0.058000
0 0.916729 0.551500 0.034509 0.045000
0 0.939985 0.507000 0.048762 0.061000