0 0.143473 0.279250 0.058890 0.076500
0 0.129220 0.331750 0.058890 0.069500
0 0.092461 0.400250 0.059640 0.075500
0 0.108402 0.454000 0.054014 0.059000
0 0.146662 0.402000 0.060765 0.077000
0 0.177794 0.339500 0.056264 0.074000
0 0.169730 0.459500 0.044636 0.054000
0 0.137097 0.519750 0.055889 0.068500
0 0.149287 0.577750 0.057764 0.067500
0 0.188672 0.620750 0.057014 0.056500
0 0.244374 0.624750 0.049887 0.064500
0 0.206864 0.587500 0.051388 0.061000
0 0.204989 0.510750 0.050638 0.057500
0 0.203676 0.452500 0.053263 0.078000
0 0.250563 0.481500 0.048762 0.066000
0 0.256002 0.570500 0.049137 0.059000
0 0.293323 0.592250 0.048762 0.060500
0 0.345836 0.598500 0.049512 0.059000
0 0.344899 0.535750 0.051388 0.062500
0 0.295011 0.498000 0.053638 0.057000
0 0.233683 0.365750 0.052513 0.067500
0 0.273068 0.419250 0.053263 0.075500
0 0.320143 0.456000 0.046887 0.065000
0 0.370218 0.478000 0.053263 0.059000
0 0.388597 0.542500 0.045761 0.066000
0 0.407352 0.599000 0.047262 0.066000
0 0.200863 0.218250 0.058890 0.070500
0 0.234434 0.155250 0.053263 0.087500
0 0.258627 0.228250 0.054389 0.072500
0 0.229182 0.292750 0.052513 0.071500
0 0.269692 0.302250 0.060765 0.074500
0 0.304389 0.147750 0.049137 0.076500
0 0.316017 0.231750 0.062641 0.077500
0 0.354651 0.130250 0.056639 0.087500
0 0.387097 0.210500 0.057014 0.074000
0 0.353151 0.290000 0.055139 0.068000
0 0.326332 0.350250 0.050263 0.070500
0 0.360653 0.392000 0.051388 0.064000
0 0.377532 0.343750 0.046137 0.071500
0 0.402851 0.424750 0.047262 0.069500
0 0.415041 0.490000 0.052138 0.068000
0 0.436422 0.560250 0.052888 0.074500
0 0.468305 0.597500 0.049887 0.063000
0 0.448612 0.637250 0.044261 0.063500
0 0.483683 0.675750 0.047637 0.060500
0 0.530008 0.669000 0.053263 0.057000
0 0.508815 0.612250 0.044636 0.055500
0 0.560015 0.629500 0.048762 0.075000
0 0.589085 0.647750 0.043136 0.050500
0 0.566954 0.719500 0.047637 0.053000
0 0.609340 0.725750 0.045386 0.057500
0 0.401725 0.282750 0.052513 0.065500
0 0.434921 0.230250 0.051388 0.074500
0 0.474869 0.159500 0.056264 0.075000
0 0.534321 0.185750 0.058140 0.083500
0 0.505439 0.261750 0.046887 0.073500
0 0.446174 0.316500 0.050638 0.071000
0 0.425919 0.376000 0.051388 0.073000
0 0.472618 0.394750 0.051013 0.067500
0 0.461928 0.436500 0.054389 0.055000
0 0.463991 0.507750 0.052513 0.062500
0 0.503188 0.551250 0.052138 0.056500
0 0.563953 0.243000 0.051388 0.070000
0 0.545761 0.309250 0.051013 0.067500
0 0.533946 0.381000 0.052888 0.073000
0 0.511253 0.424750 0.049512 0.056500
0 0.511065 0.484750 0.048387 0.056500
0 0.551388 0.504000 0.039010 0.062000
0 0.552888 0.449500 0.048762 0.062000
0 0.632783 0.229750 0.044261 0.069500
0 0.600525 0.289250 0.053263 0.066500
0 0.581020 0.340500 0.048012 0.066000
0 0.592836 0.407750 0.049137 0.064500
0 0.542198 0.573500 0.043886 0.065000
0 0.644974 0.704000 0.040885 0.053000
0 0.639535 0.658750 0.045761 0.053500
0 0.701800 0.712250 0.048762 0.053500
0 0.583833 0.569500 0.042386 0.060000
0 0.610090 0.603500 0.044636 0.048000
0 0.648350 0.595250 0.040885 0.049500
0 0.629782 0.567750 0.046512 0.061500
0 0.599212 0.483000 0.044636 0.063000
0 0.633721 0.502500 0.041635 0.061000
0 0.635409 0.439250 0.048012 0.057500
0 0.625656 0.363500 0.046512 0.066000
0 0.655476 0.315000 0.052888 0.069000
0 0.696737 0.277250 0.057389 0.063500
0 0.693736 0.349000 0.038635 0.062000
0 0.674981 0.399500 0.048387 0.062000
0 0.719617 0.402250 0.048387 0.061500
0 0.678357 0.493000 0.048387 0.059000
0 0.668042 0.553000 0.042011 0.058000
0 0.733496 0.681500 0.041635 0.056000
0 0.684171 0.630750 0.044261 0.053500
0 0.702738 0.580250 0.038635 0.056500
0 0.771568 0.656000 0.045011 0.056000
0 0.732746 0.609000 0.040135 0.056000
0 0.735371 0.563750 0.041635 0.055500
0 0.708177 0.524500 0.045011 0.054000
0 0.727682 0.477250 0.045011 0.063500
0 0.764066 0.515750 0.048012 0.061500
0 0.779070 0.585250 0.042011 0.050500
0 0.799325 0.612000 0.040510 0.055000
0 0.867217 0.622000 0.036759 0.058000
0 0.802888 0.560250 0.036384 0.056500
0 0.788635 0.517000 0.035634 0.059000
0 0.784696 0.467750 0.045761 0.056500
0 0.765941 0.431750 0.043511 0.067500
0 0.783571 0.375000 0.044261 0.071000
0 0.850338 0.356750 0.045011 0.061500
0 0.801950 0.388500 0.039010 0.060000
0 0.875469 0.370000 0.027007 0.040000
0 0.827457 0.438750 0.045011 0.065500
0 0.874156 0.413750 0.044636 0.058500
0 0.888972 0.412750 0.021755 0.029500
0 0.856339 0.464750 0.039010 0.060500
0 0.834584 0.515250 0.047262 0.058500
0 0.874344 0.501500 0.048762 0.061000
0 0.890848 0.456250 0.045761 0.057500
0 0.912791 0.460500 0.031883 0.047000
0 0.918980 0.512500 0.038260 0.045000
0 0.874344 0.561250 0.037509 0.060500
0 0.496249 0.322250 0.051763 0.066500