0 0.069955 0.506000 0.070893 0.077000
0 0.060953 0.595000 0.064141 0.075000
0 0.115716 0.570000 0.058890 0.079000
0 0.162603 0.548750 0.070143 0.085500
0 0.238185 0.539500 0.073518 0.081000
0 0.251125 0.639500 0.060390 0.079000
0 0.331583 0.521250 0.060765 0.075500
0 0.323331 0.600000 0.062266 0.074000
0 0.309640 0.650750 0.061140 0.076500
0 0.349212 0.727250 0.062266 0.072500
0 0.405476 0.489000 0.063016 0.076000
0 0.436984 0.536250 0.061515 0.082500
0 0.396849 0.626750 0.058515 0.076500
0 0.410353 0.698000 0.058515 0.084000
0 0.479932 0.495500 0.067142 0.075000
0 0.500000 0.572750 0.063766 0.073500
0 0.448800 0.638250 0.057389 0.077500
0 0.461553 0.730250 0.063391 0.085500
0 0.506752 0.671000 0.059265 0.070000
0 0.548387 0.477000 0.060765 0.076000
0 0.560765 0.557250 0.062266 0.076500
0 0.566954 0.634250 0.061140 0.078500
0 0.561140 0.721500 0.069767 0.075000
0 0.608590 0.613000 0.057389 0.078000
0 0.611403 0.500750 0.057764 0.088500
0 0.069767 0.424250 0.070518 0.085500
0 0.114591 0.385750 0.065641 0.085500
0 0.194111 0.374000 0.063391 0.085000
0 0.181545 0.457500 0.066767 0.098000
0 0.251313 0.451000 0.063016 0.085000
0 0.261628 0.379000 0.065641 0.092000
0 0.310015 0.440250 0.064891 0.085500
0 0.332146 0.355500 0.062641 0.089000
0 0.370405 0.426250 0.058140 0.079500
0 0.404914 0.350000 0.070893 0.084000
0 0.442236 0.423750 0.065266 0.086500
0 0.492498 0.379500 0.065266 0.090000
0 0.557764 0.383000 0.059265 0.077000
0 0.606714 0.414250 0.061890 0.089500
0 0.586084 0.295250 0.067892 0.087500
0 0.564141 0.206000 0.069017 0.097000
0 0.487434 0.191250 0.066392 0.086500
0 0.516692 0.297000 0.061140 0.090000
0 0.437359 0.258500 0.069017 0.083000
0 0.362153 0.280000 0.067892 0.095000
0 0.292198 0.266750 0.068267 0.091500
0 0.222618 0.293750 0.069392 0.082500
0 0.155664 0.287250 0.069767 0.087500
0 0.185296 0.194750 0.074269 0.100500
0 0.271193 0.190750 0.068267 0.094500
0 0.303076 0.127250 0.065266 0.091500
0 0.362528 0.104500 0.074644 0.095000
0 0.350525 0.198500 0.064891 0.077000
0 0.681733 0.159250 0.068642 0.096500
0 0.764254 0.219750 0.068642 0.095500
0 0.642161 0.226500 0.073518 0.092000
0 0.651350 0.329750 0.066392 0.092500
0 0.720555 0.315750 0.071268 0.094500
0 0.795574 0.309500 0.066767 0.080000
0 0.786572 0.392250 0.047262 0.080500
0 0.747937 0.390250 0.066017 0.079500
0 0.678357 0.390250 0.063391 0.084500
0 0.683608 0.472500 0.061140 0.079000
0 0.747562 0.485000 0.067517 0.073000
0 0.831208 0.451750 0.066767 0.065500
0 0.892723 0.495000 0.069767 0.078000
0 0.794261 0.516750 0.066392 0.077500
0 0.658102 0.530250 0.067892 0.074500
0 0.730870 0.568000 0.064141 0.077000
0 0.828207 0.571500 0.058515 0.082000
0 0.884284 0.599750 0.057389 0.076500
0 0.935484 0.673750 0.060015 0.076500
0 0.871530 0.672000 0.064891 0.067000
0 0.796324 0.661250 0.056264 0.073500
0 0.731433 0.623500 0.060015 0.064000
0 0.674981 0.622250 0.065641 0.074500
0 0.620030 0.678250 0.056264 0.073500
0 0.673856 0.678250 0.055889 0.064500