0 0.100900 0.553500 0.051763 0.057000
0 0.149287 0.489500 0.049512 0.061000
0 0.190173 0.442000 0.050263 0.057000
0 0.229557 0.380250 0.049512 0.053500
0 0.266129 0.321500 0.052888 0.065000
0 0.281883 0.276500 0.061890 0.079000
0 0.352401 0.270500 0.049137 0.067000
0 0.327457 0.327250 0.045761 0.066500
0 0.323331 0.384750 0.051013 0.058500
0 0.265941 0.386000 0.048762 0.064000
0 0.241935 0.435250 0.052513 0.058500
0 0.212303 0.495000 0.049512 0.060000
0 0.176107 0.546250 0.053638 0.053500
0 0.160165 0.585500 0.045761 0.064000
0 0.199737 0.595500 0.047637 0.062000
0 0.145536 0.629250 0.043511 0.057500
0 0.183233 0.639000 0.046887 0.064000
0 0.143473 0.699000 0.046137 0.064000
0 0.182671 0.741750 0.045011 0.064500
0 0.223181 0.777250 0.048762 0.068500
0 0.250188 0.731000 0.049512 0.062000
0 0.221680 0.677500 0.053263 0.063000
0 0.225431 0.647500 0.047262 0.064000
0 0.274006 0.668250 0.046137 0.059500
0 0.295199 0.738250 0.042761 0.053500
0 0.306264 0.783000 0.045386 0.054000
0 0.236872 0.549500 0.045386 0.059000
0 0.257314 0.493500 0.044261 0.069000
0 0.284134 0.546500 0.049887 0.058000
0 0.271943 0.610500 0.051763 0.062000
0 0.293698 0.448750 0.047262 0.061500
0 0.301950 0.505500 0.053263 0.061000
0 0.342461 0.450500 0.047262 0.062000
0 0.367967 0.386750 0.041260 0.065500
0 0.377532 0.335500 0.049887 0.065000
0 0.416917 0.302250 0.047637 0.068500
0 0.405101 0.196250 0.055514 0.075500
0 0.457989 0.231000 0.049512 0.070000
0 0.512753 0.215000 0.048762 0.070000
0 0.486122 0.282500 0.045011 0.062000
0 0.457239 0.329750 0.047262 0.061500
0 0.421230 0.366000 0.048762 0.051000
0 0.539010 0.269750 0.043511 0.066500
0 0.582333 0.255000 0.046137 0.060000
0 0.558327 0.314500 0.045386 0.060000
0 0.511065 0.333750 0.045386 0.062500
0 0.594149 0.322500 0.035259 0.073000
0 0.329707 0.563250 0.044261 0.057500
0 0.320518 0.622000 0.046887 0.060000
0 0.316204 0.687250 0.044261 0.064500
0 0.354839 0.697750 0.044261 0.061500
0 0.355214 0.757250 0.049512 0.060500
0 0.347899 0.806500 0.052888 0.063000
0 0.397974 0.790000 0.045761 0.056000
0 0.437547 0.768000 0.041635 0.054000
0 0.398350 0.706250 0.037509 0.053500
0 0.435109 0.705750 0.040510 0.057500
0 0.407914 0.662500 0.046137 0.059000
0 0.454989 0.654750 0.045761 0.070500
0 0.372093 0.602250 0.043511 0.059500
0 0.411290 0.597500 0.040885 0.059000
0 0.379595 0.554000 0.040510 0.055000
0 0.361778 0.504250 0.046887 0.056500
0 0.414291 0.542500 0.046887 0.063000
0 0.459865 0.588500 0.043511 0.062000
0 0.455364 0.536000 0.041260 0.058000
0 0.387097 0.451500 0.048012 0.063000
0 0.429857 0.482500 0.043511 0.062000
0 0.424419 0.414500 0.043886 0.061000
0 0.460990 0.380250 0.044261 0.065500
0 0.466054 0.453500 0.044636 0.057000
0 0.485746 0.496750 0.042011 0.064500
0 0.504314 0.444750 0.045386 0.061500
0 0.502063 0.599500 0.043136 0.059000
0 0.492873 0.648000 0.045761 0.056000
0 0.480120 0.709250 0.049512 0.051500
0 0.478057 0.765250 0.046137 0.062500
0 0.528882 0.753750 0.042011 0.063500
0 0.567704 0.779500 0.043136 0.069000
0 0.566204 0.709500 0.046887 0.061000
0 0.545949 0.658250 0.044636 0.058500
0 0.539010 0.606750 0.043511 0.063500
0 0.526069 0.549750 0.049887 0.063500
0 0.536947 0.498000 0.044636 0.064000
0 0.567329 0.548000 0.046137 0.061000
0 0.521380 0.388000 0.042011 0.062000
0 0.545761 0.431750 0.046512 0.065500
0 0.557952 0.372000 0.042386 0.064000
0 0.599775 0.381750 0.041260 0.060500
0 0.645536 0.399250 0.045761 0.062500
0 0.609527 0.449500 0.044261 0.063000
0 0.642161 0.453250 0.046512 0.056500
0 0.686797 0.466500 0.045761 0.067000
0 0.592273 0.501750 0.045761 0.057500
0 0.674044 0.525500 0.042761 0.063000
0 0.722806 0.519000 0.053263 0.064000
0 0.651538 0.587250 0.045011 0.059500
0 0.591898 0.638750 0.046512 0.059500
0 0.629407 0.636750 0.042011 0.059500
0 0.697862 0.576500 0.041635 0.057000
0 0.746062 0.583250 0.045761 0.063500
0 0.769880 0.617250 0.043886 0.060500
0 0.680233 0.637500 0.044636 0.059000
0 0.619280 0.690000 0.044261 0.056000
0 0.602213 0.757000 0.044636 0.052000
0 0.609715 0.791000 0.041635 0.045000
0 0.647224 0.743750 0.043136 0.053500
0 0.657914 0.806000 0.043511 0.056000
0 0.700300 0.803750 0.041260 0.057500
0 0.726369 0.832250 0.040135 0.055500
0 0.684734 0.744250 0.046137 0.056500
0 0.661853 0.677250 0.043886 0.059500
0 0.700675 0.679250 0.040510 0.055500
0 0.720555 0.758000 0.039760 0.052000
0 0.755814 0.764250 0.039760 0.050500
0 0.744561 0.722000 0.042761 0.058000
0 0.777382 0.735750 0.042386 0.058500
0 0.734996 0.661750 0.042386 0.059500
0 0.777569 0.663500 0.045761 0.053000