0 0.205574 0.193000 0.054994 0.065000
0 0.206697 0.258750 0.047512 0.063500
0 0.204452 0.350000 0.043771 0.058000
0 0.237935 0.323500 0.046390 0.065000
0 0.234942 0.403250 0.048634 0.055500
0 0.257576 0.455500 0.051253 0.053000
0 0.303404 0.492750 0.042649 0.048500
0 0.302656 0.428500 0.045642 0.056000
0 0.277404 0.372000 0.046016 0.063000
0 0.341377 0.465250 0.044519 0.051500
0 0.358025 0.516250 0.045642 0.046500
0 0.391882 0.540500 0.044519 0.054000
0 0.436214 0.551250 0.043397 0.060500
0 0.406659 0.492750 0.045642 0.047500
0 0.454358 0.498250 0.040778 0.054500
0 0.386644 0.437500 0.049009 0.059000
0 0.342312 0.378750 0.047138 0.053500
0 0.310887 0.335000 0.055368 0.058000
0 0.278900 0.287000 0.054246 0.065000
0 0.332024 0.273750 0.049009 0.050500
0 0.291994 0.219500 0.054246 0.064000
0 0.256453 0.159750 0.050505 0.066500
0 0.290123 0.071500 0.049757 0.078000
0 0.306771 0.152250 0.044145 0.067500
0 0.339693 0.214500 0.050879 0.059000
0 0.333333 0.041500 0.057613 0.080000
0 0.344744 0.124000 0.054246 0.068000
0 0.383838 0.078500 0.057613 0.069000
0 0.391134 0.164000 0.056491 0.077000
0 0.390759 0.230000 0.046764 0.071000
0 0.394314 0.293500 0.050879 0.062000
0 0.383651 0.357500 0.048260 0.060000
0 0.417134 0.388250 0.050131 0.058500
0 0.438833 0.448250 0.041152 0.057500
0 0.501309 0.576750 0.039656 0.050500
0 0.497194 0.515750 0.045642 0.047500
0 0.539469 0.544000 0.038908 0.053000
0 0.529181 0.496250 0.046764 0.059500
0 0.488028 0.472750 0.041526 0.061500
0 0.473064 0.418250 0.049009 0.052500
0 0.512907 0.401000 0.044893 0.060000
0 0.426861 0.332250 0.048634 0.063500
0 0.474747 0.361500 0.047138 0.064000
0 0.432286 0.268000 0.048260 0.072000
0 0.482604 0.307500 0.044893 0.065000
0 0.436214 0.198500 0.049383 0.069000
0 0.481856 0.220750 0.050131 0.064500
0 0.524504 0.277500 0.048634 0.070000
0 0.437897 0.107000 0.050505 0.071000
0 0.475683 0.152250 0.051253 0.074500
0 0.489899 0.070750 0.051253 0.068500
0 0.540030 0.065000 0.054246 0.074000
0 0.533483 0.139000 0.047886 0.068000
0 0.529181 0.217250 0.044519 0.068500
0 0.576693 0.189750 0.048260 0.061500
0 0.560232 0.354000 0.048260 0.059000
0 0.554246 0.438500 0.045267 0.054000
0 0.573139 0.490000 0.043397 0.061000
0 0.596708 0.063750 0.047138 0.078500
0 0.615788 0.126000 0.049383 0.066000
0 0.627759 0.197750 0.053872 0.058500
0 0.583240 0.249750 0.048634 0.057500
0 0.600636 0.320250 0.052001 0.064500
0 0.634867 0.261750 0.047886 0.068500
0 0.597269 0.379250 0.043023 0.065500
0 0.600823 0.438500 0.054620 0.054000
0 0.614104 0.486250 0.044519 0.054500
0 0.599514 0.535250 0.044519 0.053500
0 0.615413 0.571750 0.050131 0.051500
0 0.642349 0.532250 0.047886 0.049500
0 0.661242 0.478000 0.044519 0.049000
0 0.667415 0.429500 0.051627 0.052000
0 0.666480 0.366250 0.049757 0.070500
0 0.680883 0.267250 0.047138 0.071500
0 0.676768 0.171750 0.052376 0.067500
0 0.715675 0.217000 0.050131 0.072000
0 0.700150 0.314250 0.044519 0.065500
0 0.707632 0.406500 0.043023 0.060000
0 0.707071 0.467750 0.047138 0.062500
0 0.685933 0.524250 0.040778 0.061500
0 0.716611 0.550000 0.047512 0.049000
0 0.734942 0.505750 0.048260 0.054500
0 0.752338 0.453250 0.047138 0.061500
0 0.744108 0.353250 0.046390 0.063500
0 0.748784 0.277750 0.045267 0.067500
0 0.764684 0.213750 0.050879 0.069500
0 0.793678 0.261000 0.044519 0.070000
0 0.788066 0.345500 0.049757 0.060000
0 0.780022 0.402750 0.053124 0.052500
0 0.789936 0.461000 0.044519 0.058000
0 0.778526 0.525750 0.044893 0.061500
0 0.769547 0.604500 0.038159 0.054000
0 0.800599 0.559500 0.044893 0.045000
0 0.820052 0.500500 0.048634 0.061000
0 0.837636 0.452000 0.052376 0.052000
0 0.826038 0.392250 0.045642 0.061500
0 0.834269 0.288750 0.047138 0.072500
0 0.879910 0.378250 0.045642 0.062500