0 0.108777 0.361500 0.069767 0.098000
0 0.116842 0.479000 0.067892 0.099000
0 0.162416 0.419500 0.072768 0.086000
0 0.201425 0.496750 0.069017 0.103500
0 0.160540 0.571250 0.069767 0.100500
0 0.219805 0.611250 0.068267 0.095500
0 0.262378 0.682250 0.073893 0.099500
0 0.336084 0.698750 0.069767 0.091500
0 0.292011 0.613000 0.070893 0.083000
0 0.266692 0.534500 0.071268 0.101000
0 0.233496 0.434500 0.068642 0.092000
0 0.141973 0.271500 0.070143 0.104000
0 0.196737 0.325250 0.062641 0.100500
0 0.259565 0.358250 0.078020 0.100500
0 0.200488 0.225750 0.068642 0.104500
0 0.252063 0.256500 0.076519 0.087000
0 0.268192 0.169500 0.058515 0.100000
0 0.341148 0.233750 0.072393 0.095500
0 0.353338 0.141250 0.062266 0.093500
0 0.408290 0.137500 0.074644 0.098000
0 0.414291 0.248750 0.074644 0.091500
0 0.351463 0.364500 0.079520 0.092000
0 0.305139 0.444250 0.064141 0.102500
0 0.347337 0.530750 0.075769 0.090500
0 0.378657 0.611000 0.071643 0.083000
0 0.422356 0.692250 0.071268 0.091500
0 0.490810 0.696250 0.072393 0.075500
0 0.563391 0.688250 0.078770 0.084500
0 0.601463 0.754500 0.073143 0.083000
0 0.446737 0.624500 0.067517 0.094000
0 0.520818 0.602250 0.078395 0.087500
0 0.413353 0.529000 0.063766 0.101000
0 0.490435 0.520000 0.070143 0.089000
0 0.402288 0.435750 0.064141 0.093500
0 0.411478 0.347250 0.075019 0.097500
0 0.478432 0.434000 0.074644 0.088000
0 0.486122 0.331750 0.067517 0.106500
0 0.498125 0.224500 0.076519 0.098000
0 0.499437 0.128000 0.081395 0.094000
0 0.592461 0.142000 0.082146 0.106000
0 0.589272 0.254750 0.080270 0.107500
0 0.559265 0.358000 0.075769 0.098000
0 0.560015 0.462000 0.077269 0.099000
0 0.625656 0.428250 0.078020 0.106500
0 0.622093 0.510000 0.064891 0.088000
0 0.605589 0.600500 0.063391 0.101000
0 0.701988 0.761500 0.071643 0.096000
0 0.771568 0.787750 0.069017 0.086500
0 0.686609 0.614500 0.084396 0.095000
0 0.730870 0.668000 0.076144 0.088000
0 0.803263 0.686000 0.080645 0.094000
0 0.703676 0.525500 0.075019 0.091000
0 0.756939 0.559000 0.067517 0.102000
0 0.823331 0.588500 0.081770 0.094000
0 0.701238 0.408000 0.075394 0.097000
0 0.753188 0.444500 0.075019 0.108000
0 0.833458 0.500000 0.075019 0.097000
0 0.821080 0.403750 0.081020 0.101500
0 0.757314 0.341500 0.069017 0.098000
0 0.701988 0.303500 0.073143 0.112000
0 0.640473 0.315000 0.077644 0.111000
0 0.671043 0.197500 0.078770 0.104000