0 0.240810 0.683750 0.041260 0.064500
0 0.268755 0.631500 0.049887 0.062000
0 0.286759 0.681500 0.050638 0.063000
0 0.258627 0.739750 0.042386 0.067500
0 0.321080 0.620250 0.043511 0.063500
0 0.341523 0.667000 0.045386 0.068000
0 0.322206 0.551000 0.040510 0.065000
0 0.362903 0.596000 0.046887 0.071000
0 0.387659 0.649500 0.052138 0.071000
0 0.409790 0.600750 0.043136 0.066500
0 0.396662 0.538250 0.048387 0.058500
0 0.370405 0.476000 0.043136 0.064000
0 0.400788 0.430000 0.045386 0.060000
0 0.430420 0.476250 0.046887 0.062500
0 0.470555 0.501500 0.046887 0.072000
0 0.438672 0.547000 0.042386 0.069000
0 0.454801 0.611000 0.044636 0.075000
0 0.448237 0.674000 0.042761 0.066000
0 0.411478 0.708250 0.046512 0.061500
0 0.365154 0.723250 0.040135 0.066500
0 0.320143 0.745750 0.043886 0.068500
0 0.360465 0.790750 0.048762 0.067500
0 0.393098 0.852250 0.049512 0.075500
0 0.448425 0.864250 0.051388 0.072500
0 0.409602 0.776750 0.043511 0.064500
0 0.467554 0.741000 0.052888 0.059000
0 0.483496 0.797500 0.050263 0.065000
0 0.515379 0.840750 0.045011 0.076500
0 0.543698 0.792250 0.051388 0.075500
0 0.519505 0.731500 0.045761 0.069000
0 0.484996 0.671250 0.038260 0.066500
0 0.500938 0.612500 0.045386 0.072000
0 0.512566 0.548250 0.053638 0.059500
0 0.563016 0.557250 0.047262 0.060500
0 0.554951 0.623500 0.047637 0.068000
0 0.556452 0.689500 0.050638 0.066000
0 0.584021 0.737250 0.051763 0.071500
0 0.609340 0.788000 0.055889 0.076000
0 0.606902 0.681500 0.050263 0.071000
0 0.624156 0.615250 0.054014 0.064500
0 0.562266 0.484750 0.052513 0.068500
0 0.504126 0.447500 0.051013 0.078000
0 0.437547 0.394750 0.044636 0.064500
0 0.464554 0.348750 0.051388 0.072500
0 0.536759 0.368750 0.053263 0.067500
0 0.573893 0.410250 0.050263 0.070500
0 0.612341 0.471250 0.053638 0.072500
0 0.571268 0.317750 0.046512 0.069500
0 0.615154 0.281500 0.050263 0.067000
0 0.628095 0.356250 0.052138 0.070500
0 0.685484 0.277000 0.046887 0.067000
0 0.735559 0.305750 0.053263 0.063500
0 0.775319 0.356000 0.054014 0.059000
0 0.786384 0.408000 0.048387 0.068000
0 0.838335 0.415000 0.051763 0.060000
0 0.728620 0.395000 0.044636 0.058000
0 0.682296 0.369250 0.054014 0.066500
0 0.651350 0.428250 0.048387 0.057500
0 0.705364 0.433250 0.049887 0.066500
0 0.761253 0.462250 0.056639 0.064500
0 0.824644 0.504000 0.056639 0.070000
0 0.873593 0.467000 0.050263 0.064000
0 0.896099 0.521500 0.048762 0.078000
0 0.904914 0.591500 0.058140 0.071000
0 0.848837 0.580750 0.061515 0.070500
0 0.779257 0.531250 0.052888 0.067500
0 0.787134 0.596500 0.055889 0.071000
0 0.722806 0.511750 0.053263 0.073500
0 0.731808 0.582500 0.049512 0.061000
0 0.667292 0.487250 0.048012 0.068500
0 0.679482 0.554000 0.052888 0.064000
0 0.624719 0.549250 0.054389 0.063500
0 0.673106 0.616250 0.050638 0.060500
0 0.660728 0.687000 0.053638 0.076000
0 0.711740 0.698000 0.054389 0.070000
0 0.765379 0.655750 0.058140 0.064500
0 0.822581 0.689250 0.053263 0.067500
0 0.867404 0.648500 0.055139 0.067000
0 0.928170 0.668500 0.050638 0.075000
0 0.911290 0.731500 0.057389 0.065000
0 0.855589 0.726500 0.054764 0.074000
0 0.819955 0.756500 0.056264 0.079000
0 0.871530 0.803750 0.050638 0.077500
0 0.755064 0.741250 0.049512 0.069500
0 0.703676 0.752000 0.054014 0.064000
0 0.655476 0.761750 0.055889 0.062500
0 0.663166 0.816250 0.051013 0.073500
0 0.715679 0.828500 0.057014 0.073000
0 0.768567 0.815250 0.053263 0.066500
0 0.821830 0.860250 0.057014 0.068500
0 0.787697 0.917250 0.057764 0.080500
0 0.737247 0.909000 0.051388 0.084000
0 0.678920 0.898000 0.052513 0.074000
0 0.627344 0.879000 0.049887 0.077000
0 0.576332 0.852750 0.047637 0.075500