0 0.117217 0.455750 0.059640 0.074500
0 0.140098 0.513250 0.055139 0.066500
0 0.165229 0.467750 0.047637 0.078500
0 0.190360 0.524000 0.048387 0.077000
0 0.220743 0.493500 0.055889 0.067000
0 0.202176 0.421500 0.050263 0.066000
0 0.246812 0.436500 0.054014 0.067000
0 0.278132 0.500750 0.048387 0.072500
0 0.151163 0.387250 0.051763 0.071500
0 0.097337 0.375750 0.053638 0.076500
0 0.125844 0.303250 0.049137 0.074500
0 0.159602 0.257500 0.058890 0.081000
0 0.174231 0.332000 0.052888 0.077000
0 0.217179 0.374500 0.057014 0.076000
0 0.234434 0.298250 0.056264 0.074500
0 0.220743 0.225750 0.048387 0.074500
0 0.291635 0.177500 0.052888 0.082000
0 0.285071 0.251250 0.059265 0.068500
0 0.302701 0.320750 0.057764 0.071500
0 0.275694 0.376000 0.057014 0.070000
0 0.332521 0.391250 0.052888 0.074500
0 0.307014 0.442250 0.058140 0.068500
0 0.339835 0.503000 0.051763 0.075000
0 0.311515 0.555500 0.054389 0.062000
0 0.261065 0.556250 0.051763 0.051500
0 0.213053 0.592250 0.049512 0.061500
0 0.144599 0.591750 0.050638 0.067500
0 0.164854 0.679000 0.052888 0.071000
0 0.260128 0.690750 0.048387 0.062500
0 0.265941 0.619500 0.043511 0.057000
0 0.311703 0.627750 0.056264 0.062500
0 0.310203 0.688000 0.046512 0.056000
0 0.355214 0.676500 0.051013 0.068000
0 0.364216 0.611000 0.050263 0.060000
0 0.406789 0.666250 0.046887 0.069500
0 0.447299 0.626500 0.052138 0.056000
0 0.370593 0.552750 0.054014 0.055500
0 0.424419 0.569000 0.051388 0.062000
0 0.449925 0.516750 0.055139 0.064500
0 0.482183 0.569000 0.050638 0.072000
0 0.380908 0.468250 0.052888 0.057500
0 0.432671 0.448250 0.050638 0.075500
0 0.391223 0.401000 0.053263 0.074000
0 0.363278 0.329500 0.052888 0.077000
0 0.416729 0.318000 0.053263 0.083000
0 0.379220 0.260250 0.053263 0.079500
0 0.356902 0.190000 0.055889 0.082000
0 0.426107 0.208000 0.054014 0.083000
0 0.476932 0.166500 0.055889 0.087000
0 0.473368 0.256000 0.057764 0.076000
0 0.458552 0.385750 0.053638 0.063500
0 0.491185 0.325250 0.052888 0.077500
0 0.546324 0.360250 0.056639 0.066500
0 0.534509 0.256250 0.054764 0.080500
0 0.592273 0.267500 0.060765 0.070000
0 0.545574 0.158750 0.055139 0.077500
0 0.605401 0.182500 0.060765 0.078000
0 0.687359 0.180750 0.061140 0.081500
0 0.737622 0.216000 0.054389 0.080000
0 0.694486 0.264250 0.053638 0.082500
0 0.764629 0.293750 0.063391 0.090500
0 0.717929 0.328000 0.066017 0.078000
0 0.651350 0.324750 0.061140 0.071500
0 0.599400 0.351500 0.057764 0.074000
0 0.628095 0.408000 0.056639 0.069000
0 0.570705 0.416250 0.055889 0.075500
0 0.509752 0.414250 0.053263 0.066500
0 0.497749 0.480000 0.053263 0.056000
0 0.553263 0.481500 0.051763 0.068000
0 0.530008 0.546750 0.051763 0.072500
0 0.582333 0.544250 0.055139 0.064500
0 0.603713 0.466000 0.049887 0.064000
0 0.657352 0.458750 0.050638 0.072500
0 0.716429 0.459000 0.056264 0.070000
0 0.686234 0.396750 0.052138 0.078500
0 0.636347 0.524750 0.055139 0.062500
0 0.687547 0.514750 0.047262 0.067500
0 0.742686 0.515500 0.052513 0.059000
0 0.524194 0.611250 0.048387 0.069500
0 0.574081 0.604750 0.047637 0.061500
0 0.627344 0.596000 0.051388 0.067000
0 0.675731 0.585750 0.053638 0.067500
0 0.726932 0.580750 0.051763 0.058500
0 0.779257 0.585500 0.049137 0.068000
0 0.796887 0.516250 0.044636 0.065500
0 0.836459 0.566750 0.051763 0.063500
0 0.775506 0.452250 0.055139 0.062500
0 0.744749 0.392750 0.051388 0.075500
0 0.801950 0.352250 0.060765 0.073500
0 0.850525 0.361000 0.056639 0.073000
0 0.875094 0.422500 0.046512 0.082000
0 0.828582 0.438500 0.058515 0.068000
0 0.852401 0.495500 0.046887 0.073000
0 0.876969 0.541250 0.050263 0.064500
0 0.912791 0.476250 0.056639 0.071500
0 0.950113 0.443250 0.045011 0.066500