0 0.042573 0.536250 0.039385 0.044500
0 0.053638 0.590250 0.037509 0.041500
0 0.087584 0.536750 0.034134 0.043500
0 0.098275 0.572000 0.025506 0.044000
0 0.082708 0.614000 0.034134 0.039000
0 0.090023 0.665250 0.033758 0.039500
0 0.109527 0.609750 0.024006 0.036500
0 0.127532 0.650750 0.031508 0.042500
0 0.124531 0.612000 0.037509 0.039000
0 0.162041 0.638750 0.030758 0.039500
0 0.117592 0.569250 0.034134 0.042500
0 0.071080 0.475000 0.032633 0.045000
0 0.098275 0.494000 0.033758 0.048000
0 0.123593 0.519250 0.034134 0.044500
0 0.089835 0.409500 0.036384 0.046000
0 0.112716 0.437000 0.031883 0.035000
0 0.125844 0.451250 0.038635 0.046500
0 0.128095 0.388750 0.036384 0.051500
0 0.164479 0.332500 0.034134 0.050000
0 0.172356 0.377000 0.027382 0.050000
0 0.157352 0.415750 0.033383 0.046500
0 0.183796 0.422500 0.033008 0.047000
0 0.172356 0.459250 0.034884 0.043500
0 0.151538 0.486000 0.035259 0.044000
0 0.199175 0.460500 0.031508 0.040000
0 0.184546 0.495250 0.029257 0.045500
0 0.166729 0.536250 0.034884 0.052500
0 0.212303 0.499750 0.036009 0.045500
0 0.210803 0.523500 0.030758 0.031000
0 0.208740 0.566500 0.037884 0.044000
0 0.221868 0.602500 0.032633 0.036000
0 0.238185 0.633750 0.032258 0.042500
0 0.210240 0.309750 0.036384 0.044500
0 0.212116 0.353500 0.034134 0.047000
0 0.232183 0.390000 0.028507 0.046000
0 0.252813 0.379000 0.030758 0.049000
0 0.258252 0.416500 0.030383 0.042000
0 0.251688 0.471250 0.038260 0.041500
0 0.253938 0.522250 0.039010 0.047500
0 0.255626 0.564500 0.039385 0.051000
0 0.270255 0.590000 0.037884 0.032000
0 0.287509 0.624750 0.036384 0.044500
0 0.299887 0.571500 0.034134 0.047000
0 0.286759 0.515750 0.037134 0.051500
0 0.243061 0.280250 0.033008 0.050500
0 0.261815 0.257250 0.037509 0.047500
0 0.254501 0.316750 0.031133 0.051500
0 0.282071 0.311750 0.044261 0.047500
0 0.284321 0.349500 0.038260 0.046000
0 0.284321 0.419000 0.038260 0.045000
0 0.310015 0.385750 0.034884 0.046500
0 0.297824 0.460000 0.036759 0.045000
0 0.324831 0.548000 0.039010 0.046000
0 0.347524 0.589750 0.043136 0.043500
0 0.321830 0.503500 0.036759 0.046000
0 0.343961 0.466000 0.033758 0.049000
0 0.327644 0.417000 0.033383 0.041000
0 0.335896 0.195000 0.041635 0.042000
0 0.322956 0.254750 0.041260 0.044500
0 0.323518 0.295000 0.044636 0.050000
0 0.328207 0.344750 0.039760 0.047500
0 0.352776 0.380250 0.036384 0.042500
0 0.369655 0.424750 0.034884 0.062500
0 0.360653 0.517250 0.039385 0.051500
0 0.367779 0.555500 0.033383 0.039000
0 0.393098 0.550500 0.036009 0.051000
0 0.395349 0.586500 0.034509 0.046000
0 0.426482 0.594000 0.038260 0.046000
0 0.462866 0.606500 0.040510 0.039000
0 0.381470 0.478250 0.035259 0.049500
0 0.414104 0.501000 0.036009 0.057000
0 0.443736 0.536250 0.035259 0.044500
0 0.474869 0.552750 0.033008 0.047500
0 0.508440 0.580500 0.037884 0.044000
0 0.359527 0.231000 0.034884 0.053000
0 0.393473 0.237250 0.043511 0.051500
0 0.389722 0.197000 0.039760 0.048000
0 0.421043 0.207500 0.033383 0.055000
0 0.469430 0.168250 0.037884 0.043500
0 0.439235 0.252000 0.034509 0.053000
0 0.368155 0.301750 0.036384 0.047500
0 0.376219 0.345000 0.035259 0.052000
0 0.391598 0.389000 0.039010 0.045000
0 0.408477 0.299750 0.037509 0.051500
0 0.405101 0.346750 0.039760 0.053500
0 0.416354 0.448250 0.036759 0.045500
0 0.443923 0.297750 0.037134 0.053500
0 0.437172 0.364750 0.038635 0.059500
0 0.430233 0.411250 0.035259 0.055500
0 0.453301 0.438250 0.035634 0.050500
0 0.454801 0.486750 0.036384 0.053500
0 0.482183 0.507000 0.034884 0.050000
0 0.500000 0.222250 0.030758 0.057500
0 0.529070 0.214500 0.034884 0.044000
0 0.492686 0.292750 0.035634 0.047500
0 0.518005 0.270750 0.036009 0.048500
0 0.549700 0.253250 0.037134 0.052500
0 0.471305 0.333750 0.038635 0.052500
0 0.475056 0.386000 0.039385 0.054000
0 0.515191 0.331500 0.036384 0.048000
0 0.546699 0.305500 0.040885 0.054000
0 0.492686 0.424750 0.037884 0.045500
0 0.514441 0.384500 0.039385 0.054000
0 0.554201 0.351000 0.037884 0.054000
0 0.548200 0.406500 0.038635 0.051000
0 0.527569 0.439750 0.038635 0.051500
0 0.501500 0.475250 0.040510 0.049500
0 0.514066 0.508750 0.034884 0.052500
0 0.530195 0.546500 0.032633 0.048000
0 0.557014 0.577250 0.043511 0.046500
0 0.587397 0.549250 0.039760 0.049500
0 0.551388 0.475750 0.036759 0.046500
0 0.571080 0.442500 0.036384 0.046000
0 0.588335 0.479750 0.033383 0.054500
0 0.586084 0.391000 0.037884 0.051000
0 0.587209 0.325500 0.037884 0.053000
0 0.589460 0.277000 0.039385 0.053000
0 0.598650 0.230000 0.039760 0.058000
0 0.627157 0.224250 0.034509 0.055500
0 0.623406 0.269000 0.036759 0.054000
0 0.610840 0.318000 0.034134 0.057000
0 0.618530 0.365750 0.037509 0.049500
0 0.609902 0.413500 0.035259 0.051000
0 0.644599 0.295250 0.037884 0.055500
0 0.668230 0.258000 0.037134 0.057000
0 0.691298 0.293500 0.037509 0.055000
0 0.676294 0.324000 0.038260 0.050000
0 0.656039 0.365250 0.037509 0.049500
0 0.639722 0.409500 0.034884 0.048000
0 0.642348 0.458500 0.037884 0.053000
0 0.620218 0.497250 0.040885 0.052500
0 0.628095 0.539750 0.041635 0.047500
0 0.605401 0.578000 0.040510 0.045000
0 0.629220 0.620250 0.038635 0.051500
0 0.653601 0.566500 0.039385 0.050000
0 0.667292 0.520750 0.039760 0.050500
0 0.675731 0.468250 0.037134 0.044500
0 0.678170 0.429000 0.038260 0.047000
0 0.689797 0.377250 0.038260 0.056500
0 0.720180 0.343750 0.036759 0.052500
0 0.724119 0.297250 0.036384 0.056500
0 0.718867 0.238250 0.038635 0.052500
0 0.741748 0.177000 0.038635 0.056000
0 0.748500 0.243750 0.033383 0.050500
0 0.798012 0.221000 0.034884 0.054000
0 0.778882 0.281000 0.034134 0.047000
0 0.765004 0.354250 0.039385 0.051500
0 0.730870 0.387500 0.034884 0.047000
0 0.709677 0.435000 0.037509 0.050000
0 0.771005 0.394000 0.034134 0.049000
0 0.757877 0.430000 0.039385 0.051000
0 0.731245 0.471750 0.037884 0.051500
0 0.709302 0.512750 0.036759 0.050500
0 0.702363 0.558500 0.037884 0.047000
0 0.682671 0.610250 0.035259 0.045500
0 0.670480 0.663750 0.037134 0.042500
0 0.698800 0.649750 0.032258 0.044500
0 0.738560 0.695750 0.034509 0.043500
0 0.736497 0.660000 0.034884 0.048000
0 0.720555 0.599000 0.036009 0.046000
0 0.749250 0.582000 0.036384 0.048000
0 0.743436 0.539750 0.033008 0.051500
0 0.758440 0.496000 0.034509 0.053000
0 0.782633 0.546750 0.033383 0.050500
0 0.816954 0.584250 0.038260 0.041500
0 0.796887 0.620000 0.040885 0.041000
0 0.817142 0.541250 0.031133 0.048500
0 0.787509 0.492500 0.032633 0.046000
0 0.789760 0.449000 0.040135 0.059000
0 0.839460 0.505750 0.034509 0.052500
0 0.833271 0.456500 0.031883 0.049000
0 0.816392 0.412000 0.038635 0.054000
0 0.844899 0.414250 0.032633 0.052500
0 0.805701 0.350500 0.036009 0.053000
0 0.832146 0.367750 0.036384 0.051500
0 0.875281 0.364250 0.038635 0.044500
0 0.888035 0.324250 0.037134 0.055500
0 0.835521 0.317000 0.040885 0.050000
0 0.825581 0.275500 0.043511 0.049000
0 0.853151 0.244250 0.036384 0.053500
0 0.154164 0.589000 0.034509 0.043000