0 0.395436 0.947000 0.044145 0.064000
0 0.438459 0.930750 0.044893 0.060500
0 0.478114 0.927000 0.035915 0.047000
0 0.522073 0.931000 0.033296 0.061000
0 0.365881 0.911000 0.047138 0.060000
0 0.404789 0.879500 0.038159 0.063000
0 0.462589 0.877750 0.038533 0.058500
0 0.495885 0.861000 0.032548 0.050000
0 0.541713 0.878000 0.037411 0.058000
0 0.528245 0.817000 0.040404 0.056000
0 0.487841 0.814500 0.038159 0.058000
0 0.440890 0.827000 0.040778 0.054000
0 0.377853 0.820000 0.044893 0.052000
0 0.340816 0.851000 0.038159 0.061000
0 0.345679 0.789500 0.045642 0.046000
0 0.417134 0.788500 0.047138 0.058000
0 0.455855 0.772750 0.041526 0.051500
0 0.495137 0.764250 0.036289 0.060500
0 0.534418 0.764000 0.040030 0.056000
0 0.307146 0.739250 0.037411 0.058500
0 0.349794 0.728000 0.038908 0.058000
0 0.393939 0.734750 0.035915 0.053500
0 0.434156 0.725000 0.031051 0.057000
0 0.475122 0.715750 0.043397 0.061500
0 0.534418 0.707500 0.040030 0.051000
0 0.275720 0.654250 0.047886 0.058500
0 0.337262 0.671000 0.040778 0.057000
0 0.377666 0.687750 0.042275 0.070500
0 0.422559 0.671250 0.037037 0.048500
0 0.467826 0.656000 0.036289 0.055000
0 0.508043 0.671000 0.039656 0.053000
0 0.522634 0.627750 0.039656 0.051500
0 0.525065 0.572000 0.034792 0.059000
0 0.489525 0.605250 0.043023 0.054500
0 0.442948 0.622750 0.038159 0.059500
0 0.401796 0.602000 0.041152 0.061000
0 0.366629 0.622500 0.040404 0.051000
0 0.282267 0.595750 0.039282 0.054500
0 0.323981 0.574250 0.044145 0.059500
0 0.365507 0.569250 0.041900 0.053500
0 0.425739 0.556500 0.041152 0.063000
0 0.463524 0.566000 0.038908 0.051000
0 0.532735 0.509250 0.038908 0.052500
0 0.528245 0.445000 0.037411 0.046000
0 0.491770 0.531000 0.036289 0.055000
0 0.447063 0.455000 0.031425 0.055000
0 0.454545 0.511750 0.039656 0.054500
0 0.408530 0.454000 0.040404 0.052000
0 0.407407 0.510500 0.043397 0.059000
0 0.372428 0.433500 0.043023 0.054000
0 0.365881 0.484750 0.045642 0.051500
0 0.329218 0.518000 0.041152 0.056000
0 0.282828 0.486750 0.041900 0.055500
0 0.292929 0.423250 0.042649 0.051500
0 0.326786 0.454250 0.042275 0.053500
0 0.300412 0.363000 0.041152 0.055000
0 0.306023 0.288250 0.040404 0.056500
0 0.343808 0.323500 0.041152 0.065000
0 0.372989 0.364000 0.041900 0.051000
0 0.407969 0.396750 0.040778 0.055500
0 0.384025 0.300000 0.040030 0.051000
0 0.416012 0.331750 0.040404 0.048500
0 0.447250 0.371000 0.039282 0.056000
0 0.440142 0.312250 0.031051 0.051500
0 0.470445 0.291000 0.032548 0.052000
0 0.480172 0.356750 0.036289 0.053500
0 0.478863 0.418500 0.035915 0.056000
0 0.509166 0.397000 0.037411 0.056000
0 0.506734 0.318000 0.031799 0.053000
0 0.538533 0.355250 0.039282 0.051500
0 0.526749 0.237750 0.035915 0.049500
0 0.536102 0.188250 0.036663 0.050500
0 0.491582 0.213500 0.033670 0.053000
0 0.450991 0.244750 0.034044 0.046500
0 0.418257 0.262000 0.038908 0.050000
0 0.373550 0.244000 0.040778 0.063000
0 0.341938 0.258000 0.043397 0.056000
0 0.320239 0.217250 0.044145 0.059500
0 0.348485 0.191750 0.046016 0.051500
0 0.364198 0.149000 0.040778 0.048000
0 0.399364 0.191500 0.039282 0.046000
0 0.403853 0.117250 0.046764 0.051500
0 0.431538 0.151000 0.033296 0.057000
0 0.469697 0.174500 0.037037 0.051000
0 0.507669 0.158750 0.037411 0.050500
0 0.448934 0.099250 0.039656 0.057500
0 0.489338 0.103750 0.040404 0.050500
0 0.526749 0.111000 0.037411 0.055000
0 0.575758 0.115000 0.044893 0.055000
0 0.603629 0.155250 0.034792 0.047500
0 0.570333 0.181250 0.035541 0.054500
0 0.603255 0.205250 0.034792 0.044500
0 0.629068 0.195500 0.034792 0.046000
0 0.661616 0.216750 0.035541 0.050500
0 0.691171 0.247750 0.037785 0.049500
0 0.713992 0.286750 0.037037 0.056500
0 0.748597 0.315750 0.032922 0.045500
0 0.765993 0.365750 0.037785 0.050500
0 0.728582 0.379750 0.037037 0.051500
0 0.699401 0.378250 0.032548 0.056500
0 0.705574 0.334750 0.034418 0.050500
0 0.672840 0.300250 0.031799 0.052500
0 0.647587 0.258750 0.034418 0.047500
0 0.610737 0.263000 0.028807 0.058000
0 0.572952 0.249000 0.040030 0.057000
0 0.644781 0.304250 0.025065 0.052500
0 0.667415 0.346250 0.035915 0.045500
0 0.611111 0.338000 0.036289 0.052000
0 0.585297 0.300250 0.038533 0.054500
0 0.548073 0.293500 0.043397 0.054000
0 0.576506 0.360500 0.039656 0.044000
0 0.636738 0.380000 0.035915 0.044000
0 0.603816 0.394750 0.034418 0.054500
0 0.567153 0.420000 0.033670 0.053000
0 0.562477 0.471750 0.036289 0.052500
0 0.558548 0.540000 0.035166 0.053000
0 0.588290 0.505500 0.030303 0.055000
0 0.596147 0.450250 0.035541 0.050500
0 0.621399 0.484500 0.032174 0.054000
0 0.638982 0.425250 0.035915 0.056500
0 0.660494 0.468750 0.041526 0.046500
0 0.670595 0.425750 0.029555 0.047500
0 0.712121 0.434000 0.037037 0.054000
0 0.741489 0.424000 0.035166 0.046000
0 0.786569 0.409750 0.035541 0.053500
0 0.803217 0.480500 0.030677 0.056000
0 0.760569 0.472250 0.033670 0.053500
0 0.728395 0.498750 0.034418 0.056500
0 0.698466 0.481500 0.035915 0.054000
0 0.659184 0.521750 0.035166 0.052500
0 0.620277 0.534750 0.035915 0.050500
0 0.598017 0.571000 0.052750 0.053000
0 0.704265 0.531750 0.038533 0.048500
0 0.556491 0.587000 0.034044 0.050000
0 0.625514 0.588750 0.035915 0.052500
0 0.641601 0.574000 0.026936 0.048000
0 0.721474 0.581250 0.040030 0.055500
0 0.754583 0.547000 0.035166 0.049000
0 0.774224 0.513500 0.035541 0.049000
0 0.734942 0.617250 0.040030 0.048500
0 0.674336 0.613500 0.035541 0.048000
0 0.712495 0.651000 0.043023 0.046000
0 0.650767 0.634000 0.034044 0.048000
0 0.622522 0.641750 0.035915 0.052500
0 0.586420 0.629000 0.034792 0.054000
0 0.559484 0.671000 0.038533 0.057000
0 0.596334 0.688250 0.035915 0.058500
0 0.638047 0.694000 0.037037 0.054000
0 0.676768 0.677250 0.041152 0.051500
0 0.651889 0.747500 0.041526 0.057000
0 0.617658 0.744500 0.035166 0.050000
0 0.563038 0.731000 0.035166 0.051000
0 0.567714 0.805500 0.038533 0.060000
0 0.624392 0.793500 0.038159 0.052000
0 0.600075 0.839750 0.039656 0.044500
0 0.575571 0.889000 0.040030 0.046000
0 0.335952 0.389250 0.040404 0.062500