0 0.434171 0.170000 0.079145 0.099000
0 0.298950 0.287500 0.076519 0.099000
0 0.254689 0.364500 0.073518 0.087000
0 0.189047 0.458000 0.075019 0.090000
0 0.168980 0.508000 0.073143 0.070000
0 0.105589 0.592000 0.061890 0.090000
0 0.185484 0.585250 0.076894 0.089500
0 0.152101 0.642750 0.064141 0.085500
0 0.253563 0.610250 0.072768 0.086500
0 0.216054 0.706250 0.059265 0.088500
0 0.293323 0.679500 0.060015 0.085000
0 0.290885 0.758750 0.066392 0.082500
0 0.354464 0.721250 0.066017 0.084500
0 0.349775 0.621250 0.071643 0.082500
0 0.313203 0.550000 0.074269 0.086000
0 0.288635 0.461500 0.070893 0.100000
0 0.354651 0.464250 0.075394 0.097500
0 0.318830 0.372000 0.066017 0.111000
0 0.392348 0.384750 0.073518 0.084500
0 0.379782 0.561000 0.073893 0.099000
0 0.415604 0.730500 0.065266 0.090000
0 0.422543 0.635500 0.061890 0.094000
0 0.482183 0.703000 0.063391 0.091000
0 0.520630 0.777000 0.068267 0.093000
0 0.498125 0.620250 0.071268 0.084500
0 0.456677 0.536250 0.076144 0.086500
0 0.449737 0.453000 0.078020 0.095000
0 0.397037 0.286750 0.065641 0.098500
0 0.465304 0.262000 0.076144 0.102000
0 0.470930 0.364750 0.075394 0.091500
0 0.552513 0.219500 0.070518 0.084000
0 0.630158 0.215750 0.081020 0.099500
0 0.541635 0.318750 0.081020 0.099500
0 0.628282 0.323500 0.084021 0.098000
0 0.706302 0.310250 0.075019 0.096500
0 0.517254 0.438500 0.072018 0.090000
0 0.576707 0.402750 0.069392 0.100500
0 0.648162 0.424000 0.075769 0.084000
0 0.763691 0.381000 0.074269 0.111000
0 0.713428 0.464250 0.073518 0.102500
0 0.820143 0.412000 0.075394 0.095000
0 0.545574 0.543500 0.065641 0.087000
0 0.636534 0.518500 0.074269 0.092000
0 0.777569 0.510500 0.081770 0.098000
0 0.872468 0.473250 0.068267 0.093500
0 0.556452 0.643500 0.073893 0.084000
0 0.609715 0.592500 0.061890 0.091000
0 0.689610 0.587000 0.073893 0.086000
0 0.753376 0.607500 0.069392 0.089000
0 0.829332 0.559000 0.069767 0.094000
0 0.890660 0.586500 0.075394 0.097000
0 0.642911 0.668250 0.079520 0.084500
0 0.711553 0.670500 0.072768 0.087000
0 0.779820 0.684500 0.072768 0.087000
0 0.863091 0.679250 0.076519 0.085500
0 0.585521 0.726750 0.073518 0.088500
0 0.591710 0.824500 0.069392 0.087000
0 0.658665 0.767500 0.063766 0.091000
0 0.682858 0.838000 0.070893 0.075000
0 0.728995 0.763250 0.071643 0.085500
0 0.752063 0.827250 0.073518 0.084500
0 0.808890 0.763500 0.078395 0.092000