0 0.114966 0.445000 0.074644 0.105000
0 0.156602 0.532500 0.064891 0.106000
0 0.209490 0.578250 0.065641 0.079500
0 0.254689 0.546250 0.068267 0.087500
0 0.210803 0.458250 0.077269 0.095500
0 0.162978 0.379000 0.076144 0.098000
0 0.217367 0.305000 0.084396 0.087000
0 0.266504 0.385250 0.077644 0.096500
0 0.294824 0.300750 0.073518 0.102500
0 0.346024 0.393750 0.074644 0.091500
0 0.421043 0.398000 0.068642 0.097000
0 0.386909 0.310500 0.075394 0.099000
0 0.476182 0.277000 0.068642 0.094000
0 0.481808 0.369500 0.077644 0.098000
0 0.470368 0.463500 0.076519 0.090000
0 0.297824 0.471500 0.076519 0.099000
0 0.370968 0.482250 0.068267 0.089500
0 0.323706 0.561000 0.069767 0.100000
0 0.291823 0.636750 0.069017 0.093500
0 0.359527 0.632750 0.061140 0.082500
0 0.391598 0.567250 0.070518 0.101500
0 0.455551 0.554750 0.069392 0.105500
0 0.430983 0.631500 0.075769 0.078000
0 0.394786 0.715500 0.076894 0.092000
0 0.462491 0.763750 0.069017 0.088500
0 0.487434 0.673750 0.066392 0.085500
0 0.508815 0.598000 0.077644 0.089000
0 0.535634 0.513500 0.078770 0.083000
0 0.557389 0.433500 0.078770 0.084000
0 0.546324 0.332500 0.071643 0.099000
0 0.606152 0.363250 0.074269 0.101500
0 0.613841 0.249500 0.076144 0.098000
0 0.667104 0.300000 0.071643 0.101000
0 0.732183 0.311000 0.067517 0.098000
0 0.783008 0.362750 0.081395 0.092500
0 0.827269 0.291500 0.075394 0.098000
0 0.865341 0.385750 0.084771 0.090500
0 0.893848 0.470250 0.077269 0.094500
0 0.908102 0.562750 0.075769 0.092500
0 0.803638 0.464250 0.070143 0.093500
0 0.740060 0.426000 0.067517 0.094000
0 0.671230 0.400250 0.071643 0.096500
0 0.621905 0.457500 0.067517 0.102000
0 0.660165 0.540500 0.068267 0.090000
0 0.586834 0.559750 0.072393 0.084500
0 0.744936 0.515000 0.068267 0.095000
0 0.807014 0.559750 0.075394 0.100500
0 0.701050 0.606250 0.073518 0.099500
0 0.628282 0.618500 0.073518 0.081000
0 0.563203 0.660250 0.070893 0.093500
0 0.536384 0.723750 0.075019 0.092500
0 0.611403 0.744000 0.074269 0.084000
0 0.560953 0.808500 0.063391 0.086000
0 0.622281 0.832750 0.059265 0.095500
0 0.681170 0.861000 0.063016 0.084000
0 0.727307 0.814500 0.065266 0.085000
0 0.671418 0.756750 0.066767 0.088500
0 0.671043 0.687500 0.078020 0.092000
0 0.734059 0.736000 0.079520 0.093000
0 0.801763 0.729750 0.067892 0.080500
0 0.772881 0.653500 0.075394 0.099000
0 0.847712 0.663500 0.074269 0.091000