0 0.180795 0.379500 0.060765 0.069000
0 0.217179 0.309500 0.057014 0.076000
0 0.271943 0.380750 0.048012 0.077500
0 0.316767 0.394750 0.057389 0.064500
0 0.345649 0.433000 0.048387 0.077000
0 0.299325 0.464250 0.056264 0.072500
0 0.251313 0.452500 0.051013 0.074000
0 0.163166 0.471500 0.057764 0.074000
0 0.138410 0.549000 0.050263 0.066000
0 0.210053 0.534500 0.045761 0.076000
0 0.275881 0.515500 0.052888 0.073000
0 0.259002 0.580000 0.049137 0.079000
0 0.296887 0.613500 0.052138 0.079000
0 0.129220 0.616750 0.049887 0.069500
0 0.198425 0.623000 0.048762 0.074000
0 0.231245 0.655500 0.051388 0.065000
0 0.287322 0.689500 0.052513 0.074000
0 0.316017 0.743500 0.052888 0.074000
0 0.361215 0.740250 0.048762 0.080500
0 0.355964 0.664000 0.041260 0.070000
0 0.369092 0.588500 0.051013 0.063000
0 0.401163 0.644750 0.046137 0.074500
0 0.408852 0.567000 0.045011 0.078000
0 0.366842 0.502250 0.045011 0.075500
0 0.429670 0.501250 0.052138 0.062500
0 0.397787 0.432750 0.057389 0.063500
0 0.392161 0.371500 0.048387 0.063000
0 0.350900 0.331750 0.052138 0.062500
0 0.283758 0.290000 0.056639 0.070000
0 0.264816 0.232000 0.054014 0.074000
0 0.337209 0.228500 0.050263 0.076000
0 0.392723 0.272750 0.056264 0.070500
0 0.417854 0.214500 0.053263 0.070000
0 0.443736 0.246500 0.049512 0.065000
0 0.512941 0.225000 0.057389 0.074000
0 0.557202 0.262500 0.056639 0.072000
0 0.488372 0.290250 0.045011 0.075500
0 0.513878 0.338750 0.045011 0.074500
0 0.431545 0.322750 0.052888 0.063500
0 0.464929 0.356750 0.054389 0.062500
0 0.485934 0.426500 0.055889 0.076000
0 0.536947 0.414750 0.053638 0.070500
0 0.587584 0.438000 0.058140 0.073000
0 0.609715 0.282000 0.055139 0.076000
0 0.602401 0.232750 0.051013 0.063500
0 0.683421 0.275250 0.060765 0.070500
0 0.629407 0.356500 0.057764 0.080000
0 0.669167 0.444500 0.060015 0.071000
0 0.621905 0.492500 0.054014 0.080000
0 0.674794 0.534250 0.057014 0.073500
0 0.565829 0.507750 0.055889 0.073500
0 0.594711 0.576000 0.057389 0.073000
0 0.491935 0.502250 0.047637 0.079500
0 0.459677 0.555250 0.055889 0.070500
0 0.523631 0.564000 0.056264 0.083000
0 0.470930 0.624750 0.055139 0.068500
0 0.538635 0.635750 0.058515 0.078500
0 0.626219 0.628750 0.064141 0.078500
0 0.445424 0.712000 0.055139 0.074000
0 0.423481 0.785750 0.049512 0.077500
0 0.378282 0.815750 0.045386 0.071500
0 0.430045 0.866750 0.061890 0.070500
0 0.481808 0.876750 0.043886 0.072500
0 0.486309 0.809500 0.052888 0.073000
0 0.504126 0.691000 0.054764 0.065000
0 0.522318 0.752500 0.053638 0.074000
0 0.555889 0.817500 0.057764 0.075000
0 0.532633 0.883500 0.051763 0.067000
0 0.587584 0.890750 0.058890 0.086500
0 0.636159 0.917750 0.058515 0.077500
0 0.623218 0.837250 0.055889 0.079500
0 0.589085 0.765250 0.055139 0.084500
0 0.578582 0.689000 0.055139 0.067000
0 0.647599 0.721250 0.056639 0.076500
0 0.662041 0.766750 0.054014 0.084500
0 0.706489 0.709750 0.054389 0.075500
0 0.781133 0.288250 0.061140 0.067500
0 0.769317 0.369500 0.068267 0.065000
0 0.776069 0.429750 0.065266 0.073500
0 0.754501 0.510750 0.056639 0.075500
0 0.827457 0.497750 0.060765 0.076500
0 0.764066 0.595500 0.060765 0.076000
0 0.826144 0.586750 0.060390 0.073500
0 0.874156 0.593250 0.052888 0.082500
0 0.776069 0.665000 0.058515 0.084000
0 0.846962 0.661250 0.062266 0.077500