0 0.280945 0.251750 0.090023 0.128500
0 0.371530 0.337500 0.091898 0.118000
0 0.437547 0.347750 0.073893 0.108500
0 0.470930 0.248000 0.077644 0.105000
0 0.169355 0.361500 0.097899 0.123000
0 0.272131 0.366750 0.088897 0.101500
0 0.156977 0.483250 0.099400 0.114500
0 0.245874 0.481500 0.091898 0.115000
0 0.335896 0.447000 0.094149 0.100000
0 0.192611 0.580000 0.082146 0.106000
0 0.274944 0.574500 0.083271 0.096000
0 0.232183 0.704000 0.081770 0.107000
0 0.302701 0.758500 0.086272 0.090000
0 0.392911 0.792500 0.083646 0.095000
0 0.451613 0.831500 0.077269 0.081000
0 0.509190 0.787500 0.064141 0.082000
0 0.473368 0.710000 0.073518 0.091000
0 0.544074 0.707000 0.066392 0.086000
0 0.337959 0.622750 0.080270 0.089500
0 0.413166 0.641250 0.074644 0.092500
0 0.484434 0.599750 0.074644 0.080500
0 0.434734 0.538250 0.069017 0.088500
0 0.358965 0.545250 0.085521 0.086500
0 0.419730 0.468500 0.080270 0.097000
0 0.487622 0.429750 0.070518 0.101500
0 0.513128 0.522500 0.074269 0.095000
0 0.563578 0.622750 0.071643 0.091500
0 0.633721 0.590750 0.072393 0.087500
0 0.701800 0.602500 0.070518 0.085000
0 0.584021 0.509000 0.071268 0.086000
0 0.680420 0.533750 0.071268 0.091500
0 0.746437 0.536500 0.060015 0.089000
0 0.727869 0.460750 0.063391 0.088500
0 0.569392 0.429750 0.075019 0.097500
0 0.637097 0.445250 0.064141 0.096500
0 0.539010 0.351000 0.076519 0.104000
0 0.613278 0.352000 0.071268 0.103000
0 0.662416 0.347250 0.046512 0.068500
0 0.778132 0.454500 0.055139 0.081000
0 0.774194 0.380500 0.066767 0.097000
0 0.740435 0.286000 0.072768 0.095000
0 0.658477 0.282000 0.072393 0.085000
0 0.561515 0.240500 0.076519 0.100000
0 0.657539 0.200750 0.081770 0.110500
0 0.540323 0.150250 0.082896 0.118500