0 0.066017 0.612750 0.063016 0.077500
0 0.094711 0.551250 0.061890 0.071500
0 0.068080 0.488000 0.055889 0.072000
0 0.104089 0.454750 0.057389 0.080500
0 0.079145 0.384500 0.055514 0.077000
0 0.157164 0.371500 0.057014 0.068000
0 0.184359 0.438000 0.049887 0.062000
0 0.186797 0.485500 0.056264 0.078000
0 0.173481 0.551750 0.063391 0.072500
0 0.131658 0.608500 0.058515 0.077000
0 0.187359 0.631750 0.061140 0.079500
0 0.153226 0.699500 0.052888 0.079000
0 0.207614 0.702000 0.050638 0.078000
0 0.255626 0.736250 0.061140 0.084500
0 0.298387 0.781000 0.057389 0.083000
0 0.348275 0.724000 0.055139 0.080000
0 0.308327 0.675250 0.066017 0.084500
0 0.250938 0.647500 0.065266 0.078000
0 0.240810 0.579750 0.053263 0.076500
0 0.287134 0.562250 0.057389 0.078500
0 0.248125 0.510750 0.059640 0.072500
0 0.228245 0.436500 0.053638 0.070000
0 0.280945 0.424000 0.058515 0.072000
0 0.303638 0.488000 0.061140 0.075000
0 0.225619 0.382500 0.052138 0.056000
0 0.241935 0.348250 0.051013 0.075500
0 0.304389 0.362250 0.058140 0.077500
0 0.200488 0.327750 0.046887 0.066500
0 0.157914 0.316750 0.051013 0.066500
0 0.183608 0.252750 0.056639 0.075500
0 0.256377 0.251250 0.043886 0.064500
0 0.298387 0.271500 0.057389 0.068000
0 0.276632 0.303000 0.041635 0.056000
0 0.294824 0.221000 0.044261 0.060000
0 0.334771 0.221750 0.049137 0.075500
0 0.362153 0.249250 0.055139 0.073500
0 0.346024 0.322750 0.055889 0.080500
0 0.290885 0.195500 0.059640 0.062000
0 0.344336 0.404500 0.053263 0.067000
0 0.359340 0.461750 0.054014 0.073500
0 0.392536 0.403000 0.052138 0.075000
0 0.339647 0.594500 0.052888 0.066000
0 0.381845 0.647000 0.058515 0.077000
0 0.377157 0.545000 0.055139 0.077000
0 0.416729 0.768750 0.059265 0.080500
0 0.471493 0.756750 0.051013 0.078500
0 0.529820 0.770250 0.056639 0.075500
0 0.584584 0.733250 0.056639 0.075500
0 0.641973 0.788000 0.052888 0.076000
0 0.692611 0.806250 0.052888 0.070500
0 0.477494 0.668250 0.058515 0.074500
0 0.533383 0.678250 0.051763 0.069500
0 0.570518 0.630750 0.049512 0.064500
0 0.625281 0.704250 0.053263 0.070500
0 0.669730 0.735250 0.053638 0.073500
0 0.716429 0.748250 0.049512 0.070500
0 0.670105 0.663000 0.051388 0.070000
0 0.624719 0.629750 0.052888 0.068500
0 0.627157 0.560500 0.049512 0.080000
0 0.576894 0.561500 0.054764 0.077000
0 0.526444 0.580500 0.057389 0.076000
0 0.473368 0.598250 0.055514 0.072500
0 0.433608 0.543250 0.054014 0.066500
0 0.423106 0.486500 0.051763 0.067000
0 0.487622 0.527750 0.050263 0.075500
0 0.452176 0.423000 0.053638 0.068000
0 0.512941 0.437250 0.050638 0.074500
0 0.570705 0.486500 0.053638 0.079000
0 0.602776 0.432750 0.054764 0.072500
0 0.546512 0.389000 0.057764 0.064000
0 0.484246 0.353000 0.046512 0.061000
0 0.433421 0.340750 0.054389 0.077500
0 0.407727 0.291250 0.054014 0.069500
0 0.426857 0.247250 0.048012 0.067500
0 0.461740 0.290500 0.048762 0.060000
0 0.377344 0.176500 0.042761 0.063000
0 0.418980 0.178250 0.046512 0.056500
0 0.460990 0.120000 0.050263 0.067000
0 0.506377 0.114750 0.042761 0.061500
0 0.509565 0.177750 0.051388 0.050500
0 0.523443 0.210750 0.051388 0.068500
0 0.472993 0.232500 0.048012 0.063000
0 0.502626 0.273500 0.045011 0.067000
0 0.542386 0.292000 0.058515 0.078000
0 0.587397 0.275250 0.056264 0.074500
0 0.572206 0.229000 0.045386 0.066000
0 0.556264 0.169750 0.050263 0.062500
0 0.605589 0.120500 0.052888 0.062000
0 0.610840 0.230500 0.034884 0.041000
0 0.620218 0.277750 0.031883 0.069500
0 0.658852 0.301750 0.057389 0.073500
0 0.660353 0.215250 0.051388 0.073500
0 0.695986 0.178500 0.050638 0.064000
0 0.704801 0.273000 0.047262 0.066000
0 0.706489 0.327500 0.049137 0.067000
0 0.666917 0.375750 0.051763 0.074500
0 0.609340 0.342750 0.055139 0.074500
0 0.667292 0.440500 0.061515 0.072000
0 0.665041 0.519000 0.050263 0.067000
0 0.675919 0.592250 0.054014 0.070500
0 0.789385 0.260500 0.054389 0.068000
0 0.822768 0.293750 0.049137 0.068500
0 0.751125 0.306500 0.048387 0.067000
0 0.778695 0.339500 0.041260 0.064000
0 0.734059 0.386500 0.051013 0.081000
0 0.779257 0.398250 0.049137 0.067500
0 0.819767 0.384750 0.050638 0.066500
0 0.722431 0.478750 0.053263 0.069500
0 0.788635 0.501750 0.053638 0.070500
0 0.810765 0.450500 0.050638 0.071000
0 0.843961 0.451750 0.045761 0.061500
0 0.829895 0.532000 0.049887 0.067000
0 0.780570 0.568500 0.053263 0.063000
0 0.721305 0.552750 0.058515 0.078500
0 0.741185 0.593250 0.049512 0.069500
0 0.806452 0.625750 0.050263 0.069500
0 0.786572 0.707250 0.058515 0.070500
0 0.721680 0.681250 0.050263 0.072500
0 0.745686 0.773500 0.045761 0.072000
0 0.723181 0.828500 0.043511 0.061000
0 0.780383 0.838750 0.049887 0.067500
0 0.794449 0.776750 0.051013 0.060500
0 0.840023 0.791750 0.048387 0.067500
0 0.817704 0.726250 0.048762 0.075500
0 0.841148 0.673000 0.052138 0.069000
0 0.864404 0.732000 0.049137 0.066000
0 0.907539 0.777250 0.052138 0.074500
0 0.941673 0.734250 0.057389 0.074500
0 0.894786 0.674500 0.053638 0.066000
0 0.970555 0.679000 0.056639 0.076000
0 0.906414 0.607500 0.052888 0.067000
0 0.958552 0.600750 0.047637 0.071500
0 0.857089 0.603500 0.048762 0.070000
0 0.885221 0.546500 0.061515 0.071000
0 0.885034 0.481500 0.057389 0.068000
0 0.951800 0.520250 0.058140 0.078500
0 0.934734 0.437250 0.056264 0.071500