0 0.280570 0.320000 0.043511 0.061000
0 0.323143 0.321750 0.049137 0.064500
0 0.348837 0.376250 0.036009 0.062500
0 0.379970 0.329000 0.040510 0.061000
0 0.342461 0.260750 0.036009 0.067500
0 0.389910 0.271000 0.037884 0.074000
0 0.403601 0.224000 0.042761 0.046000
0 0.330458 0.194750 0.045011 0.056500
0 0.400038 0.111250 0.044636 0.065500
0 0.447674 0.221500 0.043886 0.064000
0 0.491373 0.234750 0.043511 0.059500
0 0.496437 0.171750 0.039385 0.071500
0 0.519130 0.096750 0.048762 0.077500
0 0.473181 0.310500 0.040885 0.061000
0 0.461553 0.376500 0.048387 0.074000
0 0.437547 0.419000 0.046137 0.061000
0 0.483683 0.429250 0.042386 0.065500
0 0.340773 0.429500 0.043886 0.059000
0 0.276819 0.398250 0.046512 0.062500
0 0.262566 0.472250 0.046512 0.070500
0 0.296512 0.517500 0.038635 0.061000
0 0.351088 0.492750 0.044261 0.051500
0 0.386909 0.465250 0.040885 0.066500
0 0.397599 0.529000 0.042011 0.050000
0 0.362716 0.576000 0.042011 0.067000
0 0.409415 0.590250 0.044636 0.059500
0 0.452176 0.580750 0.040885 0.063500
0 0.446362 0.634250 0.042761 0.053500
0 0.441298 0.513750 0.040135 0.058500
0 0.472056 0.480000 0.039385 0.053000
0 0.515754 0.516500 0.045011 0.064000
0 0.521005 0.457500 0.039760 0.057000
0 0.505064 0.613000 0.049887 0.067000
0 0.494936 0.667000 0.042386 0.049000
0 0.461928 0.698750 0.043886 0.059500
0 0.423293 0.699250 0.040885 0.048500
0 0.365716 0.692000 0.055514 0.072000
0 0.508252 0.718500 0.047262 0.054000
0 0.526069 0.778000 0.043136 0.062000
0 0.514066 0.872000 0.052888 0.066000
0 0.562266 0.815750 0.048012 0.058500
0 0.596024 0.869250 0.045761 0.054500
0 0.605026 0.813500 0.045011 0.063000
0 0.650788 0.829750 0.043511 0.061500
0 0.704989 0.812000 0.049887 0.061000
0 0.563391 0.763750 0.044261 0.059500
0 0.618905 0.737750 0.045011 0.058500
0 0.671980 0.744750 0.049137 0.053500
0 0.732746 0.757750 0.047637 0.058500
0 0.711553 0.709250 0.053263 0.059500
0 0.653601 0.697500 0.045386 0.062000
0 0.596212 0.684500 0.048387 0.065000
0 0.549325 0.693500 0.039385 0.060000
0 0.550450 0.641250 0.049137 0.055500
0 0.544449 0.562750 0.048387 0.067500
0 0.603338 0.567000 0.046887 0.059000
0 0.627532 0.622750 0.045761 0.063500
0 0.671980 0.655000 0.049137 0.065000
0 0.735746 0.654250 0.049887 0.069500
0 0.677044 0.579250 0.045011 0.062500
0 0.656789 0.522750 0.046512 0.054500
0 0.564891 0.505000 0.045761 0.055000
0 0.606152 0.477750 0.048762 0.052500
0 0.563203 0.441250 0.049887 0.064500
0 0.565454 0.358750 0.040885 0.064500
0 0.513503 0.382500 0.042011 0.060000
0 0.519130 0.301250 0.043511 0.063500
0 0.550263 0.254500 0.048762 0.067000
0 0.607089 0.285750 0.046887 0.067500
0 0.613278 0.355500 0.044261 0.065000
0 0.654164 0.326000 0.047262 0.061000
0 0.662041 0.393500 0.051763 0.077000
0 0.619655 0.418500 0.042011 0.059000
0 0.656602 0.466500 0.041635 0.067000
0 0.698800 0.431000 0.050263 0.066000
0 0.716429 0.365000 0.057764 0.069000
0 0.658477 0.259250 0.049137 0.066500
0 0.706677 0.277250 0.052513 0.063500
0 0.751688 0.324250 0.049512 0.062500
0 0.554951 0.163750 0.055889 0.077500
0 0.577832 0.083500 0.055139 0.075000
0 0.641035 0.051000 0.048012 0.061000
0 0.645536 0.112500 0.053263 0.074000
0 0.640098 0.197250 0.050638 0.070500
0 0.692611 0.196500 0.056639 0.079000
0 0.719992 0.167000 0.053638 0.067000
0 0.747749 0.220750 0.055889 0.073500
0 0.771380 0.195750 0.047637 0.076500
0 0.727869 0.086000 0.055889 0.076000
0 0.709302 0.512750 0.052513 0.060500
0 0.733683 0.582500 0.049512 0.067000
0 0.803826 0.755000 0.051763 0.075000
0 0.784321 0.658000 0.049512 0.066000
0 0.830645 0.682250 0.050638 0.061500
0 0.785821 0.592000 0.052513 0.070000
0 0.840210 0.594750 0.047262 0.060500
0 0.766129 0.509750 0.050638 0.055500
0 0.827269 0.535250 0.052888 0.060500
0 0.751500 0.458500 0.049887 0.059000
0 0.804764 0.462250 0.052138 0.067500
0 0.849212 0.476500 0.054764 0.068000
0 0.774944 0.392500 0.054014 0.073000
0 0.852776 0.412750 0.055889 0.071500
0 0.900038 0.430750 0.056639 0.063500
0 0.795574 0.333500 0.045761 0.060000
0 0.885784 0.352250 0.057389 0.072500
0 0.853713 0.295750 0.047262 0.059500
0 0.776444 0.267750 0.049512 0.059500
0 0.840585 0.236000 0.054014 0.060000
0 0.837022 0.167250 0.050638 0.070500
0 0.815829 0.110500 0.054014 0.074000