0 0.107089 0.462000 0.053638 0.070000
0 0.064516 0.571500 0.051013 0.071000
0 0.069767 0.629000 0.042761 0.057000
0 0.109527 0.574500 0.050263 0.071000
0 0.086272 0.709000 0.051013 0.066000
0 0.134846 0.742250 0.046137 0.060500
0 0.121155 0.512500 0.058515 0.055000
0 0.200113 0.353750 0.058890 0.070500
0 0.188672 0.415250 0.048762 0.064500
0 0.171605 0.480250 0.055889 0.068500
0 0.190923 0.540000 0.051763 0.060000
0 0.178357 0.610000 0.055139 0.065000
0 0.145536 0.643750 0.049512 0.065500
0 0.184734 0.709250 0.046887 0.064500
0 0.182858 0.778250 0.045386 0.059500
0 0.265941 0.335500 0.053263 0.068000
0 0.238372 0.457750 0.047637 0.064500
0 0.274381 0.413000 0.050638 0.072000
0 0.269880 0.479250 0.055139 0.069500
0 0.253001 0.532000 0.049887 0.071000
0 0.230495 0.593250 0.046887 0.065500
0 0.231995 0.652000 0.052888 0.064000
0 0.242873 0.714500 0.047637 0.067000
0 0.225431 0.780000 0.047262 0.063000
0 0.274194 0.818000 0.051763 0.061000
0 0.314891 0.314250 0.055139 0.082500
0 0.367029 0.292500 0.052888 0.077000
0 0.321080 0.379750 0.053263 0.071500
0 0.316954 0.453750 0.048012 0.068500
0 0.318267 0.518500 0.052138 0.069000
0 0.295199 0.561750 0.049512 0.066500
0 0.271005 0.617500 0.055139 0.062000
0 0.278132 0.684000 0.040135 0.071000
0 0.296512 0.745000 0.046887 0.062000
0 0.326332 0.792750 0.052513 0.058500
0 0.313391 0.862500 0.049137 0.055000
0 0.350713 0.892250 0.047262 0.061500
0 0.334396 0.600000 0.052888 0.065000
0 0.338710 0.661500 0.054764 0.064000
0 0.335709 0.736000 0.047262 0.067000
0 0.361590 0.826000 0.053263 0.063000
0 0.392723 0.913000 0.051013 0.059000
0 0.373781 0.389750 0.052138 0.062500
0 0.429482 0.343000 0.052513 0.064000
0 0.415041 0.431500 0.052138 0.065000
0 0.363653 0.452750 0.056639 0.069500
0 0.368717 0.533750 0.051763 0.062500
0 0.380533 0.624750 0.060390 0.067500
0 0.385221 0.701000 0.051013 0.070000
0 0.374531 0.773750 0.052138 0.058500
0 0.411290 0.813500 0.046887 0.060000
0 0.448237 0.877750 0.049512 0.059500
0 0.434359 0.945750 0.053263 0.058500
0 0.466242 0.414000 0.049512 0.063000
0 0.408852 0.521000 0.049512 0.067000
0 0.403226 0.574250 0.051763 0.062500
0 0.452363 0.578500 0.053263 0.071000
0 0.466992 0.510750 0.054014 0.067500
0 0.494561 0.333000 0.051388 0.068000
0 0.512566 0.400750 0.055139 0.076500
0 0.505626 0.466000 0.053263 0.073000
0 0.509002 0.533750 0.054014 0.069500
0 0.437734 0.646250 0.048012 0.070500
0 0.433046 0.710750 0.052138 0.065500
0 0.427232 0.789750 0.051763 0.052500
0 0.454051 0.830250 0.057389 0.062500
0 0.467929 0.768750 0.052888 0.067500
0 0.499625 0.602250 0.047262 0.071500
0 0.480870 0.678000 0.052513 0.075000
0 0.516504 0.714250 0.051763 0.071500
0 0.503563 0.803250 0.052138 0.064500
0 0.488747 0.928250 0.047262 0.056500
0 0.509377 0.861250 0.052513 0.070500
0 0.539572 0.924250 0.052138 0.060500
0 0.574644 0.806000 0.050263 0.060000
0 0.544074 0.764250 0.049137 0.071500
0 0.533758 0.661500 0.053263 0.081000
0 0.556827 0.580000 0.052888 0.078000
0 0.541073 0.343000 0.052138 0.074000
0 0.565641 0.253250 0.055514 0.072500
0 0.598275 0.313250 0.060015 0.078500
0 0.553638 0.441000 0.055514 0.079000
0 0.591335 0.389000 0.054389 0.075000
0 0.574269 0.502750 0.054764 0.072500
0 0.617592 0.576750 0.057389 0.067500
0 0.575956 0.623000 0.055139 0.073000
0 0.576519 0.707750 0.049512 0.074500
0 0.596962 0.749000 0.049137 0.069000
0 0.618342 0.673250 0.055139 0.067500
0 0.647412 0.748250 0.054764 0.072500
0 0.640473 0.244750 0.058140 0.070500
0 0.645536 0.313250 0.051013 0.083500
0 0.625094 0.431000 0.054389 0.080000
0 0.639535 0.500500 0.056264 0.074000
0 0.653038 0.387250 0.050263 0.068500
0 0.652663 0.608000 0.052513 0.073000
0 0.685484 0.702500 0.050638 0.068000
0 0.683233 0.447750 0.058140 0.073500
0 0.728807 0.261250 0.055514 0.075500
0 0.703863 0.366000 0.058890 0.069000
0 0.719992 0.416750 0.057389 0.074500
0 0.690923 0.507750 0.054014 0.065500
0 0.693923 0.567500 0.055514 0.068000
0 0.729745 0.648750 0.052888 0.066500
0 0.774006 0.645750 0.051388 0.071500
0 0.828770 0.626750 0.058140 0.072500
0 0.757127 0.570500 0.055139 0.065000
0 0.741373 0.482750 0.055889 0.073500
0 0.768380 0.388500 0.065641 0.076000
0 0.780008 0.303500 0.054389 0.069000
0 0.853901 0.404750 0.052888 0.080500
0 0.793323 0.450750 0.052513 0.066500
0 0.838897 0.491500 0.055139 0.070000
0 0.801575 0.534250 0.053263 0.070500
0 0.864966 0.550750 0.055514 0.067500