0 0.149662 0.309250 0.057764 0.076500
0 0.203488 0.225500 0.055139 0.087000
0 0.259940 0.245750 0.066767 0.079500
0 0.278320 0.167000 0.061515 0.083000
0 0.338897 0.180750 0.059640 0.079500
0 0.316204 0.263000 0.056264 0.092000
0 0.291823 0.329750 0.061515 0.083500
0 0.334209 0.384000 0.061515 0.076000
0 0.278132 0.410000 0.059640 0.075000
0 0.217179 0.408000 0.060765 0.086000
0 0.154726 0.429750 0.058890 0.078500
0 0.421980 0.167500 0.061515 0.087000
0 0.427044 0.243000 0.056639 0.085000
0 0.495311 0.230750 0.061140 0.080500
0 0.555139 0.153750 0.065266 0.090500
0 0.626032 0.167000 0.062266 0.086000
0 0.723743 0.149500 0.058890 0.070000
0 0.784696 0.165750 0.070518 0.080500
0 0.890848 0.248500 0.062266 0.082000
0 0.790135 0.294250 0.061890 0.079500
0 0.869280 0.341000 0.060390 0.077000
0 0.722618 0.314000 0.051388 0.076000
0 0.636347 0.254000 0.058140 0.081000
0 0.573331 0.256750 0.049887 0.077500
0 0.548200 0.328500 0.058890 0.086000
0 0.478620 0.340000 0.055514 0.087000
0 0.406227 0.316250 0.060765 0.078500
0 0.418230 0.407500 0.065266 0.072000
0 0.375094 0.453750 0.057764 0.078500
0 0.311703 0.475500 0.061515 0.076000
0 0.243998 0.501000 0.058140 0.071000
0 0.185484 0.506500 0.055139 0.077000
0 0.179670 0.585250 0.050263 0.073500
0 0.243811 0.603250 0.056264 0.071500
0 0.295011 0.589000 0.051388 0.081000
0 0.217554 0.664500 0.056264 0.060000
0 0.238372 0.729500 0.050638 0.070000
0 0.303638 0.656000 0.050638 0.072000
0 0.300075 0.725500 0.054014 0.064000
0 0.366842 0.736750 0.054014 0.067500
0 0.361778 0.653250 0.055139 0.072500
0 0.416729 0.632750 0.048762 0.072500
0 0.366467 0.555250 0.057014 0.068500
0 0.425169 0.508750 0.062641 0.077500
0 0.468305 0.522000 0.055139 0.068000
0 0.476744 0.444250 0.049512 0.068500
0 0.533758 0.395000 0.049512 0.076000
0 0.532821 0.461250 0.049887 0.061500
0 0.578020 0.429750 0.057014 0.071500
0 0.617779 0.326750 0.051763 0.074500
0 0.667854 0.321500 0.054389 0.076000
0 0.626969 0.396000 0.051388 0.069000
0 0.674794 0.397250 0.051763 0.061500
0 0.747187 0.386500 0.053263 0.076000
0 0.619092 0.458750 0.054389 0.073500
0 0.573518 0.513500 0.044261 0.065000
0 0.532071 0.551000 0.046137 0.070000
0 0.571830 0.579250 0.051388 0.066500
0 0.468492 0.594500 0.057014 0.065000
0 0.454614 0.665750 0.048762 0.062500
0 0.415791 0.705750 0.046887 0.068500
0 0.427982 0.770250 0.048012 0.067500
0 0.471493 0.794750 0.048012 0.072500
0 0.472993 0.726250 0.048012 0.068500
0 0.509002 0.686750 0.048762 0.071500
0 0.528695 0.750500 0.059640 0.059000
0 0.568642 0.777750 0.048762 0.062500
0 0.570330 0.713250 0.054389 0.068500
0 0.516879 0.617500 0.048762 0.065000
0 0.566392 0.646250 0.048012 0.060500
0 0.611590 0.648250 0.047637 0.068500
0 0.620218 0.698250 0.055889 0.060500
0 0.614216 0.770000 0.046137 0.064000
0 0.603338 0.831750 0.051388 0.055500
0 0.548762 0.842000 0.051013 0.059000
0 0.654914 0.804250 0.048012 0.062500
0 0.691485 0.856000 0.049137 0.060000
0 0.736684 0.873500 0.052513 0.064000
0 0.671230 0.739750 0.049887 0.061500
0 0.703301 0.703500 0.051013 0.057000
0 0.725994 0.781750 0.049137 0.066500
0 0.759377 0.772750 0.045386 0.067500
0 0.754314 0.713750 0.048012 0.062500
0 0.657914 0.636750 0.056264 0.067500
0 0.632408 0.571500 0.053263 0.065000
0 0.660353 0.499000 0.056639 0.070000
0 0.687172 0.572000 0.052513 0.071000
0 0.704614 0.465750 0.055139 0.073500
0 0.732558 0.518500 0.055514 0.065000
0 0.754876 0.455000 0.049137 0.081000
0 0.799137 0.492500 0.049137 0.069000
0 0.824456 0.435750 0.052513 0.075500
0 0.849400 0.492500 0.053638 0.057000
0 0.882408 0.436500 0.055889 0.067000
0 0.901913 0.505250 0.051388 0.067500
0 0.947862 0.448500 0.044261 0.068000
0 0.962491 0.518000 0.048012 0.076000
0 0.922168 0.568000 0.043136 0.063000
0 0.831770 0.545000 0.052138 0.067000
0 0.877532 0.607750 0.055139 0.067500
0 0.782446 0.579500 0.049512 0.069000
0 0.731808 0.589500 0.051763 0.065000
0 0.768005 0.645000 0.056639 0.056000
0 0.808327 0.686000 0.052513 0.065000
0 0.824456 0.628000 0.052513 0.065000
0 0.865716 0.675750 0.044261 0.068500
0 0.858965 0.742250 0.048762 0.068500
0 0.824831 0.789000 0.053263 0.059000