0 0.096334 0.212500 0.059484 0.082000
0 0.087168 0.301000 0.056117 0.075000
0 0.118219 0.511750 0.057613 0.070500
0 0.194164 0.611750 0.053124 0.065500
0 0.202581 0.542500 0.048260 0.064000
0 0.183128 0.471750 0.053498 0.062500
0 0.160681 0.419250 0.049757 0.065500
0 0.138047 0.350000 0.050879 0.064000
0 0.153386 0.256000 0.049383 0.069000
0 0.170408 0.314500 0.052001 0.065000
0 0.184250 0.397500 0.052750 0.071000
0 0.189487 0.181500 0.059484 0.074000
0 0.222596 0.144500 0.049383 0.065000
0 0.271605 0.068750 0.056117 0.076500
0 0.272727 0.161000 0.048634 0.081000
0 0.249719 0.217500 0.051253 0.074000
0 0.234942 0.299250 0.047886 0.067500
0 0.241302 0.365750 0.048634 0.070500
0 0.252899 0.523750 0.052376 0.066500
0 0.277030 0.577000 0.052750 0.074000
0 0.245978 0.651750 0.049009 0.069500
0 0.287318 0.686000 0.048634 0.060000
0 0.312944 0.638500 0.048260 0.065000
0 0.333146 0.576250 0.049757 0.063500
0 0.278713 0.445750 0.049383 0.066500
0 0.288066 0.376000 0.052376 0.068000
0 0.277591 0.312500 0.046390 0.070000
0 0.331463 0.047000 0.049383 0.075000
0 0.301908 0.110500 0.048634 0.074000
0 0.361766 0.112750 0.044893 0.074500
0 0.330153 0.176750 0.043771 0.073500
0 0.300412 0.229250 0.052376 0.069500
0 0.322297 0.309750 0.054246 0.075500
0 0.333895 0.433000 0.053498 0.074000
0 0.366255 0.620250 0.050131 0.071500
0 0.411523 0.734250 0.042649 0.068500
0 0.407407 0.662000 0.043397 0.063000
0 0.417134 0.594250 0.047886 0.062500
0 0.364385 0.502500 0.044145 0.063000
0 0.410774 0.509750 0.054620 0.066500
0 0.384587 0.438250 0.041900 0.070500
0 0.424991 0.452000 0.047886 0.059000
0 0.362514 0.373250 0.047886 0.067500
0 0.416573 0.360250 0.049757 0.071500
0 0.398055 0.302250 0.050131 0.066500
0 0.358025 0.235750 0.047886 0.070500
0 0.403292 0.232000 0.051627 0.073000
0 0.382529 0.155500 0.054246 0.081000
0 0.422746 0.061000 0.046390 0.083000
0 0.467078 0.041750 0.051253 0.077500
0 0.437897 0.133250 0.052750 0.079500
0 0.488777 0.099500 0.051253 0.068000
0 0.455855 0.259500 0.049009 0.077000
0 0.494388 0.234500 0.049757 0.075000
0 0.526749 0.184000 0.047886 0.078000
0 0.461841 0.352250 0.049009 0.069500
0 0.504302 0.318750 0.047886 0.066500
0 0.473438 0.425250 0.049757 0.060500
0 0.514590 0.395500 0.043023 0.063000
0 0.510101 0.466500 0.045267 0.061000
0 0.488215 0.558250 0.047886 0.062500
0 0.531051 0.599250 0.048260 0.055500
0 0.482978 0.625250 0.050131 0.063500
0 0.529555 0.670000 0.046764 0.061000
0 0.480733 0.682500 0.047138 0.060000
0 0.459409 0.743250 0.047138 0.057500
0 0.506734 0.733750 0.047512 0.062500
0 0.506734 0.802000 0.043023 0.067000
0 0.559110 0.831000 0.047512 0.060000
0 0.549196 0.771000 0.036663 0.062000
0 0.555743 0.712250 0.034044 0.061500
0 0.636177 0.827750 0.052750 0.060500
0 0.600823 0.735000 0.050131 0.049000
0 0.574261 0.662000 0.041900 0.061000
0 0.618219 0.651250 0.043771 0.060500
0 0.645903 0.617500 0.051253 0.060000
0 0.592218 0.606750 0.045642 0.055500
0 0.580995 0.533000 0.051627 0.053000
0 0.599514 0.493750 0.049757 0.062500
0 0.559297 0.448750 0.050131 0.058500
0 0.557987 0.389000 0.046764 0.070000
0 0.602694 0.388250 0.049383 0.065500
0 0.591283 0.336000 0.045267 0.068000
0 0.577441 0.230000 0.049757 0.071000
0 0.618593 0.267250 0.046016 0.058500
0 0.608679 0.209250 0.054620 0.069500
0 0.597830 0.145000 0.051627 0.075000
0 0.561541 0.071500 0.045642 0.075000
0 0.609241 0.062750 0.052001 0.076500
0 0.713056 0.121750 0.052376 0.090500
0 0.761691 0.113500 0.050879 0.070000
0 0.791807 0.169000 0.051253 0.067000
0 0.733820 0.196500 0.048260 0.067000
0 0.797232 0.225750 0.057613 0.048500
0 0.730079 0.258000 0.049757 0.058000
0 0.684063 0.273750 0.045267 0.068500
0 0.767303 0.318500 0.043397 0.063000
0 0.713805 0.319750 0.052376 0.055500
0 0.643285 0.344750 0.043023 0.064500
0 0.672465 0.392750 0.050505 0.069500
0 0.757389 0.387250 0.046764 0.070500
0 0.823793 0.348250 0.048634 0.057500
0 0.908156 0.324250 0.036289 0.067500
0 0.967452 0.388000 0.054620 0.076000
0 0.891882 0.448750 0.046390 0.065500
0 0.834082 0.420250 0.052750 0.063500
0 0.785821 0.434750 0.049009 0.063500
0 0.749158 0.477000 0.049009 0.069000
0 0.717172 0.499750 0.047138 0.064500
0 0.668724 0.496250 0.049757 0.069500
0 0.682005 0.561750 0.046390 0.057500
0 0.725402 0.558500 0.047138 0.057000
0 0.765058 0.542750 0.041900 0.067500
0 0.811822 0.491250 0.045642 0.062500
0 0.839880 0.534500 0.044893 0.066000
0 0.881968 0.528500 0.043771 0.059000
0 0.804527 0.584500 0.049757 0.059000
0 0.751029 0.605250 0.048260 0.062500
0 0.717920 0.640750 0.052376 0.059500
0 0.665731 0.665500 0.049009 0.068000
0 0.659559 0.752000 0.048634 0.066000