0 0.230495 0.487000 0.087397 0.105000
0 0.313578 0.434500 0.088522 0.104000
0 0.199550 0.563250 0.077269 0.096500
0 0.166167 0.654250 0.080270 0.090500
0 0.193361 0.739250 0.079895 0.088500
0 0.240623 0.683500 0.085146 0.091000
0 0.275131 0.570500 0.082896 0.100000
0 0.234434 0.848750 0.078020 0.092500
0 0.316954 0.827500 0.075019 0.079000
0 0.295949 0.729000 0.082521 0.089000
0 0.390285 0.846750 0.073143 0.083500
0 0.326894 0.648750 0.079895 0.085500
0 0.378282 0.709750 0.082896 0.095500
0 0.414666 0.759750 0.070893 0.088500
0 0.458927 0.821750 0.070143 0.076500
0 0.537884 0.821250 0.071268 0.074500
0 0.518192 0.755750 0.067142 0.080500
0 0.451425 0.676750 0.070893 0.085500
0 0.417104 0.619500 0.081770 0.088000
0 0.355026 0.549250 0.086647 0.098500
0 0.436609 0.523250 0.082521 0.105500
0 0.421418 0.411250 0.078395 0.106500
0 0.360840 0.333500 0.081770 0.096000
0 0.440735 0.314250 0.084021 0.098500
0 0.456864 0.186500 0.078020 0.117000
0 0.534509 0.103500 0.082521 0.114000
0 0.529820 0.220000 0.079145 0.119000
0 0.519692 0.337000 0.078395 0.106000
0 0.669917 0.156000 0.081020 0.108000
0 0.619467 0.294500 0.072393 0.111000
0 0.693923 0.287750 0.076519 0.094500
0 0.754876 0.259000 0.061140 0.111000
0 0.780945 0.350750 0.063016 0.091500
0 0.723368 0.377500 0.070143 0.089000
0 0.610653 0.395750 0.082521 0.098500
0 0.532258 0.448250 0.079520 0.093500
0 0.520818 0.529500 0.072393 0.091000
0 0.592836 0.497250 0.073143 0.091500
0 0.672918 0.459750 0.067517 0.088500
0 0.515941 0.617000 0.075394 0.085000
0 0.583458 0.590000 0.071643 0.092000
0 0.642911 0.546000 0.066017 0.099000
0 0.757689 0.494250 0.066767 0.081500
0 0.819955 0.447750 0.066767 0.093500
0 0.595086 0.761500 0.067142 0.073000
0 0.620405 0.809000 0.069767 0.070000
0 0.602026 0.675500 0.074269 0.085000
0 0.667854 0.749750 0.063391 0.072500
0 0.690923 0.810500 0.061515 0.082000
0 0.742498 0.825500 0.065641 0.075000
0 0.751313 0.754250 0.061515 0.081500
0 0.728995 0.695500 0.065641 0.082000
0 0.682296 0.634250 0.075019 0.089500
0 0.746062 0.604750 0.059265 0.090500
0 0.795761 0.578250 0.058890 0.082500
0 0.789385 0.670750 0.058140 0.083500
0 0.815641 0.772750 0.061140 0.070500
0 0.846587 0.702000 0.061515 0.093000
0 0.869280 0.614750 0.060390 0.083500
0 0.858027 0.410750 0.058140 0.087500
0 0.907352 0.336000 0.069767 0.094000