0 0.143098 0.379500 0.040885 0.045000
0 0.149662 0.334500 0.035259 0.047000
0 0.166729 0.307000 0.035634 0.041000
0 0.185484 0.354000 0.029632 0.042000
0 0.211553 0.332250 0.039760 0.035500
0 0.193923 0.390250 0.036759 0.040500
0 0.181920 0.447500 0.034509 0.045000
0 0.213991 0.441750 0.031883 0.044500
0 0.220555 0.474000 0.030758 0.039000
0 0.250375 0.495250 0.034884 0.041500
0 0.218680 0.551250 0.032258 0.036500
0 0.249062 0.534000 0.032258 0.046000
0 0.268942 0.589000 0.030758 0.039000
0 0.265379 0.628500 0.033383 0.048000
0 0.285634 0.670750 0.028132 0.048500
0 0.319767 0.697000 0.036384 0.043000
0 0.325394 0.658000 0.034884 0.037000
0 0.321830 0.621250 0.032258 0.038500
0 0.302888 0.592500 0.037134 0.038000
0 0.296512 0.554500 0.021380 0.037000
0 0.317142 0.557500 0.028132 0.044000
0 0.302138 0.513000 0.033383 0.042000
0 0.310390 0.476250 0.031883 0.037500
0 0.261440 0.453000 0.040510 0.044000
0 0.241185 0.412500 0.033758 0.045000
0 0.229745 0.374000 0.032633 0.036000
0 0.245686 0.331000 0.036009 0.037000
0 0.257689 0.371000 0.028507 0.040000
0 0.278882 0.400250 0.031133 0.038500
0 0.298012 0.432000 0.034884 0.042000
0 0.323143 0.412250 0.023631 0.037500
0 0.283946 0.343000 0.029257 0.048000
0 0.258815 0.298000 0.031508 0.037000
0 0.243436 0.238500 0.031508 0.037000
0 0.264254 0.265000 0.024381 0.039000
0 0.290510 0.271750 0.030383 0.045500
0 0.285259 0.206500 0.028132 0.042000
0 0.303638 0.220250 0.028132 0.039500
0 0.337959 0.240250 0.030008 0.036500
0 0.342648 0.275750 0.033383 0.037500
0 0.359527 0.307250 0.032633 0.039500
0 0.309827 0.321250 0.027757 0.035500
0 0.334771 0.327750 0.029632 0.047500
0 0.312828 0.357000 0.030758 0.045000
0 0.345086 0.386750 0.029257 0.041500
0 0.359152 0.419750 0.031883 0.051500
0 0.336647 0.453750 0.032633 0.046500
0 0.361590 0.480500 0.030008 0.041000
0 0.332333 0.501000 0.028507 0.036000
0 0.344711 0.535250 0.029257 0.044500
0 0.356339 0.580000 0.027007 0.047000
0 0.358965 0.621000 0.035259 0.046000
0 0.370593 0.665750 0.035259 0.041500
0 0.372468 0.705250 0.032258 0.040500
0 0.344336 0.778750 0.030758 0.044500
0 0.368717 0.760750 0.029257 0.045500
0 0.394974 0.738250 0.030008 0.052500
0 0.410915 0.768750 0.025881 0.044500
0 0.387097 0.805750 0.032258 0.052500
0 0.362528 0.843750 0.031133 0.048500
0 0.388972 0.870000 0.032258 0.041000
0 0.406977 0.831000 0.030758 0.045000
0 0.419167 0.869750 0.029632 0.043500
0 0.437547 0.835250 0.032633 0.045500
0 0.408665 0.904000 0.032633 0.040000
0 0.438485 0.947750 0.030758 0.049500
0 0.443361 0.898500 0.033008 0.047000
0 0.473368 0.913750 0.029257 0.045500
0 0.469617 0.964500 0.033008 0.048000
0 0.497187 0.937750 0.030383 0.043500
0 0.526444 0.935000 0.031883 0.049000
0 0.504876 0.894750 0.027757 0.049500
0 0.461740 0.861250 0.032258 0.049500
0 0.466804 0.814000 0.029632 0.040000
0 0.494186 0.841750 0.031133 0.045500
0 0.523631 0.847000 0.027757 0.044000
0 0.539197 0.894750 0.028132 0.051500
0 0.574456 0.911500 0.032633 0.055000
0 0.559265 0.832250 0.030758 0.044500
0 0.509377 0.803000 0.032258 0.044000
0 0.464554 0.771250 0.028132 0.046500
0 0.489310 0.747500 0.031883 0.044000
0 0.466242 0.724000 0.036009 0.047000
0 0.408852 0.687250 0.031508 0.036500
0 0.401913 0.645750 0.033383 0.039500
0 0.430795 0.657500 0.037884 0.043000
0 0.462678 0.679000 0.028132 0.039000
0 0.487997 0.698500 0.030008 0.040000
0 0.515754 0.709250 0.027007 0.045500
0 0.407727 0.607250 0.029257 0.040500
0 0.375469 0.550500 0.032258 0.041000
0 0.411665 0.565750 0.035634 0.039500
0 0.446924 0.605500 0.030383 0.044000
0 0.468305 0.630250 0.026632 0.048500
0 0.488935 0.659250 0.034134 0.045500
0 0.501875 0.629500 0.033008 0.043000
0 0.487622 0.587250 0.032258 0.043500
0 0.385784 0.508750 0.028882 0.040500
0 0.417292 0.524500 0.028132 0.035000
0 0.446924 0.537750 0.031133 0.035500
0 0.478807 0.548500 0.033383 0.042000
0 0.391785 0.463250 0.033383 0.037500
0 0.413916 0.487250 0.028882 0.040500
0 0.439422 0.497250 0.023631 0.043500
0 0.467742 0.498250 0.026257 0.050500
0 0.493998 0.508250 0.027007 0.045500
0 0.515941 0.578000 0.028132 0.041000
0 0.530383 0.621750 0.027007 0.036500
0 0.524381 0.539000 0.034509 0.043000
0 0.365716 0.344000 0.033008 0.038000
0 0.374719 0.381250 0.030758 0.036500
0 0.387284 0.418750 0.030383 0.041500
0 0.432858 0.425000 0.031508 0.037000
0 0.445611 0.460750 0.033008 0.035500
0 0.474119 0.450250 0.036009 0.045500
0 0.410540 0.375250 0.031133 0.040500
0 0.435296 0.385500 0.031133 0.043000
0 0.409790 0.337000 0.032633 0.042000
0 0.446174 0.349000 0.031133 0.041000
0 0.396287 0.303000 0.031133 0.041000
0 0.378657 0.279500 0.025881 0.035000
0 0.381470 0.245250 0.033008 0.035500
0 0.362341 0.208750 0.034509 0.039500
0 0.411103 0.180500 0.032258 0.040000
0 0.409790 0.226250 0.028882 0.042500
0 0.425356 0.255250 0.030008 0.040500
0 0.415604 0.285500 0.029257 0.035000
0 0.448800 0.282250 0.031133 0.031500
0 0.439422 0.318000 0.033383 0.034000
0 0.469430 0.310500 0.031883 0.039000
0 0.475431 0.346250 0.030383 0.039500
0 0.491185 0.378250 0.031883 0.037500
0 0.474869 0.408000 0.032258 0.040000
0 0.508815 0.430750 0.033383 0.045500
0 0.515566 0.468500 0.030383 0.045000
0 0.519130 0.412500 0.027007 0.036000
0 0.540885 0.449000 0.030758 0.037000
0 0.544636 0.416500 0.026257 0.039000
0 0.518942 0.363000 0.030383 0.042000
0 0.502626 0.336000 0.027757 0.039000
0 0.439797 0.213000 0.025881 0.038000
0 0.456302 0.248000 0.026632 0.044000
0 0.464366 0.184000 0.025506 0.049000
0 0.491373 0.187000 0.030008 0.037000
0 0.483308 0.231000 0.032633 0.038000
0 0.482371 0.268000 0.029257 0.039000
0 0.504501 0.289500 0.030758 0.033000
0 0.510690 0.256000 0.030383 0.039000
0 0.538447 0.275250 0.031133 0.042500
0 0.531320 0.309500 0.028882 0.041000
0 0.557952 0.339500 0.034134 0.034000
0 0.562078 0.377000 0.031883 0.044000
0 0.577082 0.416500 0.034134 0.034000
0 0.572581 0.447500 0.027382 0.038000
0 0.558702 0.480750 0.029632 0.038500
0 0.577082 0.510500 0.031133 0.040000
0 0.563766 0.547250 0.033008 0.040500
0 0.546512 0.578000 0.031508 0.040000
0 0.574456 0.585500 0.028132 0.046000
0 0.561328 0.624750 0.034884 0.043500
0 0.545574 0.659250 0.034134 0.042500
0 0.541635 0.696500 0.032258 0.041000
0 0.544449 0.738500 0.031883 0.040000
0 0.532446 0.773250 0.036384 0.042500
0 0.565829 0.783250 0.035634 0.042500
0 0.581958 0.821250 0.028882 0.048500
0 0.590773 0.854000 0.033008 0.038000
0 0.617592 0.839000 0.033383 0.055000
0 0.631845 0.807000 0.034884 0.036000
0 0.590023 0.759750 0.031508 0.046500
0 0.626407 0.771000 0.037509 0.043000
0 0.659602 0.765750 0.031133 0.044500
0 0.579145 0.719250 0.035259 0.047500
0 0.609340 0.710250 0.035634 0.036500
0 0.640473 0.730000 0.030383 0.040000
0 0.687734 0.758750 0.031133 0.049500
0 0.670293 0.713250 0.030758 0.048500
0 0.576144 0.668000 0.030758 0.041000
0 0.593773 0.633000 0.032258 0.042000
0 0.607277 0.670500 0.027757 0.046000
0 0.645161 0.689250 0.034509 0.041500
0 0.638410 0.652250 0.030008 0.041500
0 0.664666 0.666750 0.027007 0.035500
0 0.694299 0.692500 0.028507 0.046000
0 0.702363 0.729500 0.034884 0.045000
0 0.732746 0.737750 0.028132 0.043500
0 0.728995 0.696000 0.031883 0.040000
0 0.700675 0.662000 0.033758 0.036000
0 0.665604 0.632750 0.031133 0.038500
0 0.601088 0.593250 0.026632 0.044500
0 0.628657 0.604750 0.027007 0.043500
0 0.616467 0.560000 0.032633 0.041000
0 0.645724 0.554000 0.028882 0.043000
0 0.674794 0.553500 0.030008 0.042000
0 0.685484 0.592250 0.031133 0.038500
0 0.697487 0.628250 0.031883 0.036500
0 0.613653 0.503250 0.031508 0.037500
0 0.632596 0.517500 0.031883 0.041000
0 0.594149 0.471250 0.030758 0.043500
0 0.605214 0.439750 0.031883 0.037500
0 0.631845 0.451000 0.026632 0.044000
0 0.637847 0.486000 0.032633 0.032000
0 0.670855 0.512500 0.031133 0.042000
0 0.666917 0.458750 0.030758 0.043500
0 0.588897 0.354500 0.025506 0.043000
0 0.533196 0.214000 0.032633 0.036000
0 0.536947 0.243750 0.029632 0.034500
0 0.553826 0.180750 0.030383 0.039500
0 0.584959 0.184500 0.031883 0.037000
0 0.566017 0.218750 0.033008 0.041500
0 0.566392 0.259500 0.027757 0.037000
0 0.563953 0.297500 0.031133 0.037000
0 0.590585 0.281750 0.026632 0.040500
0 0.593211 0.316000 0.030383 0.037000
0 0.602776 0.230000 0.027007 0.039000
0 0.632221 0.235750 0.031883 0.036500
0 0.663728 0.242750 0.027382 0.046500
0 0.623593 0.283500 0.028132 0.036000
0 0.621905 0.316750 0.024756 0.035500
0 0.617779 0.345500 0.028507 0.035000
0 0.616279 0.377250 0.028507 0.037500
0 0.623968 0.406750 0.033383 0.034500
0 0.650975 0.336750 0.030383 0.035500
0 0.652101 0.367000 0.031883 0.035000
0 0.677607 0.379500 0.027382 0.040000
0 0.654539 0.284000 0.029257 0.037000
0 0.674231 0.308250 0.031883 0.037500
0 0.680795 0.275000 0.025506 0.033000
0 0.708927 0.299750 0.030008 0.038500
0 0.740248 0.324000 0.028132 0.037000
0 0.761253 0.348250 0.031883 0.042500
0 0.698800 0.353500 0.028507 0.038000
0 0.723931 0.355500 0.024756 0.039000
0 0.711365 0.383750 0.030383 0.035500
0 0.732746 0.396750 0.028882 0.034500
0 0.661103 0.419750 0.029632 0.039500
0 0.682483 0.425250 0.027382 0.042500
0 0.712678 0.425000 0.030758 0.038000
0 0.689235 0.479750 0.032633 0.044500
0 0.716992 0.465750 0.031133 0.038500
0 0.745124 0.466750 0.028882 0.046500
0 0.757127 0.428500 0.037884 0.039000
0 0.728807 0.500750 0.029257 0.042500
0 0.698425 0.528000 0.035259 0.039000
0 0.707427 0.562500 0.030008 0.036000
0 0.791073 0.430750 0.028507 0.039500
0 0.820705 0.446000 0.026257 0.036000
0 0.806264 0.466750 0.032633 0.039500
0 0.777944 0.483000 0.027757 0.040000
0 0.745124 0.533750 0.034134 0.041500
0 0.750375 0.574000 0.034134 0.038000
0 0.721305 0.599500 0.033008 0.040000
0 0.749625 0.610000 0.028132 0.033000
0 0.740998 0.641750 0.034884 0.038500
0 0.749437 0.673750 0.033008 0.038500
0 0.769130 0.721750 0.030383 0.045500
0 0.786384 0.655250 0.031133 0.046500
0 0.786572 0.606000 0.030758 0.042000
0 0.814329 0.635500 0.024756 0.042000
0 0.816954 0.594500 0.031508 0.038000
0 0.843211 0.620250 0.030008 0.044500
0 0.876969 0.601250 0.032258 0.046500
0 0.840398 0.579750 0.031883 0.035500
0 0.840398 0.543250 0.034134 0.038500
0 0.875094 0.528750 0.032258 0.035500
0 0.860278 0.487500 0.034134 0.046000
0 0.812266 0.503500 0.030383 0.035000
0 0.781508 0.529750 0.026632 0.042500
0 0.783383 0.570250 0.031133 0.036500