0 0.495698 0.076000 0.052376 0.065000
0 0.598204 0.035000 0.044145 0.069000
0 0.481856 0.121750 0.042649 0.057500
0 0.580060 0.093500 0.054246 0.066000
0 0.676207 0.051750 0.052001 0.064500
0 0.632248 0.079000 0.048634 0.060000
0 0.701646 0.103500 0.050505 0.065000
0 0.606248 0.133500 0.051253 0.066000
0 0.655256 0.118500 0.046764 0.061000
0 0.686120 0.161500 0.042649 0.070000
0 0.735877 0.159250 0.049383 0.063500
0 0.781706 0.176000 0.052750 0.063000
0 0.690984 0.216500 0.056117 0.065000
0 0.630004 0.171750 0.048634 0.069500
0 0.742050 0.213500 0.051253 0.064000
0 0.739431 0.275750 0.052001 0.074500
0 0.779835 0.253750 0.054246 0.069500
0 0.802095 0.327000 0.053872 0.066000
0 0.851104 0.366750 0.039656 0.070500
0 0.726899 0.344000 0.049383 0.070000
0 0.685185 0.283500 0.052750 0.063000
0 0.551253 0.178750 0.040030 0.060500
0 0.589226 0.185750 0.041152 0.063500
0 0.618219 0.234250 0.043771 0.064500
0 0.503367 0.179500 0.047512 0.066000
0 0.541526 0.242000 0.046016 0.061000
0 0.601384 0.285750 0.047512 0.075500
0 0.556117 0.297500 0.043023 0.064000
0 0.435092 0.161250 0.042649 0.055500
0 0.477366 0.207750 0.041152 0.063500
0 0.408717 0.212000 0.056491 0.062000
0 0.446689 0.272750 0.042649 0.055500
0 0.497568 0.254750 0.041152 0.061500
0 0.339880 0.231500 0.043771 0.054000
0 0.300973 0.243750 0.035541 0.052500
0 0.281893 0.298250 0.038533 0.053500
0 0.338945 0.297750 0.037411 0.057500
0 0.380658 0.275000 0.039282 0.057000
0 0.395997 0.317750 0.040030 0.059500
0 0.272353 0.340750 0.035166 0.050500
0 0.320614 0.353500 0.037411 0.058000
0 0.270108 0.432000 0.035915 0.048000
0 0.298167 0.435250 0.035166 0.056500
0 0.350542 0.438250 0.044893 0.062500
0 0.408343 0.370000 0.042275 0.059000
0 0.465395 0.330750 0.034418 0.060500
0 0.497381 0.327000 0.039282 0.058000
0 0.457538 0.383500 0.043397 0.059000
0 0.427984 0.425000 0.041900 0.059000
0 0.322484 0.483500 0.039656 0.062000
0 0.345866 0.527250 0.034044 0.055500
0 0.393939 0.464500 0.041152 0.055000
0 0.673588 0.338250 0.053498 0.066500
0 0.577254 0.351250 0.047138 0.060500
0 0.528432 0.357000 0.046016 0.057000
0 0.561915 0.403000 0.044893 0.068000
0 0.623270 0.369750 0.053872 0.074500
0 0.664235 0.403250 0.049757 0.063500
0 0.758324 0.418750 0.047138 0.065500
0 0.846053 0.480250 0.055743 0.071500
0 0.795735 0.471500 0.052376 0.068000
0 0.498691 0.387750 0.040404 0.061500
0 0.476057 0.431250 0.031799 0.048500
0 0.496072 0.442000 0.051627 0.054000
0 0.454358 0.478500 0.040030 0.055000
0 0.505051 0.495250 0.038159 0.063500
0 0.551253 0.505000 0.049009 0.052000
0 0.602507 0.477000 0.047512 0.055000
0 0.652076 0.488000 0.046390 0.062000
0 0.697905 0.507000 0.055743 0.065000
0 0.747662 0.503500 0.052750 0.061000
0 0.808081 0.534250 0.046390 0.061500
0 0.874299 0.522000 0.061354 0.056000
0 0.822110 0.593250 0.050505 0.061500
0 0.759820 0.618750 0.048634 0.064500
0 0.713805 0.566750 0.055368 0.059500
0 0.666667 0.551000 0.049383 0.055000
0 0.612233 0.526000 0.046016 0.051000
0 0.529742 0.546500 0.039656 0.054000
0 0.393939 0.512750 0.035915 0.052500
0 0.432099 0.510750 0.038159 0.053500
0 0.496820 0.535750 0.038159 0.052500
0 0.325103 0.570500 0.032922 0.051000
0 0.347924 0.606000 0.032922 0.049000
0 0.383464 0.614000 0.031425 0.049000
0 0.410774 0.566000 0.037411 0.051000
0 0.439955 0.557750 0.043397 0.055500
0 0.430228 0.610250 0.038908 0.057500
0 0.482230 0.592250 0.044145 0.059500
0 0.456603 0.653750 0.032548 0.052500
0 0.398990 0.715250 0.037037 0.048500
0 0.379162 0.649500 0.037785 0.046000
0 0.441264 0.716750 0.039282 0.054500
0 0.439955 0.777500 0.035166 0.056000
0 0.516087 0.624250 0.043023 0.053500
0 0.566779 0.572500 0.044145 0.055000
0 0.598017 0.610000 0.045267 0.057000
0 0.644220 0.593000 0.048634 0.056000
0 0.691732 0.610500 0.052376 0.068000
0 0.798541 0.654250 0.052001 0.057500
0 0.808642 0.713750 0.052001 0.056500
0 0.752338 0.677250 0.047886 0.060500
0 0.653386 0.655500 0.054246 0.057000
0 0.703330 0.686750 0.050879 0.057500
0 0.745417 0.724500 0.055743 0.049000
0 0.781145 0.771000 0.048634 0.062000
0 0.781145 0.837250 0.050131 0.058500
0 0.755892 0.893500 0.051253 0.057000
0 0.729892 0.791000 0.046390 0.058000
0 0.701833 0.742750 0.047886 0.054500
0 0.589974 0.684000 0.046390 0.057000
0 0.559297 0.634250 0.044145 0.056500
0 0.636738 0.712000 0.054620 0.058000
0 0.670408 0.763500 0.041900 0.061000
0 0.670034 0.827500 0.045642 0.059000
0 0.724467 0.844500 0.043771 0.057000
0 0.711186 0.911000 0.048634 0.053000
0 0.663861 0.917500 0.045267 0.057000
0 0.625140 0.924750 0.040404 0.056500
0 0.635615 0.867500 0.047886 0.060000
0 0.620464 0.783500 0.046764 0.057000
0 0.587729 0.740750 0.041900 0.062500
0 0.597830 0.818000 0.041900 0.058000
0 0.589600 0.880500 0.042649 0.053000
0 0.569772 0.894000 0.045642 0.052000
0 0.546764 0.970750 0.044519 0.050500
0 0.554620 0.847250 0.040030 0.058500
0 0.552563 0.777000 0.035915 0.062000
0 0.544706 0.717000 0.041152 0.052000
0 0.507856 0.696500 0.040778 0.047000
0 0.478302 0.727250 0.032548 0.055500
0 0.480546 0.785250 0.041526 0.057500
0 0.515713 0.734500 0.043771 0.058000
0 0.451740 0.848750 0.034044 0.055500
0 0.482043 0.848250 0.040030 0.045500
0 0.505051 0.831750 0.044145 0.054500
0 0.512533 0.897250 0.041152 0.057500