0 0.161665 0.581250 0.119280 0.116500
0 0.136534 0.688500 0.106527 0.121000
0 0.221868 0.764000 0.098650 0.127000
0 0.317704 0.810000 0.102026 0.120000
0 0.415229 0.827250 0.090023 0.104500
0 0.506002 0.871000 0.097524 0.124000
0 0.596399 0.871750 0.087772 0.106500
0 0.290510 0.643500 0.100900 0.120000
0 0.270630 0.537750 0.104651 0.129500
0 0.377719 0.546250 0.104276 0.139500
0 0.391973 0.677250 0.093023 0.120500
0 0.474869 0.719000 0.096024 0.120000
0 0.562266 0.736750 0.089272 0.107500
0 0.672543 0.760250 0.090023 0.113500
0 0.668042 0.828250 0.085521 0.075500
0 0.759752 0.867000 0.081395 0.108000
0 0.839647 0.834250 0.081395 0.096500
0 0.744374 0.745250 0.073893 0.102500
0 0.818830 0.707250 0.087772 0.112500
0 0.909040 0.748500 0.080645 0.121000
0 0.876782 0.620750 0.084396 0.113500
0 0.782633 0.588500 0.077644 0.119000
0 0.726182 0.653000 0.090023 0.099000
0 0.652101 0.616250 0.095649 0.108500
0 0.559077 0.629250 0.087397 0.120500
0 0.453863 0.591000 0.090773 0.128000
0 0.278882 0.393750 0.096399 0.113500
0 0.345086 0.305250 0.096774 0.133500
0 0.427607 0.414250 0.100525 0.124500
0 0.507502 0.482500 0.094524 0.128000
0 0.428357 0.143500 0.094524 0.134000
0 0.436984 0.280000 0.097524 0.143000
0 0.500938 0.341000 0.085896 0.130000
0 0.596212 0.419500 0.091898 0.118000
0 0.670293 0.504000 0.091523 0.116000
0 0.735371 0.517750 0.063391 0.119500
0 0.858777 0.502750 0.083646 0.118500
0 0.707427 0.393250 0.084021 0.108500
0 0.779070 0.398000 0.070518 0.125000
0 0.530008 0.215750 0.107277 0.144500
0 0.606714 0.288750 0.097899 0.135500
0 0.655101 0.180250 0.082896 0.129500
0 0.720743 0.273500 0.094899 0.128000
0 0.722993 0.112500 0.088147 0.126000
0 0.813578 0.256750 0.093023 0.135500