0 0.096212 0.634750 0.066392 0.071500
0 0.146099 0.566000 0.061890 0.076000
0 0.143098 0.482000 0.062641 0.086000
0 0.148350 0.390750 0.067142 0.078500
0 0.194111 0.327000 0.064891 0.093000
0 0.235184 0.267250 0.061515 0.091500
0 0.262566 0.353500 0.055514 0.077000
0 0.212491 0.410500 0.066392 0.077000
0 0.210803 0.561500 0.066767 0.075000
0 0.178920 0.639500 0.069017 0.061000
0 0.304389 0.277250 0.068642 0.093500
0 0.376032 0.266000 0.061140 0.089000
0 0.326707 0.361250 0.067517 0.091500
0 0.387284 0.339750 0.057389 0.079500
0 0.289572 0.425000 0.060765 0.083000
0 0.256189 0.494250 0.064516 0.076500
0 0.278882 0.561000 0.056639 0.081000
0 0.266317 0.650000 0.053263 0.075000
0 0.341148 0.716250 0.052888 0.085500
0 0.322581 0.608750 0.050263 0.077500
0 0.325206 0.515500 0.062266 0.074000
0 0.350338 0.444000 0.063766 0.080000
0 0.403226 0.413750 0.060015 0.078500
0 0.409602 0.505500 0.057764 0.079000
0 0.375469 0.593000 0.062266 0.090000
0 0.391598 0.655250 0.050263 0.071500
0 0.416354 0.703750 0.054764 0.064500
0 0.432296 0.595000 0.058140 0.076000
0 0.460803 0.530250 0.055889 0.070500
0 0.463616 0.432000 0.057014 0.083000
0 0.489497 0.370500 0.057014 0.079000
0 0.536197 0.346750 0.050638 0.067500
0 0.525319 0.434250 0.053638 0.078500
0 0.507127 0.498500 0.052513 0.064000
0 0.493623 0.577250 0.056264 0.070500
0 0.485184 0.653500 0.057389 0.078000
0 0.465116 0.721500 0.053263 0.067000
0 0.512753 0.772500 0.048762 0.072000
0 0.554951 0.723000 0.050638 0.055000
0 0.514629 0.684750 0.053263 0.065500
0 0.537134 0.630750 0.050263 0.067500
0 0.572768 0.665500 0.046512 0.064000
0 0.585521 0.601250 0.054014 0.070500
0 0.558327 0.546000 0.055889 0.079000
0 0.563016 0.468750 0.052513 0.072500
0 0.606339 0.424250 0.052888 0.079500
0 0.666167 0.357500 0.051763 0.074000
0 0.640848 0.488000 0.051388 0.069000
0 0.697299 0.434500 0.052513 0.063000
0 0.695236 0.510000 0.048387 0.073000
0 0.632033 0.556750 0.049512 0.070500
0 0.664479 0.575000 0.047637 0.063000
0 0.629032 0.632750 0.053263 0.069500
0 0.676857 0.663250 0.053638 0.068500
0 0.614966 0.686750 0.055889 0.067500
0 0.603338 0.749750 0.049887 0.060500
0 0.650788 0.721750 0.050263 0.062500
0 0.667479 0.790250 0.046137 0.065500
0 0.706302 0.732750 0.045011 0.065500
0 0.745311 0.729250 0.039760 0.058500
0 0.723931 0.672500 0.040510 0.074000
0 0.713616 0.613750 0.045386 0.067500
0 0.734621 0.555500 0.047637 0.073000
0 0.737059 0.372000 0.048762 0.076000
0 0.780570 0.372000 0.053263 0.070000
0 0.756189 0.430000 0.046512 0.078000
0 0.808140 0.452750 0.047637 0.074500
0 0.763878 0.495000 0.042386 0.075000
0 0.823706 0.518250 0.049512 0.060500
0 0.789197 0.573750 0.049512 0.072500
0 0.750375 0.615750 0.043886 0.066500
0 0.788635 0.683750 0.042386 0.063500
0 0.814891 0.624750 0.042386 0.063500
0 0.828207 0.680250 0.046512 0.066500
0 0.855589 0.431750 0.048762 0.065500
0 0.870405 0.498500 0.047637 0.068000
0 0.896849 0.524250 0.051763 0.066500
0 0.852401 0.565750 0.052138 0.063500
0 0.888035 0.583000 0.039385 0.060000
0 0.855401 0.622000 0.043886 0.063000