0 0.043250 0.590210 0.062500 0.046137
0 0.120000 0.603901 0.058000 0.045011
0 0.161250 0.657164 0.058500 0.042761
0 0.216250 0.661290 0.059500 0.045011
0 0.294250 0.628095 0.055500 0.038635
0 0.319750 0.642161 0.050500 0.031508
0 0.351750 0.672168 0.040500 0.036009
0 0.362750 0.609527 0.067500 0.042011
0 0.355500 0.627907 0.054000 0.024006
0 0.412250 0.608215 0.051500 0.039385
0 0.408750 0.570893 0.052500 0.040510
0 0.356250 0.544824 0.052500 0.040135
0 0.296000 0.567329 0.054000 0.040885
0 0.217500 0.610465 0.058000 0.041635
0 0.181250 0.581770 0.062500 0.045761
0 0.129250 0.563016 0.051500 0.040510
0 0.078750 0.530195 0.056500 0.040135
0 0.128000 0.524194 0.055000 0.038635
0 0.082000 0.489685 0.058000 0.041635
0 0.034750 0.452176 0.057500 0.048387
0 0.129250 0.478057 0.051500 0.042386
0 0.188250 0.518380 0.065500 0.051763
0 0.243000 0.546887 0.055000 0.037509
0 0.237000 0.483871 0.052000 0.042761
0 0.288750 0.502626 0.040500 0.042761
0 0.319000 0.470555 0.057000 0.043886
0 0.376250 0.488935 0.059500 0.046137
0 0.409000 0.528882 0.058000 0.042011
0 0.176500 0.443548 0.061000 0.046137
0 0.276250 0.419730 0.055500 0.044261
0 0.101250 0.377344 0.061500 0.049512
0 0.161500 0.397224 0.056000 0.041260
0 0.359250 0.440735 0.055500 0.040510
0 0.425750 0.446924 0.047500 0.037884
0 0.442000 0.487997 0.052000 0.039010
0 0.419750 0.379970 0.050500 0.043511
0 0.368250 0.401163 0.059500 0.039385
0 0.304250 0.376594 0.069500 0.048012
0 0.360500 0.353901 0.059000 0.045386
0 0.343750 0.297449 0.057500 0.041260
0 0.296000 0.316017 0.053000 0.049887
0 0.261000 0.350338 0.066000 0.045761
0 0.209000 0.368342 0.053000 0.045761
0 0.142250 0.348650 0.060500 0.042386
0 0.404500 0.325956 0.052000 0.044261
0 0.462750 0.319580 0.063500 0.044261
0 0.514750 0.306264 0.045500 0.044636
0 0.561000 0.326144 0.060000 0.040885
0 0.608000 0.303451 0.050000 0.042011
0 0.672750 0.311140 0.056500 0.040135
0 0.738000 0.316954 0.053000 0.036009
0 0.785500 0.330270 0.048000 0.040135
0 0.531750 0.356527 0.047500 0.046887
0 0.468250 0.374344 0.056500 0.043511
0 0.623750 0.350900 0.054500 0.049137
0 0.668250 0.363841 0.045500 0.045011
0 0.568000 0.379782 0.054000 0.041635
0 0.521500 0.402288 0.059000 0.040885
0 0.463250 0.412978 0.057500 0.040510
0 0.476500 0.456302 0.055000 0.040885
0 0.568500 0.424044 0.045000 0.043136
0 0.620750 0.434171 0.054500 0.041635
0 0.688250 0.411103 0.052500 0.040510
0 0.630750 0.394036 0.048500 0.037134
0 0.546250 0.462303 0.050500 0.037884
0 0.521250 0.501688 0.052500 0.043136
0 0.485250 0.531883 0.053500 0.036009
0 0.531000 0.545386 0.057000 0.038260
0 0.492500 0.563391 0.046000 0.036759
0 0.518250 0.586272 0.043500 0.036759
0 0.581500 0.555889 0.049000 0.042011
0 0.576750 0.522318 0.052500 0.031883
0 0.601750 0.491748 0.050500 0.036009
0 0.638500 0.614216 0.052000 0.036384
0 0.721250 0.632783 0.051500 0.040510
0 0.636750 0.572206 0.052500 0.034884
0 0.686000 0.588335 0.051000 0.043136
0 0.746000 0.578582 0.048000 0.037134
0 0.744500 0.603526 0.042000 0.031508
0 0.788000 0.604089 0.037000 0.034884
0 0.843000 0.594524 0.044000 0.036759
0 0.653000 0.533196 0.054000 0.042386
0 0.697750 0.540135 0.049500 0.037509
0 0.795250 0.561703 0.049500 0.040885
0 0.836750 0.559640 0.043500 0.035259
0 0.892250 0.565266 0.049500 0.028507
0 0.916000 0.544074 0.048000 0.038635
0 0.946750 0.559077 0.046500 0.032633
0 0.759000 0.529445 0.049000 0.035634
0 0.810750 0.522506 0.040500 0.036759
0 0.841750 0.521755 0.034500 0.030758
0 0.651250 0.490060 0.051500 0.037134
0 0.700250 0.500938 0.053500 0.037884
0 0.770500 0.494186 0.046000 0.037884
0 0.853750 0.491560 0.050500 0.032633
0 0.893000 0.484996 0.046000 0.034509
0 0.685000 0.450113 0.056000 0.036759
0 0.737500 0.470368 0.050000 0.041260
0 0.809750 0.463803 0.048500 0.041635
0 0.897500 0.443173 0.059000 0.043886
0 0.944000 0.455551 0.051000 0.040885
0 0.902000 0.386722 0.054000 0.046512
0 0.913000 0.413353 0.048000 0.037509
0 0.827500 0.411853 0.052000 0.038260
0 0.764250 0.430795 0.052500 0.033383
0 0.735750 0.394974 0.051500 0.039760
0 0.751000 0.356152 0.053000 0.040885
0 0.809500 0.369842 0.051000 0.046512
0 0.857500 0.353151 0.048000 0.042386