0 0.239497 0.873250 0.047637 0.046500
0 0.273631 0.822750 0.035634 0.044500
0 0.331020 0.885000 0.045386 0.044000
0 0.360840 0.844250 0.036009 0.045500
0 0.383533 0.813000 0.028882 0.044000
0 0.251313 0.760250 0.041260 0.044500
0 0.278132 0.758500 0.025881 0.045000
0 0.205926 0.692250 0.045011 0.046500
0 0.230495 0.651250 0.049887 0.048500
0 0.253563 0.689000 0.050263 0.050000
0 0.299887 0.706500 0.042386 0.041000
0 0.334771 0.765250 0.043136 0.043500
0 0.362341 0.752500 0.038260 0.044000
0 0.387284 0.740750 0.031133 0.032500
0 0.289385 0.659750 0.042386 0.044500
0 0.350525 0.679750 0.033383 0.041500
0 0.161478 0.538000 0.048387 0.055000
0 0.213241 0.563000 0.047637 0.047000
0 0.273068 0.581750 0.047262 0.048500
0 0.282821 0.618750 0.050263 0.044500
0 0.304576 0.558750 0.049512 0.045500
0 0.311890 0.585000 0.043136 0.044000
0 0.330645 0.633750 0.039385 0.050500
0 0.358777 0.602250 0.046887 0.049500
0 0.362153 0.657250 0.043886 0.045500
0 0.385034 0.686250 0.038635 0.047500
0 0.395161 0.702750 0.035634 0.039500
0 0.423856 0.708500 0.030758 0.040000
0 0.420855 0.747500 0.038260 0.039000
0 0.421043 0.783500 0.038635 0.042000
0 0.429295 0.826250 0.035634 0.036500
0 0.476932 0.883750 0.034884 0.039500
0 0.519317 0.891000 0.039385 0.041000
0 0.454801 0.779750 0.037134 0.038500
0 0.456864 0.747250 0.035259 0.036500
0 0.213428 0.447000 0.048762 0.051000
0 0.249625 0.453750 0.037134 0.054500
0 0.250563 0.398000 0.048762 0.053000
0 0.217367 0.330000 0.051388 0.061000
0 0.241185 0.282750 0.054014 0.063500
0 0.274944 0.318000 0.048762 0.059000
0 0.311703 0.380250 0.051013 0.055500
0 0.296512 0.431500 0.049137 0.059000
0 0.299887 0.480250 0.049887 0.058500
0 0.348462 0.480750 0.039760 0.056500
0 0.384096 0.530750 0.045761 0.048500
0 0.421980 0.645000 0.036759 0.046000
0 0.425731 0.673750 0.039010 0.034500
0 0.443173 0.637250 0.022881 0.049500
0 0.413353 0.557500 0.045011 0.044000
0 0.427232 0.516750 0.045011 0.049500
0 0.383158 0.448750 0.047637 0.055500
0 0.405851 0.455000 0.027007 0.050000
0 0.312453 0.262000 0.054764 0.069000
0 0.357839 0.242750 0.050263 0.062500
0 0.344149 0.334000 0.055139 0.063000
0 0.350150 0.380250 0.045386 0.050500
0 0.389160 0.305000 0.048387 0.053000
0 0.402476 0.354750 0.048762 0.052500
0 0.444299 0.435000 0.043886 0.055000
0 0.456677 0.536500 0.037134 0.045000
0 0.443173 0.592000 0.038635 0.052000
0 0.485746 0.601250 0.034509 0.047500
0 0.470930 0.635500 0.043136 0.043000
0 0.469430 0.676250 0.032633 0.045500
0 0.462303 0.717250 0.035634 0.043500
0 0.475431 0.745000 0.022881 0.041000
0 0.503376 0.755000 0.036009 0.044000
0 0.530383 0.796500 0.031508 0.036000
0 0.555139 0.784750 0.030758 0.034500
0 0.537134 0.764500 0.032258 0.034000
0 0.512941 0.719500 0.034884 0.043000
0 0.563203 0.750500 0.031883 0.036000
0 0.573893 0.771500 0.026257 0.034000
0 0.594899 0.745750 0.038260 0.044500
0 0.552513 0.705500 0.033008 0.029000
0 0.517254 0.659000 0.036759 0.043000
0 0.547824 0.684750 0.037884 0.040500
0 0.515754 0.616500 0.033758 0.045000
0 0.419167 0.198250 0.048387 0.063500
0 0.420105 0.267500 0.049512 0.065000
0 0.434734 0.310250 0.046512 0.068500
0 0.460240 0.370500 0.048012 0.051000
0 0.479370 0.391000 0.041260 0.049000
0 0.474869 0.446750 0.044261 0.045500
0 0.476557 0.504000 0.040135 0.051000
0 0.504876 0.513500 0.039010 0.047000
0 0.506939 0.551750 0.043136 0.051500
0 0.532446 0.565500 0.035634 0.047000
0 0.559077 0.624000 0.035634 0.041000
0 0.561140 0.644000 0.036009 0.033000
0 0.584396 0.694500 0.032258 0.040000
0 0.584584 0.643500 0.031883 0.042000
0 0.610653 0.690000 0.032258 0.038000
0 0.623593 0.721000 0.030383 0.041000
0 0.644036 0.720500 0.029257 0.036000
0 0.637472 0.687750 0.032633 0.036500
0 0.626219 0.663500 0.035634 0.037000
0 0.594711 0.608000 0.035634 0.037000
0 0.539010 0.517000 0.032258 0.045000
0 0.510878 0.461250 0.039760 0.048500
0 0.578020 0.550750 0.034509 0.045500
0 0.641223 0.628750 0.028882 0.043500
0 0.652101 0.646500 0.019880 0.041000
0 0.431170 0.124750 0.047637 0.065500
0 0.458365 0.151500 0.044261 0.057000
0 0.455176 0.234750 0.043136 0.059500
0 0.471118 0.293500 0.042761 0.058000
0 0.498687 0.334000 0.044636 0.054000
0 0.531883 0.419250 0.046512 0.056500
0 0.547074 0.454750 0.040135 0.047500
0 0.560015 0.477250 0.034509 0.045500
0 0.596774 0.500750 0.039760 0.047500
0 0.619467 0.523750 0.036384 0.041500
0 0.619280 0.556000 0.036009 0.040000
0 0.615341 0.581750 0.032633 0.033500
0 0.644224 0.565000 0.034134 0.049000
0 0.678732 0.603250 0.028882 0.034500
0 0.684359 0.565250 0.035634 0.043500
0 0.712116 0.589750 0.030383 0.041500
0 0.642536 0.519000 0.021005 0.029000
0 0.635596 0.500750 0.030383 0.028500
0 0.636159 0.479750 0.037509 0.045500
0 0.600900 0.461750 0.039010 0.047500
0 0.508815 0.237250 0.042386 0.057500
0 0.518567 0.274250 0.045386 0.054500
0 0.524756 0.177500 0.043511 0.059000
0 0.544824 0.228500 0.043136 0.058000
0 0.560015 0.157250 0.042011 0.050500
0 0.580083 0.194750 0.042386 0.052500
0 0.569205 0.273250 0.046137 0.056500
0 0.557577 0.327500 0.037884 0.052000
0 0.589085 0.300750 0.038635 0.056500
0 0.571455 0.359250 0.042386 0.050500
0 0.602776 0.398750 0.040510 0.052500
0 0.636347 0.419500 0.037884 0.046000
0 0.665041 0.476750 0.028507 0.047500
0 0.687922 0.503250 0.037509 0.044500
0 0.668417 0.515500 0.028507 0.040000
0 0.716804 0.537500 0.032258 0.044000
0 0.759377 0.587000 0.029632 0.043000
0 0.612341 0.342250 0.038635 0.054500
0 0.644036 0.347250 0.032258 0.052500
0 0.646662 0.367000 0.032258 0.048000
0 0.624344 0.256250 0.047637 0.055500
0 0.630345 0.294000 0.040135 0.046000
0 0.662416 0.297000 0.039010 0.059000
0 0.652663 0.247250 0.038260 0.058500
0 0.669730 0.314750 0.031883 0.042500
0 0.686234 0.377750 0.034884 0.048500
0 0.715679 0.391750 0.031508 0.051500
0 0.691860 0.441000 0.038635 0.049000
0 0.707989 0.475250 0.035634 0.042500
0 0.729557 0.503000 0.031508 0.039000
0 0.746812 0.469000 0.036009 0.054000
0 0.730495 0.426250 0.036384 0.049500
0 0.747937 0.513750 0.027757 0.045500
0 0.753751 0.414500 0.029632 0.041000
0 0.752813 0.369250 0.035259 0.054500
0 0.776819 0.387250 0.030008 0.052500
0 0.814704 0.365000 0.036759 0.048000
0 0.796324 0.317000 0.039010 0.052000
0 0.718117 0.295500 0.034134 0.049000
0 0.692986 0.264250 0.038635 0.048500
0 0.745311 0.257000 0.035259 0.052000
0 0.696362 0.222000 0.037884 0.053000
0 0.618155 0.133500 0.045761 0.060000
0 0.659790 0.130750 0.039010 0.061500
0 0.658852 0.183000 0.043886 0.052000
0 0.705551 0.161000 0.037509 0.063000
0 0.734246 0.174250 0.037884 0.053500