0 0.283196 0.194750 0.090023 0.127500
0 0.250563 0.305750 0.093773 0.125500
0 0.172356 0.371000 0.087397 0.115000
0 0.114779 0.475750 0.084021 0.107500
0 0.153413 0.611000 0.089272 0.114000
0 0.208177 0.510500 0.084021 0.113000
0 0.240998 0.652250 0.080645 0.108500
0 0.309827 0.744250 0.089272 0.103500
0 0.347712 0.801750 0.084771 0.098500
0 0.394036 0.750000 0.091148 0.104000
0 0.430608 0.810750 0.075019 0.097500
0 0.529632 0.837250 0.081770 0.092500
0 0.642348 0.843000 0.084396 0.088000
0 0.572206 0.731250 0.061890 0.079500
0 0.711365 0.797000 0.067142 0.103000
0 0.779070 0.734750 0.067517 0.103500
0 0.829145 0.661000 0.078395 0.103000
0 0.882971 0.625000 0.071268 0.098000
0 0.802701 0.438250 0.081020 0.096500
0 0.783196 0.540500 0.075769 0.108000
0 0.716429 0.609750 0.084021 0.112500
0 0.687172 0.718000 0.072018 0.101000
0 0.613278 0.615750 0.079520 0.099500
0 0.546137 0.707000 0.088522 0.113000
0 0.446549 0.647500 0.090398 0.106000
0 0.355026 0.628750 0.088147 0.095500
0 0.290323 0.554000 0.088522 0.117000
0 0.266692 0.419500 0.091523 0.110000
0 0.335709 0.369250 0.095274 0.122500
0 0.378470 0.232000 0.088522 0.121000
0 0.485371 0.228000 0.086272 0.116000
0 0.443548 0.334500 0.077644 0.119000
0 0.402101 0.432750 0.094524 0.114500
0 0.421043 0.549250 0.088897 0.109500
0 0.492686 0.534500 0.077644 0.082000
0 0.651538 0.537500 0.081770 0.100000
0 0.581958 0.509750 0.080645 0.121500
0 0.665041 0.448000 0.091523 0.112000
0 0.731995 0.460000 0.068642 0.111000
0 0.737622 0.343500 0.081395 0.095000
0 0.670105 0.304750 0.085896 0.105500
0 0.586647 0.252250 0.094524 0.124500
0 0.559827 0.369000 0.093398 0.123000
0 0.494749 0.446500 0.093023 0.111000
0 0.472243 0.725500 0.076519 0.086000