0 0.177044 0.308250 0.039010 0.053500
0 0.186797 0.350750 0.039010 0.050500
0 0.172356 0.392500 0.029632 0.052000
0 0.201050 0.395250 0.036009 0.052500
0 0.208927 0.435000 0.033758 0.045000
0 0.184734 0.451000 0.034884 0.050000
0 0.212678 0.482250 0.033008 0.054500
0 0.232558 0.425750 0.034509 0.047500
0 0.224119 0.374500 0.036384 0.060000
0 0.220555 0.324000 0.032258 0.052000
0 0.251688 0.320250 0.033008 0.055500
0 0.257877 0.375000 0.040885 0.053000
0 0.286572 0.333500 0.037509 0.056000
0 0.296699 0.273500 0.039010 0.055000
0 0.337584 0.259000 0.036759 0.047000
0 0.350150 0.282500 0.036384 0.055000
0 0.337584 0.330750 0.039760 0.056500
0 0.368717 0.342000 0.042011 0.059000
0 0.354089 0.382000 0.037509 0.055000
0 0.315079 0.376000 0.036009 0.055000
0 0.293698 0.413500 0.034509 0.056000
0 0.329332 0.430500 0.035259 0.058000
0 0.262378 0.423750 0.031883 0.051500
0 0.281133 0.457750 0.034134 0.052500
0 0.247187 0.470250 0.036009 0.048500
0 0.176294 0.522000 0.033758 0.046000
0 0.157539 0.557500 0.030758 0.047000
0 0.188672 0.564250 0.037509 0.045500
0 0.192423 0.607500 0.031508 0.040000
0 0.194486 0.646500 0.034884 0.038000
0 0.169917 0.678000 0.032258 0.043000
0 0.166729 0.723500 0.031133 0.049000
0 0.193361 0.720000 0.031883 0.049000
0 0.223931 0.725750 0.032258 0.043500
0 0.250188 0.720750 0.033008 0.046500
0 0.272506 0.754000 0.038635 0.052000
0 0.306452 0.763750 0.032258 0.047500
0 0.326332 0.733000 0.031508 0.049000
0 0.290323 0.718250 0.036759 0.045500
0 0.270443 0.680250 0.039010 0.045500
0 0.241185 0.661750 0.032258 0.046500
0 0.216992 0.674000 0.032633 0.044000
0 0.216992 0.626750 0.032633 0.043500
0 0.255814 0.606000 0.033758 0.049000
0 0.277194 0.636750 0.034509 0.051500
0 0.315641 0.664000 0.034884 0.045000
0 0.339835 0.693750 0.034509 0.047500
0 0.338335 0.651500 0.033758 0.048000
0 0.309077 0.623750 0.035259 0.048500
0 0.331583 0.587250 0.035259 0.051500
0 0.222806 0.580250 0.036009 0.045500
0 0.217367 0.532500 0.033383 0.050000
0 0.240623 0.551250 0.032633 0.049500
0 0.269692 0.564500 0.036009 0.048000
0 0.265566 0.513000 0.038260 0.048000
0 0.295199 0.509000 0.038260 0.049000
0 0.318830 0.486250 0.042761 0.051500
0 0.313016 0.547250 0.037134 0.048500
0 0.337397 0.539000 0.037134 0.055000
0 0.367217 0.568500 0.033008 0.053000
0 0.396474 0.569250 0.041260 0.049500
0 0.363653 0.618500 0.034884 0.051000
0 0.393098 0.631250 0.037509 0.054500
0 0.373218 0.673500 0.040510 0.050000
0 0.370968 0.716000 0.037509 0.044000
0 0.363091 0.746750 0.030758 0.044500
0 0.341523 0.779000 0.031883 0.046000
0 0.369280 0.799750 0.034134 0.046500
0 0.387284 0.766500 0.036384 0.050000
0 0.404539 0.729000 0.038635 0.049000
0 0.402101 0.823750 0.035259 0.048500
0 0.436984 0.831000 0.033758 0.049000
0 0.425356 0.785000 0.038260 0.048000
0 0.438297 0.752250 0.040885 0.048500
0 0.460990 0.799500 0.036009 0.049000
0 0.474681 0.839250 0.036384 0.045500
0 0.505626 0.806500 0.039760 0.046000
0 0.515754 0.833500 0.037509 0.042000
0 0.545386 0.819500 0.037509 0.046000
0 0.562453 0.846000 0.037134 0.044000
0 0.581395 0.816750 0.039760 0.048500
0 0.602963 0.841250 0.036384 0.035500
0 0.524194 0.778250 0.038635 0.047500
0 0.478245 0.747000 0.034509 0.044000
0 0.501688 0.726750 0.039385 0.050500
0 0.418792 0.671500 0.038635 0.050000
0 0.463803 0.691000 0.036384 0.051000
0 0.482558 0.680750 0.037884 0.051500
0 0.524756 0.685750 0.039010 0.054500
0 0.548012 0.722000 0.044261 0.045000
0 0.562828 0.766750 0.037884 0.051500
0 0.597712 0.761750 0.044636 0.054500
0 0.421418 0.600750 0.040135 0.050500
0 0.441673 0.635750 0.037884 0.052500
0 0.437922 0.544500 0.041635 0.055000
0 0.472618 0.580750 0.042761 0.057500
0 0.496249 0.619000 0.042761 0.053000
0 0.518567 0.586500 0.045386 0.050000
0 0.540135 0.639000 0.039760 0.058000
0 0.582521 0.621500 0.043511 0.055000
0 0.580458 0.690000 0.040135 0.054000
0 0.617779 0.659250 0.040510 0.056500
0 0.618530 0.708500 0.044261 0.047000
0 0.505064 0.534000 0.040885 0.053000
0 0.468305 0.504000 0.036384 0.051000
0 0.442798 0.481500 0.038635 0.056000
0 0.380345 0.434000 0.035259 0.044000
0 0.413541 0.438250 0.040135 0.051500
0 0.389347 0.394250 0.039010 0.054500
0 0.438297 0.390500 0.043136 0.055000
0 0.384659 0.234250 0.045386 0.058500
0 0.406039 0.289500 0.047637 0.059000
0 0.426294 0.338250 0.041635 0.051500
0 0.459302 0.356250 0.043136 0.054500
0 0.462116 0.296000 0.043511 0.055000
0 0.437922 0.242250 0.046887 0.062500
0 0.504689 0.208250 0.042386 0.061500
0 0.548762 0.186500 0.038260 0.062000
0 0.516129 0.275750 0.045011 0.057500
0 0.558140 0.270500 0.047262 0.057000
0 0.593586 0.304250 0.049137 0.054500
0 0.556639 0.330250 0.045011 0.055500
0 0.513128 0.339500 0.044261 0.058000
0 0.540510 0.381750 0.043511 0.061500
0 0.582333 0.377750 0.046887 0.061500
0 0.626219 0.345500 0.044636 0.061000
0 0.487247 0.391000 0.038260 0.057000
0 0.512753 0.422500 0.042011 0.058000
0 0.476557 0.436000 0.040135 0.051000
0 0.504876 0.470500 0.045761 0.053000
0 0.527944 0.512500 0.043136 0.057000
0 0.555889 0.435500 0.044261 0.054000
0 0.600150 0.423000 0.042761 0.050000
0 0.571455 0.490250 0.041635 0.062500
0 0.605026 0.514500 0.045011 0.059000
0 0.626969 0.463000 0.045386 0.049000
0 0.586834 0.563000 0.048387 0.059000
0 0.631658 0.560000 0.048012 0.052000
0 0.629407 0.605000 0.042011 0.047000
0 0.617404 0.815250 0.042011 0.044500
0 0.639535 0.870500 0.045761 0.042000
0 0.689797 0.888500 0.039760 0.045000
0 0.723368 0.879500 0.043886 0.048000
0 0.762566 0.868000 0.043511 0.049000
0 0.686422 0.847500 0.044261 0.048000
0 0.658477 0.810750 0.041635 0.043500
0 0.688297 0.779250 0.040510 0.050500
0 0.723931 0.811500 0.045761 0.052000
0 0.764441 0.798500 0.042761 0.052000
0 0.728620 0.770250 0.047637 0.054500
0 0.774194 0.752750 0.046512 0.052500
0 0.643098 0.757750 0.037884 0.053500
0 0.677419 0.730750 0.043511 0.048500
0 0.722243 0.693750 0.040135 0.044500
0 0.765379 0.695000 0.042386 0.050000
0 0.740623 0.659500 0.043136 0.056000
0 0.700863 0.666500 0.041635 0.058000
0 0.655289 0.679750 0.042011 0.049500
0 0.665604 0.629750 0.041635 0.053500
0 0.675169 0.564250 0.044261 0.056500
0 0.719805 0.586250 0.044261 0.064500
0 0.759377 0.566250 0.045386 0.058500
0 0.773068 0.605000 0.044261 0.055000
0 0.717179 0.526000 0.047262 0.063000
0 0.668792 0.509000 0.045761 0.054000
0 0.762378 0.505250 0.049137 0.061500
0 0.733496 0.459750 0.050638 0.064500
0 0.681733 0.453250 0.050638 0.064500
0 0.642348 0.404000 0.048387 0.070000
0 0.686047 0.383750 0.044261 0.053500
0 0.734621 0.400500 0.052138 0.056000
0 0.726182 0.348250 0.055514 0.060500
0 0.675356 0.330250 0.050638 0.062500
0 0.639535 0.249000 0.051013 0.067000