0 0.059265 0.711250 0.066017 0.075500
0 0.105964 0.751000 0.065641 0.062000
0 0.164479 0.736750 0.068642 0.060500
0 0.086459 0.652750 0.055889 0.069500
0 0.143286 0.661250 0.063766 0.071500
0 0.210990 0.676750 0.066392 0.070500
0 0.276069 0.684500 0.060765 0.068000
0 0.352588 0.682500 0.063766 0.078000
0 0.412978 0.696750 0.061515 0.076500
0 0.488747 0.723750 0.055514 0.075500
0 0.548200 0.753500 0.052138 0.070000
0 0.612153 0.792500 0.054764 0.069000
0 0.596399 0.696000 0.051763 0.073000
0 0.548387 0.665000 0.062266 0.064000
0 0.487247 0.655000 0.057764 0.077000
0 0.430233 0.629000 0.059265 0.073000
0 0.369655 0.605000 0.055139 0.070000
0 0.301200 0.626000 0.063016 0.071000
0 0.104276 0.588500 0.066017 0.059000
0 0.182858 0.600250 0.064141 0.068500
0 0.229557 0.564250 0.072768 0.079500
0 0.321268 0.551000 0.070143 0.082000
0 0.411853 0.555500 0.063766 0.077000
0 0.485934 0.576000 0.062641 0.081000
0 0.547074 0.595750 0.064891 0.080500
0 0.592086 0.557750 0.055889 0.080500
0 0.614591 0.495750 0.058890 0.092500
0 0.606152 0.401250 0.063766 0.092500
0 0.560953 0.452750 0.067892 0.083500
0 0.503563 0.414500 0.061140 0.081000
0 0.502251 0.493750 0.069017 0.086500
0 0.445049 0.495500 0.064891 0.077000
0 0.373781 0.500250 0.067142 0.076500
0 0.283946 0.487750 0.066767 0.073500
0 0.206114 0.482500 0.068642 0.079000
0 0.141410 0.509250 0.072768 0.082500
0 0.071268 0.522750 0.068267 0.080500
0 0.102213 0.405750 0.064141 0.086500
0 0.159415 0.395500 0.074269 0.090000
0 0.153226 0.273500 0.064891 0.096000
0 0.216804 0.314500 0.077269 0.098000
0 0.239685 0.408500 0.071268 0.090000
0 0.276632 0.247750 0.066392 0.096500
0 0.287884 0.335750 0.073893 0.104500
0 0.333083 0.423500 0.066767 0.090000
0 0.376969 0.354500 0.060015 0.082000
0 0.340960 0.281250 0.066017 0.094500
0 0.399287 0.235500 0.074644 0.105000
0 0.459677 0.182500 0.074644 0.111000
0 0.451425 0.292500 0.063391 0.084000
0 0.441298 0.390250 0.071643 0.088500
0 0.510315 0.255750 0.075394 0.098500
0 0.549700 0.332500 0.061890 0.097000
0 0.608777 0.300000 0.063766 0.091000
0 0.674606 0.257500 0.074644 0.094000
0 0.748875 0.231750 0.067892 0.097500
0 0.850525 0.258750 0.067892 0.084500
0 0.902288 0.237250 0.064141 0.088500
0 0.696737 0.327750 0.070143 0.084500
0 0.798762 0.332000 0.074644 0.091000
0 0.901913 0.332500 0.056639 0.084000
0 0.671605 0.421750 0.067142 0.091500
0 0.739685 0.408250 0.068267 0.086500
0 0.815454 0.389250 0.056264 0.079500
0 0.853526 0.447750 0.056639 0.076500
0 0.926669 0.431500 0.062641 0.081000
0 0.894786 0.516250 0.073143 0.076500
0 0.804201 0.506250 0.057764 0.073500
0 0.764816 0.468250 0.057764 0.079500
0 0.671043 0.523000 0.064516 0.069000
0 0.660728 0.582500 0.058890 0.076000
0 0.724869 0.543750 0.051388 0.080500
0 0.845461 0.588250 0.068267 0.074500
0 0.726557 0.616750 0.062266 0.080500
0 0.654351 0.677500 0.059640 0.077000
0 0.704051 0.695500 0.062266 0.068000