0 0.060203 0.554000 0.063391 0.078000
0 0.087397 0.375500 0.072018 0.078000
0 0.116654 0.457250 0.066017 0.079500
0 0.144786 0.564500 0.067517 0.077000
0 0.128657 0.626250 0.060765 0.068500
0 0.182296 0.622750 0.061515 0.068500
0 0.170480 0.683500 0.059640 0.063000
0 0.211740 0.557000 0.064141 0.070000
0 0.226744 0.490750 0.055889 0.084500
0 0.281883 0.519000 0.061140 0.076000
0 0.262941 0.454250 0.065266 0.073500
0 0.181358 0.422750 0.068642 0.078500
0 0.159602 0.347750 0.068642 0.085500
0 0.228432 0.337000 0.056264 0.093000
0 0.221680 0.241750 0.075019 0.080500
0 0.293511 0.291750 0.072393 0.084500
0 0.330645 0.376750 0.068642 0.075500
0 0.332521 0.453750 0.063391 0.078500
0 0.388597 0.445500 0.068267 0.081000
0 0.396662 0.355500 0.072393 0.089000
0 0.265004 0.172750 0.076894 0.096500
0 0.339272 0.226000 0.084396 0.088000
0 0.409227 0.264500 0.070518 0.105000
0 0.413916 0.161500 0.068642 0.104000
0 0.472056 0.233250 0.064141 0.090500
0 0.471305 0.319500 0.055139 0.097000
0 0.444674 0.414250 0.068642 0.080500
0 0.501313 0.435250 0.064141 0.072500
0 0.522318 0.372500 0.067142 0.082000
0 0.571268 0.395750 0.066767 0.072500
0 0.544636 0.263250 0.066017 0.102500
0 0.588335 0.325500 0.059640 0.087000
0 0.511253 0.158000 0.069767 0.089000
0 0.583646 0.174750 0.066017 0.089500
0 0.651913 0.155500 0.070518 0.106000
0 0.641035 0.241250 0.061515 0.096500
0 0.667104 0.326750 0.061890 0.091500
0 0.719992 0.251500 0.064141 0.100000
0 0.778695 0.271750 0.060765 0.097500
0 0.730120 0.355250 0.055139 0.095500
0 0.846587 0.311000 0.069767 0.089000
0 0.655664 0.438250 0.066017 0.080500
0 0.625469 0.492000 0.052138 0.070000
0 0.570893 0.467750 0.057014 0.077500
0 0.449925 0.509000 0.055889 0.082000
0 0.382221 0.524000 0.061515 0.071000
0 0.412416 0.566750 0.053638 0.079500
0 0.339835 0.562250 0.065266 0.078500
0 0.265754 0.610750 0.059640 0.078500
0 0.321643 0.631750 0.061140 0.077500
0 0.302513 0.686500 0.063391 0.064000
0 0.258815 0.719250 0.051763 0.063500
0 0.237059 0.764000 0.060765 0.064000
0 0.313391 0.750000 0.055889 0.063000
0 0.366842 0.731250 0.051013 0.061500
0 0.417104 0.718500 0.051763 0.065000
0 0.425731 0.758750 0.054014 0.049500
0 0.403788 0.648500 0.052138 0.065000
0 0.456864 0.627500 0.055514 0.064000
0 0.472993 0.669750 0.053263 0.070500
0 0.510315 0.613750 0.049887 0.074500
0 0.526632 0.682000 0.057014 0.066000
0 0.519692 0.722750 0.057389 0.054500
0 0.570330 0.715500 0.052138 0.059000
0 0.578582 0.754750 0.046887 0.055500
0 0.583646 0.804250 0.051763 0.062500
0 0.540510 0.821500 0.043511 0.054000
0 0.501125 0.794000 0.051763 0.071000
0 0.464366 0.807000 0.048762 0.054000
0 0.428357 0.843250 0.054014 0.061500
0 0.374906 0.813250 0.050638 0.073500
0 0.632783 0.801250 0.054014 0.059500
0 0.650788 0.741500 0.054014 0.055000
0 0.676669 0.769750 0.051763 0.061500
0 0.617967 0.675250 0.058890 0.055500
0 0.572956 0.617250 0.049137 0.067500
0 0.533758 0.534750 0.053263 0.078500
0 0.602026 0.561250 0.048762 0.066500
0 0.641410 0.617000 0.048012 0.070000
0 0.668417 0.554000 0.055514 0.059000
0 0.693361 0.484000 0.055889 0.071000
0 0.730308 0.533750 0.048762 0.073500
0 0.762941 0.570250 0.057764 0.074500
0 0.755814 0.453250 0.063016 0.084500
0 0.783758 0.482750 0.059640 0.068500
0 0.806264 0.405750 0.059640 0.078500
0 0.897412 0.393500 0.067892 0.083000
0 0.939422 0.428000 0.058140 0.082000
0 0.880908 0.490000 0.058890 0.076000
0 0.877532 0.537000 0.049887 0.061000
0 0.829332 0.531000 0.051763 0.071000
0 0.819017 0.607500 0.059640 0.058000
0 0.869280 0.607250 0.047637 0.073500
0 0.927607 0.653500 0.054014 0.068000
0 0.925356 0.583000 0.051763 0.076000
0 0.940548 0.508000 0.058890 0.076000
0 0.826707 0.669750 0.051763 0.061500
0 0.712866 0.616750 0.055139 0.056500
0 0.746999 0.645750 0.058890 0.063500
0 0.747749 0.709000 0.046887 0.060000
0 0.681733 0.701000 0.046887 0.081000
0 0.698237 0.716750 0.047637 0.052500
0 0.726744 0.743250 0.043136 0.044500
0 0.781883 0.763250 0.050638 0.043500
0 0.801575 0.723500 0.051763 0.058000
0 0.854464 0.752250 0.052513 0.055500