0 0.197862 0.404250 0.033383 0.035500
0 0.191860 0.427750 0.028132 0.035500
0 0.192986 0.462750 0.032633 0.038500
0 0.238560 0.394750 0.030008 0.041500
0 0.248875 0.443250 0.027382 0.040500
0 0.263691 0.426500 0.028507 0.038000
0 0.223181 0.484250 0.029257 0.039500
0 0.216992 0.519000 0.026632 0.038000
0 0.240998 0.550000 0.026632 0.041000
0 0.256377 0.525500 0.028882 0.039000
0 0.257502 0.559500 0.031883 0.036000
0 0.276069 0.484500 0.018755 0.023000
0 0.276257 0.458750 0.029632 0.037500
0 0.284134 0.499500 0.029632 0.043000
0 0.296699 0.517500 0.026257 0.042000
0 0.302701 0.553000 0.028507 0.034000
0 0.294074 0.594000 0.030758 0.037000
0 0.276257 0.609250 0.030383 0.040500
0 0.283571 0.642000 0.030758 0.044000
0 0.301200 0.678750 0.025506 0.039500
0 0.315829 0.708250 0.031508 0.043500
0 0.319580 0.662750 0.030758 0.043500
0 0.319767 0.624000 0.028132 0.040000
0 0.340960 0.694750 0.030758 0.040500
0 0.346399 0.647500 0.028882 0.042000
0 0.360465 0.724000 0.028507 0.043000
0 0.373218 0.680250 0.027757 0.045500
0 0.391223 0.709250 0.031508 0.042500
0 0.388597 0.755000 0.031508 0.037000
0 0.326144 0.559000 0.028132 0.041000
0 0.350150 0.560250 0.025881 0.041500
0 0.346962 0.594000 0.027757 0.040000
0 0.361028 0.605750 0.031133 0.041500
0 0.374344 0.637500 0.030008 0.041000
0 0.326707 0.524000 0.030758 0.040000
0 0.355214 0.522500 0.032258 0.041000
0 0.370780 0.556250 0.031133 0.039500
0 0.302138 0.383750 0.025131 0.036500
0 0.294636 0.415250 0.030383 0.032500
0 0.296137 0.449500 0.028882 0.039000
0 0.331208 0.380000 0.030758 0.035000
0 0.350900 0.391500 0.024381 0.039000
0 0.331020 0.419000 0.024381 0.036000
0 0.339835 0.449750 0.030008 0.040500
0 0.320518 0.479000 0.029632 0.034000
0 0.354651 0.486000 0.028882 0.038000
0 0.387284 0.599000 0.029632 0.045000
0 0.403976 0.634500 0.031508 0.042000
0 0.409977 0.675750 0.030008 0.042500
0 0.418792 0.720750 0.031883 0.039500
0 0.422543 0.760500 0.031133 0.044000
0 0.459490 0.730500 0.030758 0.042000
0 0.448987 0.688000 0.030008 0.048000
0 0.437359 0.641500 0.028507 0.046000
0 0.422543 0.592000 0.033383 0.043000
0 0.408665 0.550750 0.030383 0.035500
0 0.396287 0.521750 0.034884 0.040500
0 0.386534 0.488250 0.035634 0.043500
0 0.379407 0.445750 0.031883 0.036500
0 0.379782 0.378750 0.030383 0.041500
0 0.361965 0.337500 0.029257 0.039000
0 0.390473 0.348000 0.029257 0.034000
0 0.424794 0.335750 0.030383 0.036500
0 0.414666 0.372500 0.030383 0.039000
0 0.408852 0.415000 0.030758 0.038000
0 0.408665 0.443750 0.030383 0.045500
0 0.423668 0.489250 0.032633 0.042500
0 0.434921 0.532500 0.032633 0.039000
0 0.439610 0.565750 0.032258 0.041500
0 0.457052 0.610000 0.031133 0.043000
0 0.484059 0.655000 0.034884 0.048000
0 0.476932 0.706500 0.031883 0.047000
0 0.488747 0.739250 0.030008 0.042500
0 0.521568 0.747000 0.030383 0.045000
0 0.511628 0.712750 0.031508 0.042500
0 0.512003 0.660000 0.029257 0.049000
0 0.487997 0.617250 0.033758 0.046500
0 0.473181 0.579500 0.032633 0.045000
0 0.461178 0.533500 0.031133 0.044000
0 0.453113 0.492500 0.030758 0.041000
0 0.436609 0.450500 0.031508 0.044000
0 0.437734 0.409750 0.029257 0.045500
0 0.446549 0.377500 0.031133 0.043000
0 0.466054 0.404750 0.031133 0.039500
0 0.473368 0.350000 0.024006 0.037000
0 0.488747 0.359750 0.027757 0.033500
0 0.490060 0.389250 0.032633 0.039500
0 0.470743 0.443750 0.030008 0.039500
0 0.496999 0.459750 0.030008 0.044500
0 0.479932 0.494000 0.031883 0.043000
0 0.496062 0.553000 0.030383 0.045000
0 0.508815 0.588250 0.034884 0.039500
0 0.516692 0.528500 0.031883 0.042000
0 0.522131 0.489750 0.027757 0.041500
0 0.539760 0.556250 0.032258 0.039500
0 0.539947 0.595250 0.034884 0.042500
0 0.527194 0.625250 0.036384 0.040500
0 0.558890 0.623000 0.027757 0.050000
0 0.545011 0.657750 0.031508 0.045500
0 0.539385 0.699750 0.033758 0.040500
0 0.547824 0.734000 0.032633 0.041000
0 0.517442 0.339500 0.030383 0.030000
0 0.514441 0.362000 0.034134 0.039000
0 0.524194 0.394250 0.032633 0.042500
0 0.540698 0.325750 0.028882 0.040500
0 0.551013 0.378750 0.033008 0.040500
0 0.547074 0.417000 0.032633 0.043000
0 0.575769 0.405000 0.034509 0.043000
0 0.579895 0.358000 0.033758 0.039000
0 0.588147 0.330250 0.033758 0.045500
0 0.544636 0.460500 0.030758 0.044000
0 0.575769 0.449250 0.030008 0.044500
0 0.557952 0.496250 0.033383 0.038500
0 0.613653 0.369750 0.030008 0.045500
0 0.625094 0.350000 0.028132 0.039000
0 0.607464 0.426000 0.025881 0.046000
0 0.599775 0.466500 0.032258 0.043000
0 0.603901 0.507000 0.037509 0.046000
0 0.568267 0.541000 0.032258 0.044000
0 0.571643 0.582000 0.027757 0.044000
0 0.599962 0.548250 0.029632 0.044500
0 0.604089 0.585750 0.034134 0.040500
0 0.599212 0.625750 0.033383 0.043500
0 0.587584 0.664000 0.030383 0.044000
0 0.571080 0.699500 0.033383 0.044000
0 0.578770 0.737500 0.031508 0.041000
0 0.606714 0.704250 0.031133 0.044500
0 0.622656 0.736000 0.032258 0.047000
0 0.633908 0.694750 0.029257 0.041500
0 0.652663 0.727000 0.032258 0.044000
0 0.622656 0.661250 0.034509 0.036500
0 0.624906 0.618000 0.032258 0.042000
0 0.630720 0.576750 0.027382 0.045500
0 0.653226 0.643250 0.032633 0.053500
0 0.664104 0.680750 0.034134 0.041500
0 0.682671 0.714250 0.035259 0.047500
0 0.690923 0.674500 0.029257 0.048000
0 0.713241 0.714500 0.036384 0.046000
0 0.743811 0.730250 0.033758 0.042500
0 0.659602 0.602750 0.033383 0.045500
0 0.688110 0.628500 0.032633 0.047000
0 0.718305 0.638500 0.031508 0.046000
0 0.735934 0.683000 0.037509 0.044000
0 0.686234 0.586750 0.035634 0.044500
0 0.637472 0.527750 0.033383 0.036500
0 0.629595 0.492750 0.035634 0.042500
0 0.627157 0.456250 0.031508 0.043500
0 0.631845 0.421750 0.030383 0.040500
0 0.647037 0.390250 0.030008 0.039500
0 0.672731 0.342250 0.034884 0.042500
0 0.679295 0.391000 0.034509 0.043000
0 0.660728 0.437250 0.031883 0.041500
0 0.688297 0.432500 0.033008 0.040000
0 0.701425 0.368000 0.030758 0.041000
0 0.709677 0.394500 0.031508 0.046000
0 0.737059 0.368750 0.033008 0.042500
0 0.719242 0.438250 0.032633 0.040500
0 0.753751 0.434750 0.034884 0.042500
0 0.786947 0.426500 0.032258 0.046000
0 0.829895 0.415750 0.034134 0.042500
0 0.683983 0.473250 0.030383 0.043500
0 0.665416 0.507750 0.034509 0.040500
0 0.694111 0.511250 0.030383 0.041500
0 0.677607 0.545000 0.032633 0.041000
0 0.707989 0.545250 0.030383 0.044500
0 0.721305 0.580000 0.037509 0.044000
0 0.772318 0.462750 0.032258 0.042500
0 0.801763 0.467500 0.030383 0.041000
0 0.830270 0.453250 0.035634 0.038500
0 0.842648 0.495250 0.034134 0.045500
0 0.755064 0.492250 0.030758 0.046500
0 0.734809 0.514000 0.036009 0.045000
0 0.781883 0.508250 0.029632 0.045500
0 0.762941 0.540500 0.036009 0.040000
0 0.818080 0.537250 0.032258 0.043500
0 0.787697 0.562250 0.030758 0.042500
0 0.754689 0.573000 0.033758 0.042000
0 0.749812 0.618500 0.029257 0.043000
0 0.777007 0.595750 0.034134 0.042500
0 0.828207 0.589000 0.032258 0.043000
0 0.804389 0.628500 0.033383 0.041000
0 0.765941 0.663000 0.033758 0.044000