0 0.521137 0.069250 0.050131 0.063500
0 0.473999 0.098500 0.047138 0.058000
0 0.456042 0.153500 0.045642 0.059000
0 0.422746 0.183500 0.047886 0.073000
0 0.399177 0.260000 0.043397 0.065000
0 0.387392 0.339250 0.041526 0.062500
0 0.436962 0.304750 0.045642 0.071500
0 0.477553 0.277000 0.043023 0.062000
0 0.550505 0.118000 0.036289 0.067000
0 0.507295 0.156250 0.047138 0.059500
0 0.473251 0.211750 0.040404 0.068500
0 0.445567 0.236250 0.045642 0.065500
0 0.518519 0.239500 0.044893 0.058000
0 0.554433 0.223250 0.036663 0.067500
0 0.569024 0.281750 0.035166 0.065500
0 0.536289 0.301500 0.036289 0.064000
0 0.517022 0.330250 0.043397 0.056500
0 0.461279 0.350250 0.044893 0.054500
0 0.426861 0.373750 0.042649 0.069500
0 0.373550 0.404250 0.046016 0.051500
0 0.456229 0.426500 0.040778 0.056000
0 0.495324 0.390750 0.041152 0.055500
0 0.540030 0.374750 0.038533 0.062500
0 0.573887 0.355000 0.035915 0.061000
0 0.569959 0.428000 0.038533 0.061000
0 0.534792 0.462500 0.037785 0.061000
0 0.490647 0.452000 0.040778 0.052000
0 0.406659 0.439000 0.040404 0.052000
0 0.365694 0.481250 0.041526 0.058500
0 0.407220 0.510750 0.039282 0.065500
0 0.447437 0.483000 0.044145 0.053000
0 0.489151 0.515000 0.040778 0.057000
0 0.531799 0.518750 0.035541 0.052500
0 0.566218 0.540500 0.034044 0.052000
0 0.536289 0.577500 0.038533 0.047000
0 0.504676 0.570000 0.038908 0.059000
0 0.438272 0.569750 0.041526 0.053500
0 0.397868 0.570500 0.045267 0.060000
0 0.349607 0.581250 0.038533 0.056500
0 0.343621 0.652250 0.049009 0.058500
0 0.401983 0.662750 0.037785 0.057500
0 0.434905 0.620750 0.037785 0.049500
0 0.469884 0.609500 0.028432 0.060000
0 0.510849 0.629750 0.038533 0.057500
0 0.558174 0.616500 0.039656 0.058000
0 0.569772 0.678250 0.038159 0.052500
0 0.531425 0.657750 0.036289 0.056500
0 0.487280 0.673750 0.038533 0.044500
0 0.442200 0.687250 0.035166 0.065500
0 0.409091 0.722000 0.036289 0.055000
0 0.368313 0.734000 0.030303 0.052000
0 0.452301 0.730000 0.035915 0.051000
0 0.494949 0.728250 0.035166 0.056500
0 0.533670 0.720500 0.043771 0.056000
0 0.586046 0.770250 0.037037 0.055500
0 0.549944 0.769750 0.033670 0.051500
0 0.510475 0.772500 0.036289 0.051000
0 0.476244 0.790750 0.044893 0.053500
0 0.435840 0.818000 0.039656 0.052000
0 0.405724 0.783750 0.044519 0.047500
0 0.393565 0.841750 0.042649 0.056500
0 0.494388 0.825500 0.040030 0.047000
0 0.537598 0.813000 0.032174 0.049000
0 0.575945 0.819000 0.036289 0.050000
0 0.583988 0.874750 0.032922 0.055500
0 0.536476 0.850750 0.029181 0.047500
0 0.511785 0.875500 0.037411 0.057000
0 0.459783 0.880000 0.035915 0.063000
0 0.418444 0.904750 0.045267 0.058500
0 0.446876 0.940750 0.037037 0.059500
0 0.487467 0.925500 0.041900 0.053000
0 0.517583 0.914250 0.032548 0.041500
0 0.562103 0.922500 0.027310 0.052000
0 0.535354 0.959750 0.035915 0.044500
0 0.486719 0.972000 0.036663 0.050000
0 0.615600 0.884250 0.034044 0.046500
0 0.620651 0.819750 0.030677 0.056500
0 0.643098 0.847250 0.038159 0.044500
0 0.671156 0.812500 0.038159 0.047000
0 0.589226 0.716000 0.036663 0.049000
0 0.614291 0.738250 0.035915 0.056500
0 0.671156 0.768000 0.033670 0.056000
0 0.702020 0.769000 0.036289 0.048000
0 0.622896 0.688250 0.033670 0.059500
0 0.656379 0.708750 0.035541 0.060500
0 0.693603 0.713250 0.032174 0.056500
0 0.586046 0.637000 0.037037 0.053000
0 0.651515 0.648500 0.035541 0.054000
0 0.685185 0.664250 0.034044 0.050500
0 0.729143 0.698750 0.036663 0.047500
0 0.767303 0.677500 0.039656 0.043000
0 0.793116 0.643250 0.032922 0.036500
0 0.713431 0.652000 0.033670 0.036000
0 0.734568 0.631000 0.032548 0.043000
0 0.630752 0.612250 0.032922 0.050500
0 0.599701 0.588500 0.032922 0.061000
0 0.677703 0.600000 0.043771 0.049000
0 0.694725 0.613000 0.035915 0.051000
0 0.786569 0.610000 0.033296 0.051000
0 0.775907 0.565000 0.032922 0.047000
0 0.738122 0.551250 0.035166 0.053500
0 0.697905 0.566750 0.037037 0.055500
0 0.633184 0.555250 0.037037 0.051500
0 0.610363 0.522000 0.037037 0.046000
0 0.667415 0.524500 0.031425 0.053000
0 0.705200 0.508250 0.028432 0.057500
0 0.744108 0.496000 0.038159 0.046000
0 0.778713 0.510000 0.036289 0.056000
0 0.797606 0.463500 0.035915 0.057000
0 0.757950 0.449750 0.031425 0.052500
0 0.735877 0.452500 0.035915 0.055000
0 0.682005 0.466750 0.038159 0.050500
0 0.646839 0.489250 0.032922 0.056500
0 0.615975 0.456250 0.040778 0.051500
0 0.599327 0.401500 0.041900 0.059000
0 0.658436 0.434000 0.033670 0.056000
0 0.697157 0.415000 0.035541 0.059000
0 0.731201 0.399500 0.034792 0.049000
0 0.793490 0.409000 0.030677 0.057000
0 0.763562 0.368000 0.035166 0.049000
0 0.777965 0.317250 0.027310 0.059500
0 0.761691 0.270500 0.034418 0.047000
0 0.754957 0.327000 0.029929 0.061000
0 0.711186 0.355000 0.039656 0.059000
0 0.674523 0.373500 0.039656 0.051000
0 0.639731 0.365000 0.038908 0.061000
0 0.604564 0.313000 0.036663 0.059000
0 0.656566 0.299000 0.042649 0.059000
0 0.691545 0.306000 0.037037 0.061000
0 0.723906 0.270000 0.034418 0.064000
0 0.641227 0.238250 0.040404 0.054500
0 0.688552 0.248000 0.043771 0.062000
0 0.605874 0.198500 0.037037 0.064000
0 0.659746 0.181500 0.037037 0.058000
0 0.693042 0.174250 0.034044 0.064500
0 0.722409 0.210250 0.035166 0.060500
0 0.780022 0.224750 0.031425 0.056500
0 0.747288 0.192000 0.037037 0.060000
0 0.729704 0.153500 0.034044 0.059000
0 0.708941 0.099750 0.045642 0.063500
0 0.650767 0.081750 0.038533 0.061500
0 0.626450 0.133250 0.040778 0.056500
0 0.584736 0.144500 0.043397 0.069000
0 0.574822 0.061500 0.044519 0.062000
0 0.619342 0.071500 0.044519 0.061000
0 0.804153 0.268750 0.037037 0.056500
0 0.817808 0.311000 0.038908 0.056000
0 0.803966 0.361000 0.038908 0.054000
0 0.848298 0.350750 0.034044 0.051500
0 0.857464 0.398000 0.038908 0.054000
0 0.819678 0.406500 0.034418 0.055000
0 0.822110 0.453500 0.034792 0.051000
0 0.867752 0.445750 0.033296 0.051500
0 0.832024 0.506500 0.035166 0.052000
0 0.871867 0.517500 0.032548 0.053000
0 0.805649 0.530000 0.031051 0.054000
0 0.841190 0.552250 0.031799 0.040500
0 0.821362 0.583500 0.032548 0.048000