0 0.156227 0.127250 0.063391 0.095500
0 0.224494 0.139250 0.073143 0.107500
0 0.224869 0.075500 0.064891 0.074000
0 0.280570 0.039000 0.066017 0.077000
0 0.347337 0.114500 0.064516 0.096000
0 0.405289 0.153250 0.076894 0.096500
0 0.428732 0.042000 0.057014 0.082000
0 0.456677 0.081000 0.073143 0.104000
0 0.519130 0.114500 0.060765 0.099000
0 0.521943 0.214750 0.073143 0.108500
0 0.592273 0.156500 0.075019 0.101000
0 0.602401 0.063250 0.076519 0.095500
0 0.651350 0.130250 0.060390 0.091500
0 0.665416 0.229750 0.061515 0.100500
0 0.143473 0.240500 0.063391 0.083000
0 0.198612 0.232750 0.061890 0.098500
0 0.173856 0.321750 0.071643 0.086500
0 0.142161 0.377500 0.057014 0.089000
0 0.197862 0.408000 0.063391 0.093000
0 0.258065 0.360500 0.066017 0.094000
0 0.312266 0.425000 0.067892 0.088000
0 0.326519 0.498750 0.060390 0.085500
0 0.174231 0.463500 0.058140 0.083000
0 0.222431 0.523750 0.056264 0.082500
0 0.193923 0.537000 0.049512 0.078000
0 0.248500 0.578750 0.059640 0.068500
0 0.298575 0.555250 0.058515 0.071500
0 0.295011 0.664500 0.061890 0.074000
0 0.239122 0.643250 0.059640 0.075500
0 0.183608 0.599000 0.047637 0.071000
0 0.132408 0.544750 0.057764 0.074500
0 0.105026 0.572000 0.056264 0.077000
0 0.051763 0.512500 0.057764 0.087000
0 0.041260 0.628000 0.059265 0.071000
0 0.075394 0.673500 0.060765 0.076000
0 0.146287 0.675750 0.062266 0.071500
0 0.083271 0.720750 0.063766 0.060500
0 0.122093 0.759250 0.046137 0.056500
0 0.145536 0.749750 0.059265 0.059500
0 0.145161 0.825750 0.048012 0.069500
0 0.224681 0.778500 0.061515 0.062000
0 0.301575 0.740750 0.054014 0.057500
0 0.351275 0.706000 0.049137 0.061000
0 0.359527 0.666250 0.051388 0.061500
0 0.404164 0.666250 0.051388 0.066500
0 0.365529 0.614250 0.056639 0.062500
0 0.382221 0.570500 0.060015 0.067000
0 0.390848 0.515000 0.057014 0.080000
0 0.375469 0.795250 0.051763 0.073500
0 0.391785 0.270250 0.070893 0.086500
0 0.349775 0.361500 0.066392 0.085000
0 0.430233 0.351500 0.071268 0.100000
0 0.482933 0.402750 0.068642 0.093500
0 0.437547 0.472000 0.061140 0.098000
0 0.485746 0.538000 0.061515 0.094000
0 0.437547 0.594000 0.066392 0.080000
0 0.438110 0.645750 0.059265 0.070500
0 0.491185 0.639250 0.065641 0.074500
0 0.496437 0.713500 0.056639 0.079000
0 0.495499 0.755500 0.057014 0.062000
0 0.446549 0.731250 0.052138 0.060500
0 0.455739 0.267000 0.058515 0.100000
0 0.523256 0.320000 0.071268 0.078000
0 0.582333 0.264000 0.076894 0.105000
0 0.615341 0.355250 0.076894 0.090500
0 0.547074 0.400500 0.067142 0.082000
0 0.521568 0.486750 0.058140 0.078500
0 0.584209 0.547250 0.061890 0.077500
0 0.638597 0.490500 0.070143 0.086000
0 0.682483 0.525000 0.064141 0.068000
0 0.738185 0.540500 0.049512 0.060000
0 0.682483 0.425500 0.061140 0.074000
0 0.556452 0.717500 0.065641 0.073000
0 0.559452 0.757750 0.058890 0.048500
0 0.614966 0.736500 0.062641 0.064000
0 0.672731 0.769500 0.057389 0.068000
0 0.605589 0.670250 0.060390 0.077500
0 0.659415 0.635750 0.069767 0.072500
0 0.673481 0.689000 0.055889 0.058000
0 0.724869 0.656500 0.066392 0.074000
0 0.781883 0.685750 0.065641 0.080500
0 0.745124 0.751500 0.070893 0.075000
0 0.734809 0.468500 0.063016 0.078000
0 0.799700 0.501000 0.063766 0.066000
0 0.701800 0.359250 0.076519 0.085500
0 0.746437 0.387000 0.056264 0.094000
0 0.787509 0.426750 0.063391 0.084500
0 0.716054 0.280750 0.078770 0.085500
0 0.736497 0.142000 0.083646 0.110000
0 0.787884 0.168250 0.063391 0.098500
0 0.798762 0.275250 0.066392 0.097500
0 0.840773 0.354250 0.086647 0.106500
0 0.891785 0.363750 0.056639 0.096500
0 0.924981 0.427250 0.063016 0.084500
0 0.855214 0.439000 0.072768 0.080000
0 0.879032 0.528500 0.069392 0.081000
0 0.841148 0.608750 0.074644 0.092500
0 0.963991 0.278500 0.071268 0.100000
0 0.967929 0.356250 0.063391 0.088500
0 0.867217 0.249000 0.078770 0.095000
0 0.896287 0.091750 0.078395 0.119500
0 0.939235 0.147500 0.065266 0.102000
0 0.795199 0.061500 0.084021 0.105000
0 0.723368 0.048750 0.097899 0.094500