0 0.788635 0.557750 0.055889 0.084500
0 0.785821 0.632250 0.051013 0.085500
0 0.762378 0.703750 0.054389 0.086500
0 0.738185 0.780500 0.058515 0.095000
0 0.690735 0.870000 0.059640 0.087000
0 0.649662 0.825500 0.055514 0.099000
0 0.684734 0.752500 0.062641 0.080000
0 0.722806 0.661250 0.053263 0.088500
0 0.735559 0.572000 0.057014 0.088000
0 0.746437 0.498000 0.037509 0.063000
0 0.736872 0.335500 0.043886 0.091000
0 0.739872 0.428250 0.052888 0.094500
0 0.715304 0.513000 0.053263 0.090000
0 0.694674 0.606750 0.054014 0.083500
0 0.673481 0.674250 0.058890 0.088500
0 0.691110 0.259250 0.058140 0.091500
0 0.690360 0.410250 0.049887 0.097500
0 0.661853 0.496500 0.055889 0.099000
0 0.617404 0.573000 0.056264 0.076000
0 0.602588 0.642000 0.042386 0.091000
0 0.559265 0.696500 0.064516 0.087000
0 0.563391 0.785250 0.075769 0.092500
0 0.600713 0.500000 0.064891 0.076000
0 0.625656 0.412000 0.057764 0.092000
0 0.665979 0.340750 0.061890 0.089500
0 0.623218 0.203500 0.060390 0.080000
0 0.596212 0.275750 0.055889 0.081500
0 0.577269 0.352250 0.057014 0.097500
0 0.539760 0.433500 0.065266 0.086000
0 0.522506 0.518250 0.063766 0.089500
0 0.535259 0.602250 0.069017 0.086500
0 0.476182 0.682750 0.075394 0.085500
0 0.418980 0.648500 0.067517 0.104000
0 0.460240 0.593500 0.063766 0.105000
0 0.460615 0.486000 0.069767 0.089000
0 0.474494 0.395500 0.066017 0.090000
0 0.514629 0.325250 0.066767 0.094500
0 0.515004 0.256000 0.060765 0.081000
0 0.553076 0.162000 0.067892 0.083000
0 0.477682 0.145000 0.063391 0.079000
0 0.461928 0.197500 0.070893 0.089000
0 0.451800 0.310250 0.063391 0.097500
0 0.405851 0.454000 0.074269 0.092000
0 0.401725 0.551750 0.069017 0.084500
0 0.344711 0.618250 0.075019 0.101500
0 0.320330 0.506000 0.072018 0.102000
0 0.330458 0.420250 0.069767 0.110500
0 0.386722 0.353000 0.071268 0.102000
0 0.384471 0.249000 0.072768 0.100000
0 0.395724 0.161750 0.080270 0.090500
0 0.408852 0.101750 0.063016 0.092500
0 0.346399 0.100500 0.068642 0.079000
0 0.322768 0.184000 0.067892 0.099000
0 0.325581 0.303500 0.079520 0.105000
0 0.260315 0.571250 0.069767 0.099500
0 0.247749 0.467250 0.075394 0.102500
0 0.259752 0.351500 0.070893 0.102000
0 0.256752 0.247500 0.079895 0.105000
0 0.273068 0.108750 0.069017 0.100500
0 0.209865 0.162250 0.071643 0.102500
0 0.178920 0.276000 0.078020 0.092000
0 0.186422 0.397750 0.080270 0.099500