0 0.117404 0.834500 0.025506 0.040000
0 0.157727 0.840750 0.032633 0.039500
0 0.179107 0.801750 0.040135 0.039500
0 0.146662 0.787750 0.030008 0.035500
0 0.169917 0.759250 0.036009 0.042500
0 0.141035 0.732250 0.034509 0.041500
0 0.176669 0.698500 0.036009 0.040000
0 0.111590 0.695500 0.037884 0.042000
0 0.135221 0.647250 0.034134 0.038500
0 0.163916 0.656250 0.034509 0.036500
0 0.186047 0.884250 0.030008 0.041500
0 0.213428 0.889000 0.032258 0.036000
0 0.221305 0.915750 0.030008 0.043500
0 0.247749 0.932500 0.030383 0.041000
0 0.279257 0.915750 0.034134 0.037500
0 0.262378 0.908750 0.015379 0.037500
0 0.247937 0.870250 0.036009 0.040500
0 0.277757 0.853500 0.030383 0.043000
0 0.298012 0.834500 0.033383 0.044000
0 0.268755 0.796500 0.034884 0.048000
0 0.225806 0.767250 0.033758 0.045500
0 0.219617 0.722500 0.028132 0.039000
0 0.240810 0.725750 0.036759 0.043500
0 0.272318 0.751750 0.034509 0.039500
0 0.298762 0.779000 0.034884 0.046000
0 0.335521 0.793500 0.031883 0.046000
0 0.333833 0.829750 0.027757 0.039500
0 0.339647 0.908750 0.034884 0.046500
0 0.364404 0.883250 0.037134 0.049500
0 0.399475 0.893500 0.024006 0.043000
0 0.413728 0.892500 0.033758 0.043000
0 0.452363 0.879500 0.030008 0.062000
0 0.472618 0.860000 0.036009 0.038000
0 0.491748 0.870500 0.033758 0.042000
0 0.486122 0.834250 0.036759 0.048500
0 0.455926 0.802500 0.037884 0.041000
0 0.442423 0.820500 0.039385 0.036000
0 0.388785 0.831000 0.035634 0.038000
0 0.364216 0.820250 0.033008 0.044500
0 0.388035 0.797000 0.034884 0.052000
0 0.395161 0.757250 0.033383 0.046500
0 0.362903 0.757500 0.034884 0.043000
0 0.348650 0.736250 0.033383 0.047500
0 0.424794 0.760750 0.026632 0.039500
0 0.439047 0.729500 0.028132 0.040000
0 0.416542 0.716250 0.038635 0.044500
0 0.391410 0.696750 0.030383 0.041500
0 0.392348 0.665250 0.035259 0.048500
0 0.365904 0.672750 0.034134 0.044500
0 0.296324 0.712500 0.035259 0.044000
0 0.332896 0.675000 0.036384 0.044000
0 0.365341 0.634750 0.036759 0.046500
0 0.274006 0.669000 0.042386 0.037000
0 0.212491 0.684750 0.037134 0.039500
0 0.206489 0.644000 0.034134 0.033000
0 0.239122 0.646000 0.035634 0.038000
0 0.194299 0.609250 0.038260 0.043500
0 0.234809 0.599500 0.036009 0.037000
0 0.218867 0.558500 0.036384 0.041000
0 0.191298 0.560500 0.029257 0.046000
0 0.149475 0.595000 0.041635 0.033000
0 0.122468 0.558500 0.031133 0.042000
0 0.219055 0.512500 0.032258 0.043000
0 0.262378 0.557750 0.030383 0.042500
0 0.255814 0.517000 0.033758 0.035000
0 0.249437 0.479000 0.033758 0.050000
0 0.218305 0.472000 0.034509 0.040000
0 0.231808 0.437750 0.035259 0.049500
0 0.241373 0.394250 0.039385 0.047500
0 0.293511 0.362000 0.037884 0.041000
0 0.315079 0.331500 0.041260 0.054000
0 0.325769 0.289500 0.040885 0.046000
0 0.363653 0.288500 0.031133 0.050000
0 0.390848 0.263750 0.031508 0.056500
0 0.353901 0.338000 0.031883 0.056000
0 0.385784 0.331000 0.039385 0.056000
0 0.289197 0.430000 0.034509 0.050000
0 0.322768 0.413250 0.037134 0.057500
0 0.362903 0.397750 0.040885 0.049500
0 0.357839 0.433500 0.036009 0.039000
0 0.325019 0.457000 0.044636 0.038000
0 0.285821 0.479750 0.033008 0.048500
0 0.289760 0.525000 0.036384 0.047000
0 0.322956 0.494750 0.036759 0.044500
0 0.365529 0.484750 0.033383 0.052500
0 0.292761 0.575750 0.033383 0.044500
0 0.327644 0.586500 0.037884 0.044000
0 0.303826 0.623500 0.038260 0.046000
0 0.325581 0.546750 0.031508 0.044500
0 0.343398 0.535500 0.035634 0.049000
0 0.365904 0.576500 0.034884 0.046000
0 0.381095 0.605750 0.036009 0.044500
0 0.409415 0.577250 0.031883 0.059500
0 0.438110 0.587000 0.035259 0.049000
0 0.422543 0.607250 0.031883 0.039500
0 0.397037 0.530250 0.034134 0.038500
0 0.390473 0.458500 0.031508 0.047000
0 0.412791 0.492750 0.031883 0.044500
0 0.431545 0.524000 0.037134 0.044000
0 0.451050 0.493750 0.038635 0.046500
0 0.428357 0.456250 0.031508 0.046500
0 0.400600 0.412500 0.034509 0.051000
0 0.420855 0.382750 0.034509 0.051500
0 0.427419 0.333500 0.038635 0.047000
0 0.430045 0.281500 0.035634 0.058000
0 0.458552 0.304500 0.044636 0.056000
0 0.445236 0.234000 0.039010 0.050000
0 0.415604 0.207500 0.036009 0.053000
0 0.420293 0.156000 0.031883 0.054000
0 0.452551 0.173500 0.044636 0.050000
0 0.454614 0.113250 0.042761 0.051500
0 0.492311 0.140250 0.040135 0.049500
0 0.516504 0.177750 0.042011 0.059500
0 0.486872 0.203500 0.039760 0.054000
0 0.485746 0.267250 0.043511 0.057500
0 0.538822 0.072000 0.037884 0.053000
0 0.586084 0.065750 0.037884 0.054500
0 0.553638 0.141750 0.034509 0.051500
0 0.581770 0.168250 0.035259 0.055500
0 0.596774 0.126750 0.042011 0.058500
0 0.517442 0.245250 0.030383 0.053500
0 0.538447 0.240500 0.040135 0.048000
0 0.557389 0.275250 0.039760 0.050500
0 0.602963 0.224750 0.041635 0.052500
0 0.515379 0.303000 0.039760 0.048000
0 0.455551 0.379250 0.031133 0.049500
0 0.482183 0.344750 0.039385 0.049500
0 0.493436 0.390750 0.041635 0.046500
0 0.519130 0.353250 0.040510 0.050500
0 0.551388 0.321750 0.040510 0.052500
0 0.591898 0.309000 0.036009 0.060000
0 0.626407 0.301000 0.033008 0.058000
0 0.609715 0.355500 0.039385 0.046000
0 0.549137 0.396500 0.039760 0.052000
0 0.587209 0.396500 0.039385 0.051000
0 0.517067 0.431750 0.038635 0.056500
0 0.457427 0.422750 0.044636 0.042500
0 0.483121 0.458750 0.038260 0.045500
0 0.473556 0.526500 0.038635 0.053000
0 0.469992 0.575250 0.035259 0.045500
0 0.503563 0.545250 0.037134 0.043500
0 0.508252 0.593000 0.034509 0.046000
0 0.468117 0.619500 0.033758 0.039000
0 0.453863 0.675000 0.031508 0.052000
0 0.479745 0.699250 0.033758 0.045500
0 0.473181 0.744250 0.035634 0.041500
0 0.496812 0.775750 0.029632 0.044500
0 0.524756 0.799250 0.031508 0.040500
0 0.520630 0.838500 0.033758 0.044000
0 0.528507 0.889250 0.033758 0.042500
0 0.563766 0.857750 0.032258 0.042500
0 0.555326 0.817500 0.032633 0.044000
0 0.529632 0.775500 0.040510 0.043000
0 0.525506 0.711000 0.033758 0.045000
0 0.531133 0.681000 0.030758 0.046000
0 0.490810 0.664000 0.034884 0.045000
0 0.518380 0.633750 0.035259 0.046500
0 0.542011 0.594750 0.033758 0.047500
0 0.564141 0.631500 0.031508 0.046000
0 0.557952 0.691500 0.032633 0.050000
0 0.564141 0.733000 0.036759 0.047000
0 0.547824 0.551000 0.033383 0.047000
0 0.522506 0.476750 0.030008 0.047500
0 0.549887 0.506500 0.031508 0.049000
0 0.552701 0.445000 0.040885 0.046000
0 0.579707 0.488250 0.032633 0.054500
0 0.580270 0.542750 0.034509 0.046500
0 0.581395 0.592750 0.037509 0.046500
0 0.602213 0.646250 0.038635 0.050500
0 0.588147 0.669750 0.036009 0.045500
0 0.592273 0.714500 0.039010 0.039000
0 0.605401 0.760750 0.036009 0.045500
0 0.602026 0.830500 0.033758 0.045000
0 0.580083 0.871250 0.025131 0.042500
0 0.613841 0.891250 0.036384 0.051500
0 0.638785 0.892000 0.024756 0.046000
0 0.665229 0.883500 0.032633 0.039000
0 0.666354 0.850500 0.034884 0.048000
0 0.631845 0.832250 0.031883 0.040500
0 0.632783 0.798250 0.033008 0.044500
0 0.650038 0.775500 0.037509 0.051000
0 0.632971 0.707250 0.034884 0.040500
0 0.658477 0.727750 0.034884 0.048500
0 0.690923 0.779500 0.033758 0.045000
0 0.700863 0.820750 0.028132 0.043500
0 0.720743 0.785750 0.034884 0.044500
0 0.732183 0.861500 0.033758 0.040000
0 0.694861 0.847250 0.034134 0.037500
0 0.768192 0.857250 0.037509 0.039500
0 0.770443 0.786500 0.036009 0.042000
0 0.740810 0.760000 0.033758 0.038000
0 0.753001 0.731500 0.038635 0.050000
0 0.781133 0.728500 0.026632 0.049000
0 0.808515 0.712250 0.031883 0.045500
0 0.705364 0.743750 0.035634 0.045500
0 0.686797 0.707750 0.036759 0.040500
0 0.663916 0.684500 0.036759 0.047000
0 0.627907 0.668000 0.033008 0.046000
0 0.617404 0.594750 0.034509 0.051500
0 0.609902 0.538000 0.032258 0.054000
0 0.636909 0.570500 0.036759 0.050000
0 0.656227 0.601250 0.040135 0.042500
0 0.680608 0.637750 0.042386 0.043500
0 0.712303 0.662500 0.035259 0.049000
0 0.746062 0.655750 0.034509 0.048500
0 0.719617 0.616000 0.038635 0.049000
0 0.790510 0.635750 0.037134 0.046500
0 0.828770 0.668000 0.030383 0.051000
0 0.827269 0.627250 0.037134 0.044500
0 0.841898 0.589000 0.039385 0.046000
0 0.643661 0.528000 0.042011 0.050000
0 0.622656 0.488250 0.043511 0.046500
0 0.606527 0.438750 0.036009 0.044500
0 0.644224 0.443500 0.041635 0.054000
0 0.630908 0.396750 0.030758 0.046500
0 0.642723 0.354000 0.031883 0.051000
0 0.684921 0.390500 0.040510 0.059000
0 0.685484 0.435500 0.041635 0.054000
0 0.684921 0.485500 0.041260 0.044000
0 0.718867 0.470750 0.035634 0.051500
0 0.685671 0.546500 0.035259 0.064000
0 0.737434 0.570250 0.044261 0.050500
0 0.759377 0.575500 0.028882 0.050000
0 0.743811 0.521500 0.039010 0.049000
0 0.771943 0.501500 0.041260 0.047000
0 0.791823 0.553500 0.039010 0.048000
0 0.796324 0.580500 0.036759 0.038000
0 0.813016 0.506500 0.038635 0.055000
0 0.726744 0.393500 0.043136 0.051000
0 0.740248 0.429500 0.038635 0.060000
0 0.779070 0.457250 0.042011 0.054500
0 0.807764 0.426000 0.041635 0.053000
0 0.844149 0.429250 0.036384 0.049500
0 0.771005 0.382750 0.038635 0.041500
0 0.674419 0.327250 0.042011 0.048500
0 0.661478 0.288750 0.037134 0.055500
0 0.719805 0.328250 0.042761 0.055500
0 0.767817 0.347500 0.044261 0.053000
0 0.698987 0.253000 0.031883 0.052000
0 0.781133 0.301750 0.035634 0.050500
0 0.742311 0.286500 0.045011 0.052000
0 0.819955 0.318750 0.037509 0.061500
0 0.813391 0.364500 0.047637 0.056000
0 0.861215 0.388500 0.048012 0.042000
0 0.854651 0.343750 0.031883 0.055500
0 0.642911 0.187250 0.036759 0.056500
0 0.643848 0.129000 0.036384 0.058000
0 0.680420 0.207250 0.039010 0.050500
0 0.719805 0.167000 0.042761 0.056000
0 0.730683 0.218000 0.037509 0.048000
0 0.755251 0.242250 0.039385 0.049500
0 0.755814 0.192250 0.036759 0.054500
0 0.776819 0.156000 0.045011 0.054000
0 0.808702 0.189500 0.036009 0.055000
0 0.813953 0.236750 0.045011 0.048500
0 0.867404 0.283250 0.048387 0.050500
0 0.883908 0.318750 0.043136 0.041500
0 0.906977 0.366000 0.041260 0.055000
0 0.898912 0.410750 0.041635 0.045500
0 0.925544 0.436750 0.037134 0.049500
0 0.891223 0.477750 0.038260 0.063500
0 0.900225 0.554000 0.045011 0.057000
0 0.946549 0.620500 0.043136 0.058000
0 0.887659 0.619500 0.047637 0.054000