0 0.153976 0.847250 0.055139 0.068500
0 0.181920 0.917000 0.059265 0.069000
0 0.234996 0.872000 0.053638 0.063000
0 0.230495 0.751500 0.057389 0.062000
0 0.273068 0.754000 0.041260 0.042000
0 0.279820 0.794000 0.045761 0.061000
0 0.327832 0.819750 0.045011 0.055500
0 0.326894 0.776000 0.053638 0.044000
0 0.320518 0.743000 0.055889 0.069000
0 0.264629 0.709250 0.058890 0.068500
0 0.238747 0.649750 0.065641 0.060500
0 0.228995 0.596750 0.064141 0.071500
0 0.302513 0.660000 0.057389 0.076000
0 0.091898 0.531250 0.062266 0.073500
0 0.106527 0.454500 0.069767 0.080000
0 0.134846 0.372500 0.065641 0.070000
0 0.102776 0.303750 0.062266 0.077500
0 0.220743 0.170250 0.059640 0.088500
0 0.210990 0.280750 0.058890 0.083500
0 0.212116 0.369250 0.070143 0.087500
0 0.195611 0.426500 0.067142 0.071000
0 0.188297 0.512250 0.059265 0.079500
0 0.250375 0.426250 0.052888 0.082500
0 0.245124 0.510750 0.054389 0.078500
0 0.276444 0.565750 0.053263 0.065500
0 0.340023 0.616750 0.043886 0.041500
0 0.336647 0.576750 0.050638 0.071500
0 0.341710 0.512000 0.053263 0.073000
0 0.318642 0.440000 0.056639 0.073000
0 0.367029 0.456750 0.052138 0.069500
0 0.272693 0.346250 0.057014 0.065500
0 0.329520 0.370500 0.058890 0.070000
0 0.311140 0.294250 0.064141 0.081500
0 0.263878 0.229250 0.062641 0.073500
0 0.269130 0.139000 0.055889 0.088000
0 0.323143 0.093500 0.061140 0.084000
0 0.328395 0.174750 0.056639 0.079500
0 0.371905 0.131000 0.053638 0.074000
0 0.396474 0.193250 0.055514 0.075500
0 0.370218 0.254250 0.055514 0.077500
0 0.372843 0.326000 0.055514 0.075000
0 0.421418 0.305250 0.047637 0.073500
0 0.419730 0.384000 0.054014 0.072000
0 0.410353 0.436250 0.047262 0.051500
0 0.411103 0.511250 0.051763 0.066500
0 0.429857 0.533750 0.041260 0.058500
0 0.395536 0.576750 0.051388 0.067500
0 0.401913 0.603250 0.047637 0.044500
0 0.372468 0.649500 0.052513 0.061000
0 0.364216 0.726750 0.045761 0.063500
0 0.378095 0.791750 0.049512 0.063500
0 0.377907 0.852500 0.052888 0.053000
0 0.407539 0.812250 0.040135 0.052500
0 0.395161 0.698500 0.043886 0.058000
0 0.410728 0.744500 0.045761 0.054000
0 0.443548 0.755250 0.040135 0.057500
0 0.445799 0.827750 0.047637 0.058500
0 0.444861 0.702250 0.044261 0.053500
0 0.425169 0.665500 0.049137 0.068000
0 0.443736 0.575750 0.045011 0.062500
0 0.480120 0.622500 0.050263 0.059000
0 0.482183 0.666250 0.043136 0.052500
0 0.477307 0.712000 0.041635 0.052000
0 0.493998 0.764500 0.045761 0.053000
0 0.504689 0.827750 0.039385 0.056500
0 0.547449 0.811750 0.039385 0.046500
0 0.542011 0.760250 0.042011 0.044500
0 0.538447 0.723750 0.043886 0.053500
0 0.546699 0.679250 0.044636 0.058500
0 0.524194 0.629500 0.043886 0.060000
0 0.509752 0.576750 0.048762 0.060500
0 0.468305 0.528500 0.046137 0.065000
0 0.445986 0.470750 0.047262 0.066500
0 0.493061 0.487000 0.040135 0.066000
0 0.453488 0.382750 0.037509 0.066500
0 0.477119 0.416250 0.047262 0.064500
0 0.445424 0.150750 0.053638 0.070500
0 0.442986 0.240750 0.049512 0.078500
0 0.489685 0.186500 0.050638 0.072000
0 0.493061 0.243500 0.049137 0.062000
0 0.469992 0.300750 0.046512 0.073500
0 0.491373 0.348500 0.050263 0.068000
0 0.523068 0.353750 0.040885 0.062500
0 0.525506 0.296500 0.042011 0.069000
0 0.539197 0.201000 0.045386 0.067000
0 0.555701 0.322000 0.041635 0.066000
0 0.536197 0.419750 0.048387 0.066500
0 0.563953 0.387500 0.049887 0.054000
0 0.599587 0.401750 0.042386 0.055500
0 0.573893 0.444250 0.051013 0.064500
0 0.598087 0.458250 0.034884 0.051500
0 0.562078 0.498500 0.037134 0.057000
0 0.544261 0.516500 0.045011 0.057000
0 0.543136 0.559500 0.037509 0.051000
0 0.572956 0.620000 0.040885 0.058000
0 0.569392 0.657000 0.036759 0.036000
0 0.584209 0.698500 0.038635 0.050000
0 0.580083 0.750750 0.040135 0.047500
0 0.587022 0.795000 0.040510 0.048000
0 0.638972 0.810500 0.035634 0.056000
0 0.660540 0.795250 0.031508 0.051500
0 0.612341 0.734750 0.034134 0.049500
0 0.646287 0.747500 0.037509 0.059000
0 0.614029 0.695000 0.036009 0.046000
0 0.649287 0.703750 0.033758 0.043500
0 0.617592 0.657750 0.040135 0.050500
0 0.656227 0.671000 0.034134 0.056000
0 0.612716 0.610250 0.040885 0.060500
0 0.636159 0.606250 0.021005 0.042500
0 0.597712 0.548000 0.039385 0.061000
0 0.643661 0.564500 0.037509 0.055000
0 0.614029 0.499750 0.037509 0.057500
0 0.645724 0.496000 0.037884 0.059000
0 0.642911 0.436250 0.036009 0.060500
0 0.575019 0.194250 0.045011 0.071500
0 0.580833 0.257000 0.046887 0.068000
0 0.609527 0.286750 0.040510 0.060500
0 0.629407 0.215000 0.043511 0.073000
0 0.634846 0.305750 0.039385 0.055500
0 0.616654 0.342750 0.048762 0.059500
0 0.650413 0.368750 0.043511 0.062500
0 0.688672 0.232750 0.039010 0.066500
0 0.731433 0.239500 0.043511 0.063000
0 0.747374 0.220750 0.033383 0.058500
0 0.722993 0.301250 0.036384 0.065500
0 0.678920 0.342500 0.039010 0.060000
0 0.722431 0.353000 0.039760 0.048000
0 0.689235 0.391250 0.039385 0.060500
0 0.725431 0.399500 0.036759 0.058000
0 0.792761 0.273750 0.037134 0.063500
0 0.797637 0.302000 0.029632 0.048000
0 0.770255 0.328000 0.035634 0.052000
0 0.811140 0.353000 0.037884 0.059000
0 0.772693 0.400500 0.033008 0.058000
0 0.791823 0.418250 0.033008 0.046500
0 0.757689 0.438250 0.041260 0.050500
0 0.766129 0.461750 0.030383 0.038500
0 0.684171 0.463250 0.042011 0.053500
0 0.698425 0.507500 0.042011 0.057000
0 0.759002 0.506750 0.034134 0.060500
0 0.757314 0.533250 0.034509 0.037500
0 0.819580 0.485250 0.032258 0.043500
0 0.809640 0.520750 0.034134 0.052500
0 0.798387 0.568000 0.043136 0.052000
0 0.686609 0.569000 0.042386 0.054000
0 0.707614 0.552500 0.037884 0.048000
0 0.709677 0.596500 0.033758 0.047000
0 0.682483 0.606500 0.037134 0.047000
0 0.703676 0.651750 0.039010 0.055500
0 0.758252 0.616750 0.028132 0.051500
0 0.739872 0.659250 0.033383 0.047500
0 0.793323 0.634250 0.030008 0.051500
0 0.764816 0.671250 0.031508 0.054500
0 0.761815 0.697750 0.022506 0.022500
0 0.737809 0.698250 0.020255 0.039500
0 0.815266 0.664500 0.029632 0.048000
0 0.783571 0.691250 0.024756 0.036500
0 0.802513 0.697750 0.022881 0.034500
0 0.784884 0.729500 0.024381 0.035000
0 0.799325 0.730500 0.022506 0.037000
0 0.773256 0.751000 0.023631 0.047000
0 0.728620 0.711250 0.031133 0.053500
0 0.701613 0.709000 0.037134 0.053000
0 0.705739 0.760250 0.039385 0.052500
0 0.722243 0.749250 0.025131 0.040500
0 0.751875 0.759750 0.033383 0.046500
0 0.699550 0.824500 0.041260 0.048000
0 0.730495 0.809750 0.034134 0.053500
0 0.765941 0.812750 0.033758 0.048500
0 0.862153 0.257750 0.038635 0.064500
0 0.867779 0.312500 0.038635 0.058000
0 0.864216 0.439750 0.033008 0.060500