0 0.057389 0.605250 0.039760 0.043500
0 0.066392 0.655000 0.042011 0.043000
0 0.097149 0.676500 0.036759 0.039000
0 0.109715 0.733250 0.036384 0.035500
0 0.149850 0.710250 0.034134 0.045500
0 0.151163 0.676500 0.043511 0.039000
0 0.128095 0.666250 0.031883 0.046500
0 0.111965 0.630500 0.031883 0.038000
0 0.137284 0.633750 0.035259 0.041500
0 0.105776 0.600000 0.034509 0.042000
0 0.085521 0.538500 0.036009 0.047000
0 0.115154 0.556000 0.036009 0.050000
0 0.142161 0.580500 0.036009 0.042000
0 0.181733 0.650750 0.034134 0.041500
0 0.188860 0.694250 0.031133 0.049500
0 0.116467 0.479000 0.040885 0.046000
0 0.123593 0.502250 0.034884 0.033500
0 0.145161 0.515250 0.036009 0.040500
0 0.156977 0.458500 0.037134 0.050000
0 0.169542 0.544000 0.035259 0.043000
0 0.189985 0.598750 0.034884 0.046500
0 0.187359 0.395250 0.036384 0.048500
0 0.201050 0.443000 0.028507 0.048000
0 0.183608 0.479250 0.034884 0.045500
0 0.192798 0.520750 0.034509 0.041500
0 0.214741 0.487000 0.040135 0.047000
0 0.223181 0.521000 0.036009 0.040000
0 0.206114 0.556750 0.033383 0.041500
0 0.244186 0.562250 0.038260 0.045500
0 0.234809 0.578750 0.033758 0.038500
0 0.239122 0.628500 0.040135 0.042000
0 0.242123 0.659500 0.031883 0.039000
0 0.269880 0.691750 0.031133 0.043500
0 0.293698 0.645250 0.031508 0.030500
0 0.291260 0.627500 0.035634 0.044000
0 0.325769 0.680750 0.034884 0.043500
0 0.288822 0.584750 0.039010 0.047500
0 0.280383 0.533250 0.036384 0.042500
0 0.237622 0.372250 0.039385 0.045500
0 0.236872 0.416250 0.037884 0.048500
0 0.255626 0.453500 0.034884 0.048000
0 0.283196 0.476000 0.036009 0.045000
0 0.282071 0.442250 0.033758 0.044500
0 0.270068 0.346500 0.037509 0.049000
0 0.299700 0.330500 0.039760 0.047000
0 0.281133 0.380000 0.037884 0.049000
0 0.316017 0.381000 0.040135 0.045000
0 0.312453 0.411250 0.035259 0.045500
0 0.314704 0.482750 0.038260 0.043500
0 0.339647 0.450000 0.033383 0.045000
0 0.333271 0.524000 0.034884 0.042000
0 0.323143 0.577000 0.038635 0.045000
0 0.334771 0.627500 0.035634 0.044000
0 0.372656 0.638000 0.036384 0.038000
0 0.361028 0.608250 0.039385 0.041500
0 0.355026 0.564750 0.036384 0.042500
0 0.361403 0.481500 0.035634 0.041000
0 0.377719 0.529250 0.036759 0.048500
0 0.395536 0.579750 0.034134 0.043500
0 0.391223 0.608500 0.029257 0.033000
0 0.422168 0.636500 0.031883 0.045000
0 0.425169 0.604750 0.031883 0.045500
0 0.456302 0.643500 0.031883 0.042000
0 0.488372 0.652500 0.033008 0.043000
0 0.367592 0.269000 0.041260 0.047000
0 0.354839 0.326000 0.037509 0.047000
0 0.363653 0.373500 0.040135 0.043000
0 0.363278 0.414000 0.037884 0.048000
0 0.382971 0.446250 0.036759 0.038500
0 0.393286 0.306000 0.032633 0.049000
0 0.392536 0.367500 0.033383 0.043000
0 0.409602 0.412000 0.036009 0.047000
0 0.426857 0.457750 0.038260 0.042500
0 0.404164 0.494000 0.037134 0.048000
0 0.415416 0.541250 0.035634 0.047500
0 0.444486 0.557750 0.036009 0.051500
0 0.469805 0.590250 0.033383 0.040500
0 0.496624 0.600250 0.031508 0.047500
0 0.524944 0.622500 0.031883 0.045000
0 0.442236 0.507000 0.034509 0.046000
0 0.459677 0.475500 0.033383 0.052000
0 0.439797 0.415250 0.033383 0.049500
0 0.436234 0.368250 0.036759 0.048500
0 0.424606 0.313750 0.039760 0.054500
0 0.417104 0.268750 0.038260 0.045500
0 0.451988 0.284500 0.037509 0.050000
0 0.470368 0.328250 0.034509 0.048500
0 0.498875 0.250500 0.036759 0.048000
0 0.468867 0.366750 0.036759 0.047500
0 0.524194 0.301500 0.033383 0.050000
0 0.510503 0.360500 0.033008 0.043000
0 0.531508 0.340500 0.030758 0.047000
0 0.500938 0.405250 0.033383 0.046500
0 0.468117 0.437000 0.035259 0.048000
0 0.478432 0.499000 0.031133 0.047000
0 0.483871 0.546250 0.030758 0.044500
0 0.503188 0.562000 0.028882 0.042000
0 0.504501 0.455250 0.034509 0.046500
0 0.514629 0.487500 0.036009 0.039000
0 0.525694 0.533500 0.037884 0.044000
0 0.536009 0.566250 0.031508 0.044500
0 0.543136 0.596250 0.031508 0.037500
0 0.568642 0.618750 0.035259 0.042500
0 0.596962 0.598750 0.034134 0.041500
0 0.535446 0.399750 0.032633 0.046500
0 0.535259 0.451000 0.035259 0.051000
0 0.549512 0.501500 0.033008 0.046000
0 0.566017 0.529750 0.033758 0.045500
0 0.566954 0.331750 0.030383 0.048500
0 0.568830 0.385250 0.035634 0.040500
0 0.575581 0.424250 0.036384 0.047500
0 0.567704 0.471250 0.031133 0.043500
0 0.582896 0.501000 0.032258 0.041000
0 0.598275 0.534750 0.029257 0.043500
0 0.612903 0.619750 0.030758 0.039500
0 0.631470 0.659000 0.028882 0.044000
0 0.662228 0.690750 0.032633 0.034500
0 0.684171 0.675500 0.024756 0.041000
0 0.713991 0.683000 0.025881 0.035000
0 0.711365 0.710250 0.030383 0.034500
0 0.672543 0.644000 0.027757 0.041000
0 0.655664 0.609250 0.030758 0.043500
0 0.631658 0.587250 0.033758 0.040500
0 0.626219 0.550500 0.029632 0.044000
0 0.600525 0.459750 0.033758 0.042500
0 0.618155 0.473000 0.027757 0.045000
0 0.525319 0.268000 0.025881 0.039000
0 0.623218 0.320500 0.031883 0.047000
0 0.630720 0.296000 0.031133 0.035000
0 0.604464 0.356750 0.031883 0.044500
0 0.634284 0.350000 0.031508 0.041000
0 0.605589 0.397000 0.033383 0.046000
0 0.620780 0.387750 0.028507 0.046500
0 0.650600 0.367500 0.031883 0.046000
0 0.673106 0.340750 0.031883 0.045500
0 0.629595 0.433500 0.033383 0.045000
0 0.664104 0.434750 0.031883 0.044500
0 0.641785 0.470750 0.030758 0.040500
0 0.644599 0.511500 0.031883 0.045000
0 0.664666 0.566000 0.033008 0.045000
0 0.668042 0.519000 0.028507 0.040000
0 0.676294 0.487250 0.033758 0.041500
0 0.698425 0.560250 0.027007 0.038500
0 0.688110 0.600750 0.032633 0.042500
0 0.703113 0.633750 0.029632 0.039500
0 0.727119 0.612500 0.025131 0.042000
0 0.722431 0.578000 0.027757 0.045000
0 0.713616 0.525500 0.032633 0.039000
0 0.703863 0.494250 0.029632 0.042500
0 0.689985 0.445500 0.031133 0.047000
0 0.679482 0.398250 0.033383 0.039500
0 0.689985 0.369250 0.028132 0.042500
0 0.713803 0.371000 0.027757 0.043000
0 0.710240 0.414000 0.030383 0.040000
0 0.718117 0.448750 0.028882 0.042500
0 0.741560 0.489250 0.030008 0.042500
0 0.737997 0.543750 0.029632 0.046500
0 0.754689 0.585000 0.027007 0.038000
0 0.766504 0.642500 0.029632 0.037000
0 0.779820 0.612000 0.030758 0.036000
0 0.778507 0.575750 0.027382 0.032500
0 0.758627 0.536750 0.025131 0.035500
0 0.768005 0.506750 0.028882 0.038500
0 0.802888 0.550750 0.028882 0.042500
0 0.800825 0.508750 0.027757 0.039500
0 0.751313 0.454500 0.029257 0.035000
0 0.790698 0.473250 0.028507 0.044500
0 0.811515 0.469750 0.024381 0.042500
0 0.751500 0.426000 0.034134 0.046000
0 0.784134 0.420250 0.025131 0.039500
0 0.800825 0.433250 0.024756 0.038500
0 0.833083 0.427750 0.030008 0.034500
0 0.848650 0.400000 0.025131 0.043000
0 0.809452 0.393000 0.034509 0.042000
0 0.718680 0.323750 0.027757 0.046500
0 0.738747 0.327500 0.026632 0.041000
0 0.734809 0.266750 0.030758 0.042500
0 0.759190 0.357750 0.030758 0.038500
0 0.802326 0.357500 0.031508 0.038000
0 0.781883 0.312500 0.030383 0.042000
0 0.820893 0.329750 0.027382 0.041500