0 0.132971 0.673500 0.043886 0.067000
0 0.146662 0.572250 0.045011 0.058500
0 0.178732 0.655000 0.047637 0.056000
0 0.186609 0.702750 0.049887 0.058500
0 0.231433 0.736750 0.048012 0.059500
0 0.184171 0.605500 0.042761 0.056000
0 0.226182 0.621500 0.045761 0.057000
0 0.259940 0.664500 0.045011 0.054000
0 0.302513 0.719000 0.043886 0.061000
0 0.339460 0.707500 0.034509 0.054000
0 0.330270 0.664500 0.043136 0.054000
0 0.265941 0.602750 0.042011 0.046500
0 0.314704 0.595500 0.039010 0.053000
0 0.275506 0.565750 0.052138 0.056500
0 0.219805 0.557000 0.054764 0.056000
0 0.186047 0.516250 0.054014 0.056500
0 0.159415 0.392000 0.045761 0.061000
0 0.189610 0.336500 0.046887 0.059000
0 0.215116 0.383000 0.049887 0.059000
0 0.234621 0.313500 0.043886 0.062000
0 0.301388 0.218750 0.049887 0.053500
0 0.302888 0.277250 0.044636 0.059500
0 0.273443 0.328250 0.039760 0.063500
0 0.337209 0.322500 0.044261 0.059000
0 0.278507 0.394250 0.043136 0.059500
0 0.319767 0.372500 0.042386 0.056000
0 0.354276 0.206750 0.037134 0.062500
0 0.363653 0.261500 0.048387 0.061000
0 0.217179 0.470000 0.050263 0.060000
0 0.256939 0.498000 0.048762 0.063000
0 0.284884 0.456500 0.047637 0.057000
0 0.305701 0.504500 0.042761 0.056000
0 0.321080 0.427250 0.050263 0.062500
0 0.353151 0.480500 0.046137 0.056000
0 0.343211 0.532000 0.048762 0.050000
0 0.358402 0.611500 0.049887 0.057000
0 0.382971 0.534000 0.040510 0.057000
0 0.408102 0.545750 0.034509 0.050500
0 0.372843 0.464000 0.036759 0.048000
0 0.397599 0.598250 0.040510 0.058500
0 0.377719 0.645750 0.036759 0.055500
0 0.408290 0.654500 0.037134 0.054000
0 0.427607 0.687250 0.034509 0.049500
0 0.407164 0.730250 0.043886 0.055500
0 0.409602 0.205750 0.043511 0.058500
0 0.435484 0.186250 0.037509 0.059500
0 0.405289 0.264250 0.041635 0.057500
0 0.394786 0.314500 0.039385 0.053000
0 0.363653 0.358000 0.046887 0.057000
0 0.424981 0.310750 0.041260 0.054500
0 0.413541 0.362000 0.037134 0.051000
0 0.443173 0.360750 0.032633 0.054500
0 0.375094 0.420250 0.043511 0.055500
0 0.406977 0.412250 0.040510 0.060500
0 0.426669 0.458250 0.040885 0.052500
0 0.448425 0.413500 0.042386 0.057000
0 0.474306 0.404000 0.036384 0.046000
0 0.456302 0.466000 0.037134 0.054000
0 0.421230 0.497000 0.038260 0.049000
0 0.450488 0.503000 0.034509 0.047000
0 0.453863 0.564500 0.040510 0.048000
0 0.429670 0.602500 0.038635 0.050000
0 0.453301 0.649000 0.035634 0.046000
0 0.469242 0.693000 0.034509 0.050000
0 0.509752 0.699250 0.039760 0.050500
0 0.491373 0.644250 0.035259 0.052500
0 0.478995 0.607500 0.043511 0.046000
0 0.528507 0.655750 0.030758 0.052500
0 0.521755 0.609750 0.033008 0.038500
0 0.497187 0.586500 0.040135 0.043000
0 0.491373 0.551250 0.038260 0.055500
0 0.460990 0.248000 0.039010 0.053000
0 0.483871 0.259250 0.034509 0.056500
0 0.480870 0.310250 0.037509 0.055500
0 0.510503 0.291250 0.033758 0.054500
0 0.518192 0.333250 0.030383 0.051500
0 0.484246 0.358750 0.039760 0.055500
0 0.510503 0.379500 0.033008 0.058000
0 0.545386 0.353000 0.036009 0.061000
0 0.539572 0.401500 0.039385 0.056000
0 0.490623 0.445250 0.031508 0.051500
0 0.517067 0.443000 0.030383 0.052000
0 0.548762 0.450500 0.030758 0.050000
0 0.493248 0.496250 0.032258 0.049500
0 0.542948 0.489250 0.034884 0.049500
0 0.514066 0.535000 0.034884 0.050000
0 0.553638 0.521250 0.032258 0.051500
0 0.542011 0.566750 0.036009 0.046500
0 0.555889 0.623000 0.034509 0.050000
0 0.571080 0.678750 0.036384 0.052500
0 0.599212 0.681250 0.031883 0.049500
0 0.594524 0.640500 0.035259 0.047000
0 0.618342 0.654000 0.026632 0.044000
0 0.627157 0.622000 0.033758 0.052000
0 0.674044 0.645250 0.032258 0.047500
0 0.669730 0.693250 0.034884 0.048500
0 0.586834 0.583500 0.038635 0.050000
0 0.576707 0.536000 0.033383 0.047000
0 0.593023 0.499000 0.032258 0.055000
0 0.615341 0.523500 0.033383 0.049000
0 0.624906 0.573250 0.033758 0.052500
0 0.648162 0.597000 0.027757 0.049000
0 0.590773 0.446250 0.032258 0.052500
0 0.614966 0.475000 0.034134 0.061000
0 0.590210 0.378000 0.034134 0.057000
0 0.605964 0.410000 0.032633 0.055000
0 0.543511 0.214000 0.039010 0.068000
0 0.564141 0.274750 0.034509 0.062500
0 0.578395 0.238750 0.036009 0.054500
0 0.606714 0.230500 0.038635 0.059000
0 0.609340 0.273000 0.037134 0.050000
0 0.600338 0.305250 0.035634 0.057500
0 0.621530 0.301750 0.027007 0.052500
0 0.596587 0.344750 0.033383 0.036500
0 0.629032 0.328750 0.027007 0.042500
0 0.619842 0.367250 0.031883 0.050500
0 0.652288 0.392500 0.030008 0.052000
0 0.644974 0.442000 0.040135 0.050000
0 0.643661 0.494500 0.035259 0.050000
0 0.642723 0.531000 0.032633 0.049000
0 0.676107 0.561250 0.034134 0.052500
0 0.691110 0.603500 0.031133 0.043000
0 0.698237 0.643750 0.029632 0.044500
0 0.710053 0.682750 0.025506 0.048500
0 0.728620 0.688000 0.025131 0.048000
0 0.722618 0.636750 0.031133 0.043500
0 0.714179 0.602250 0.024756 0.043500
0 0.709865 0.567000 0.031133 0.049000
0 0.707427 0.522000 0.030008 0.053000
0 0.688672 0.493500 0.038260 0.049000
0 0.683233 0.439750 0.033383 0.053500
0 0.666167 0.358000 0.034509 0.043000
0 0.684546 0.393250 0.030758 0.049500
0 0.661290 0.273750 0.033008 0.045500
0 0.669542 0.299500 0.029257 0.050000
0 0.690735 0.274000 0.028132 0.044000
0 0.694674 0.332750 0.032258 0.051500
0 0.733308 0.308000 0.028507 0.048000
0 0.715679 0.354500 0.030008 0.053000
0 0.767817 0.349500 0.027757 0.043000
0 0.761065 0.380750 0.033758 0.052500
0 0.775131 0.391250 0.029632 0.043500
0 0.734059 0.415500 0.033008 0.049000
0 0.730870 0.479250 0.031883 0.042500
0 0.746062 0.448500 0.026257 0.046000
0 0.746062 0.480750 0.024006 0.036500
0 0.796137 0.433500 0.028132 0.047000
0 0.832708 0.454500 0.028507 0.042000
0 0.795949 0.483500 0.026257 0.047000
0 0.766879 0.516750 0.028132 0.046500
0 0.800825 0.518750 0.034509 0.037500
0 0.731995 0.515500 0.031133 0.045000
0 0.750750 0.549750 0.033383 0.041500
0 0.752251 0.587250 0.030383 0.044500
0 0.766692 0.628500 0.030008 0.040000
0 0.784321 0.692250 0.030008 0.043500
0 0.807014 0.721500 0.030383 0.042000
0 0.843773 0.719000 0.028132 0.044000
0 0.824644 0.681250 0.031133 0.045500
0 0.841523 0.676000 0.022131 0.042000
0 0.884471 0.695750 0.027007 0.044500
0 0.899850 0.666250 0.022506 0.044500
0 0.860090 0.643750 0.022506 0.048500
0 0.875656 0.646750 0.017629 0.052500
0 0.828207 0.639500 0.026257 0.046000
0 0.786384 0.597500 0.030383 0.048000
0 0.803076 0.593250 0.021755 0.041500
0 0.812453 0.560000 0.030758 0.046000
0 0.835896 0.545000 0.028882 0.048000
0 0.862903 0.509750 0.025131 0.052500
0 0.902101 0.502000 0.024756 0.048000
0 0.837584 0.598000 0.021755 0.040000
0 0.855589 0.600250 0.023256 0.044500
0 0.908290 0.625500 0.022131 0.051000
0 0.921793 0.560250 0.028132 0.053500
0 0.918792 0.585250 0.028132 0.034500