0 0.478114 0.026750 0.041152 0.051500
0 0.454545 0.083000 0.044145 0.045000
0 0.466143 0.153250 0.035915 0.051500
0 0.422185 0.161750 0.036289 0.039500
0 0.414516 0.178000 0.040404 0.035000
0 0.429106 0.212000 0.042649 0.050000
0 0.450991 0.249250 0.040778 0.055500
0 0.380097 0.222750 0.043397 0.052500
0 0.341190 0.268250 0.043397 0.050500
0 0.383651 0.275250 0.035541 0.053500
0 0.419566 0.296250 0.039282 0.051500
0 0.453049 0.325000 0.040404 0.046000
0 0.380097 0.323500 0.041152 0.043000
0 0.304714 0.321500 0.039282 0.045000
0 0.344557 0.339750 0.044145 0.042500
0 0.414516 0.351750 0.044145 0.044500
0 0.452488 0.378000 0.042275 0.067000
0 0.372054 0.372250 0.043771 0.049500
0 0.297232 0.373250 0.046764 0.052500
0 0.335952 0.398500 0.036663 0.058000
0 0.465208 0.443000 0.038533 0.051000
0 0.401048 0.424250 0.042649 0.049500
0 0.270108 0.422500 0.039656 0.050000
0 0.304901 0.448000 0.044893 0.051000
0 0.344557 0.473750 0.040404 0.054500
0 0.379723 0.486000 0.035166 0.056000
0 0.425365 0.504000 0.038159 0.047000
0 0.463524 0.502000 0.041900 0.059000
0 0.394875 0.543500 0.039282 0.057000
0 0.439768 0.569250 0.043771 0.057500
0 0.250094 0.489750 0.040778 0.054500
0 0.210625 0.515500 0.043397 0.063000
0 0.272914 0.528250 0.046016 0.057500
0 0.314254 0.554500 0.045642 0.056000
0 0.355593 0.564000 0.044519 0.059000
0 0.388889 0.602250 0.042275 0.053500
0 0.427796 0.632750 0.050505 0.057500
0 0.257576 0.577250 0.041526 0.036500
0 0.253086 0.607000 0.038533 0.055000
0 0.311635 0.631000 0.043397 0.062000
0 0.268612 0.674750 0.044893 0.063500
0 0.299663 0.693250 0.041152 0.063500
0 0.345679 0.661250 0.049383 0.069500
0 0.444819 0.686000 0.045642 0.065000
0 0.403666 0.708500 0.046390 0.069000
0 0.347737 0.728250 0.046764 0.064500
0 0.314628 0.780250 0.050879 0.076500
0 0.360831 0.790250 0.047512 0.068500
0 0.402544 0.780500 0.043397 0.074000
0 0.454171 0.752500 0.038159 0.083000
0 0.458100 0.853250 0.048260 0.077500
0 0.381407 0.854500 0.052001 0.069000
0 0.343808 0.886250 0.050131 0.083500
0 0.286756 0.878000 0.049009 0.062000
0 0.397868 0.946750 0.049009 0.078500
0 0.499065 0.864000 0.044145 0.065000
0 0.579312 0.917000 0.044519 0.078000
0 0.629068 0.902000 0.049757 0.060000
0 0.665918 0.862750 0.047886 0.069500
0 0.588103 0.829000 0.045642 0.068000
0 0.499065 0.800000 0.048634 0.067000
0 0.544145 0.799500 0.043023 0.070000
0 0.653386 0.788500 0.050505 0.064000
0 0.591470 0.766750 0.050131 0.061500
0 0.533670 0.737000 0.047512 0.067000
0 0.493640 0.691250 0.046764 0.066500
0 0.572391 0.706250 0.050879 0.057500
0 0.628507 0.715250 0.046390 0.063500
0 0.686682 0.688250 0.046764 0.060500
0 0.644594 0.649000 0.043397 0.060000
0 0.601571 0.660250 0.042649 0.063500
0 0.546577 0.653250 0.047886 0.062500
0 0.476057 0.634250 0.042275 0.059500
0 0.511972 0.607000 0.043023 0.058000
0 0.483913 0.560500 0.046764 0.064000
0 0.529368 0.557250 0.041900 0.066500
0 0.566218 0.595250 0.049757 0.061500
0 0.508418 0.506750 0.041900 0.052500
0 0.613169 0.597500 0.042649 0.061000
0 0.691919 0.630500 0.043771 0.057000
0 0.650019 0.566000 0.046764 0.066000
0 0.608679 0.534750 0.044893 0.065500
0 0.681257 0.522750 0.044893 0.056500
0 0.642724 0.496000 0.042649 0.057000
0 0.502806 0.454750 0.036663 0.059500
0 0.542275 0.465750 0.042275 0.056500
0 0.584736 0.469000 0.044145 0.054000
0 0.624392 0.443500 0.036663 0.057000
0 0.688365 0.450500 0.038159 0.057000
0 0.654321 0.405750 0.039656 0.052500
0 0.481856 0.300500 0.043397 0.040000
0 0.512720 0.329000 0.043771 0.054000
0 0.554246 0.374500 0.045267 0.061000
0 0.591844 0.379750 0.038159 0.054500
0 0.694351 0.342000 0.038908 0.045000
0 0.653012 0.311000 0.043023 0.055000
0 0.606809 0.323250 0.045642 0.049500
0 0.542649 0.301000 0.042275 0.053000
0 0.468575 0.224500 0.036289 0.055000
0 0.595398 0.276000 0.049009 0.052000
0 0.647961 0.260750 0.042649 0.050500
0 0.691545 0.259750 0.034044 0.055500
0 0.688739 0.169500 0.035915 0.050000
0 0.649270 0.165500 0.035541 0.046000
0 0.638421 0.209500 0.038533 0.053000
0 0.609615 0.189500 0.037037 0.047000
0 0.581556 0.217000 0.040778 0.044000
0 0.544706 0.207500 0.038908 0.054000
0 0.502432 0.166000 0.038159 0.049000
0 0.500187 0.104000 0.042649 0.045000
0 0.542649 0.120750 0.040030 0.047500
0 0.577628 0.158250 0.035915 0.050500
0 0.626076 0.123250 0.036289 0.050500
0 0.636551 0.097750 0.038533 0.037500
0 0.672652 0.121000 0.043397 0.042000
0 0.568649 0.074250 0.040404 0.042500
0 0.552001 0.031000 0.040030 0.044000
0 0.519828 0.058500 0.035541 0.044000
0 0.744482 0.163000 0.041152 0.049000
0 0.725776 0.226250 0.045642 0.039500
0 0.700898 0.389750 0.048260 0.049500
0 0.730266 0.446000 0.045642 0.054000
0 0.767303 0.434500 0.043397 0.051000
0 0.720539 0.516000 0.041900 0.058000
0 0.756266 0.506250 0.040778 0.050500
0 0.786756 0.500500 0.029181 0.047000
0 0.816498 0.512500 0.034044 0.051000
0 0.700524 0.588000 0.046764 0.054000
0 0.761504 0.553250 0.047512 0.047500
0 0.798354 0.568500 0.037411 0.053000
0 0.773663 0.605000 0.020202 0.036000
0 0.799476 0.630750 0.032174 0.059500
0 0.761317 0.614750 0.039656 0.060500
0 0.726337 0.654250 0.040778 0.066500
0 0.775533 0.671250 0.038908 0.054500
0 0.736064 0.719500 0.042275 0.068000
0 0.700150 0.755750 0.044519 0.062500
0 0.765619 0.787750 0.043771 0.069500
0 0.704078 0.824750 0.049383 0.072500
0 0.598578 0.085500 0.032174 0.055000