0 0.143473 0.248750 0.057389 0.073500
0 0.231245 0.232250 0.055139 0.072500
0 0.305139 0.200750 0.043886 0.077500
0 0.287697 0.284750 0.049512 0.067500
0 0.364591 0.256250 0.052513 0.071500
0 0.418605 0.214500 0.048012 0.076000
0 0.445799 0.279250 0.052138 0.067500
0 0.411853 0.330250 0.049512 0.062500
0 0.358215 0.323750 0.054014 0.060500
0 0.378657 0.382250 0.046887 0.060500
0 0.421230 0.399000 0.044261 0.073000
0 0.291635 0.359000 0.052888 0.071000
0 0.235746 0.330750 0.051388 0.074500
0 0.183983 0.354250 0.040885 0.070500
0 0.150038 0.342000 0.050263 0.064000
0 0.153226 0.406250 0.046137 0.062500
0 0.195424 0.426750 0.041260 0.068500
0 0.233683 0.408750 0.039760 0.074500
0 0.260690 0.470000 0.051763 0.076000
0 0.302326 0.432250 0.043511 0.065500
0 0.332896 0.484000 0.049887 0.063000
0 0.371155 0.460750 0.035634 0.066500
0 0.399850 0.520000 0.039760 0.073000
0 0.349962 0.545000 0.051763 0.061000
0 0.301013 0.521250 0.042386 0.067500
0 0.305889 0.578750 0.050638 0.059500
0 0.342461 0.618250 0.046512 0.054500
0 0.256377 0.567500 0.056639 0.054000
0 0.214366 0.495500 0.047637 0.069000
0 0.095649 0.481750 0.048762 0.063500
0 0.142911 0.488000 0.052513 0.062000
0 0.124156 0.553750 0.048012 0.068500
0 0.153226 0.609750 0.043886 0.068500
0 0.186609 0.546000 0.049137 0.060000
0 0.214366 0.620000 0.047637 0.070000
0 0.268942 0.628250 0.040510 0.067500
0 0.303451 0.645250 0.041260 0.060500
0 0.350713 0.676250 0.042011 0.067500
0 0.397037 0.716750 0.053638 0.066500
0 0.388222 0.590500 0.051013 0.062000
0 0.407352 0.646500 0.039010 0.067000
0 0.441673 0.635250 0.055889 0.062500
0 0.492686 0.652500 0.057389 0.072000
0 0.448050 0.564250 0.046137 0.063500
0 0.452551 0.490500 0.055139 0.065000
0 0.494936 0.547000 0.047637 0.076000
0 0.530008 0.592250 0.048762 0.065500
0 0.471868 0.367750 0.046512 0.067500
0 0.497374 0.316250 0.059265 0.068500
0 0.559640 0.319250 0.047262 0.071500
0 0.568830 0.401000 0.049137 0.077000
0 0.611965 0.426000 0.058890 0.064000
0 0.617967 0.356250 0.049887 0.071500
0 0.507689 0.398500 0.048387 0.067000
0 0.526819 0.462250 0.045386 0.067500
0 0.567892 0.475500 0.043511 0.072000
0 0.617779 0.494000 0.055514 0.071000
0 0.671605 0.480750 0.055139 0.064500
0 0.672543 0.414000 0.059265 0.073000
0 0.667104 0.346000 0.052138 0.066000
0 0.723743 0.380000 0.061140 0.075000
0 0.770443 0.403750 0.042761 0.064500
0 0.750000 0.465500 0.055139 0.069000
0 0.759752 0.527750 0.046137 0.066500
0 0.706864 0.534500 0.055139 0.069000
0 0.670480 0.258250 0.073143 0.078500
0 0.556452 0.532500 0.055139 0.064000
0 0.608590 0.563250 0.052138 0.066500
0 0.655289 0.572750 0.047262 0.069500
0 0.636909 0.625750 0.047262 0.061500
0 0.583083 0.611750 0.053638 0.067500
0 0.550263 0.650750 0.048762 0.067500
0 0.596587 0.674250 0.053638 0.067500
0 0.462866 0.707250 0.052513 0.074500
0 0.516504 0.710250 0.049512 0.065500
0 0.558140 0.738500 0.050263 0.070000
0 0.602963 0.740500 0.044636 0.069000
0 0.641973 0.728000 0.052138 0.065000
0 0.483871 0.786000 0.051013 0.059000
0 0.540698 0.787000 0.046887 0.053000
0 0.585709 0.818000 0.046137 0.064000
0 0.640660 0.790500 0.049512 0.058000
0 0.677607 0.756500 0.058140 0.063000
0 0.693173 0.697250 0.056264 0.070500
0 0.720368 0.807750 0.058140 0.065500
0 0.750563 0.758500 0.052513 0.064000
0 0.744186 0.692000 0.052513 0.063000
0 0.800450 0.690250 0.047262 0.076500
0 0.857652 0.690500 0.058890 0.061000
0 0.705364 0.605750 0.059640 0.068500
0 0.754501 0.596250 0.053638 0.063500
0 0.807389 0.599250 0.055889 0.063500
0 0.856339 0.579500 0.053263 0.070000
0 0.862903 0.497000 0.064891 0.066000
0 0.899287 0.525750 0.060390 0.066500
0 0.934359 0.463750 0.061515 0.072500
0 0.910165 0.411000 0.070893 0.082000
0 0.819767 0.443750 0.055139 0.070500
0 0.832521 0.365750 0.064891 0.076500
0 0.782071 0.326000 0.057014 0.069000