0 0.060015 0.584750 0.080270 0.111500
0 0.064516 0.665000 0.082521 0.091000
0 0.132408 0.662750 0.083271 0.094500
0 0.128095 0.758000 0.086647 0.110000
0 0.174044 0.877500 0.089272 0.095000
0 0.255439 0.867750 0.087772 0.109500
0 0.361965 0.848000 0.074269 0.112000
0 0.427982 0.819500 0.073518 0.104000
0 0.219992 0.702750 0.082896 0.094500
0 0.294636 0.711000 0.079145 0.099000
0 0.371905 0.744500 0.085896 0.088000
0 0.129220 0.507250 0.094899 0.095500
0 0.174044 0.604500 0.090773 0.113000
0 0.268567 0.623750 0.080270 0.095500
0 0.337209 0.637750 0.081770 0.095500
0 0.439235 0.696250 0.085521 0.111500
0 0.511065 0.707000 0.091148 0.112000
0 0.556077 0.771000 0.086647 0.107000
0 0.628845 0.813000 0.086647 0.110000
0 0.705926 0.841750 0.079520 0.106500
0 0.780758 0.834500 0.076894 0.108000
0 0.840023 0.799000 0.082896 0.110000
0 0.174231 0.424750 0.087397 0.101500
0 0.255439 0.413000 0.084021 0.102000
0 0.325581 0.433250 0.084021 0.103500
0 0.256189 0.530000 0.078770 0.111000
0 0.348650 0.537750 0.074644 0.115500
0 0.409602 0.465250 0.081770 0.091500
0 0.420105 0.572750 0.084021 0.107500
0 0.299700 0.290750 0.095274 0.108500
0 0.390285 0.332750 0.082146 0.106500
0 0.394599 0.230500 0.094524 0.117000
0 0.458177 0.317000 0.090398 0.119000
0 0.475806 0.419500 0.077644 0.110000
0 0.481433 0.509000 0.091148 0.102000
0 0.558140 0.459000 0.084771 0.106000
0 0.535634 0.343750 0.073518 0.116500
0 0.512191 0.201250 0.092648 0.126500
0 0.582896 0.257000 0.084021 0.111000
0 0.653038 0.164750 0.101275 0.124500
0 0.755251 0.188750 0.106902 0.123500
0 0.822018 0.234000 0.076894 0.124000
0 0.672356 0.281000 0.092648 0.112000
0 0.759752 0.310000 0.089647 0.112000
0 0.631095 0.367750 0.091148 0.106500
0 0.651163 0.451250 0.078770 0.114500
0 0.599212 0.534750 0.086647 0.101500
0 0.536572 0.598250 0.082146 0.105500
0 0.581020 0.669500 0.069767 0.119000
0 0.649100 0.713500 0.086647 0.105000
0 0.649475 0.614500 0.076894 0.112000
0 0.695236 0.531750 0.075394 0.107500
0 0.746999 0.413750 0.091898 0.100500
0 0.835146 0.416500 0.076894 0.113000
0 0.849212 0.501250 0.078770 0.107500
0 0.771568 0.525250 0.083271 0.104500
0 0.738747 0.619250 0.075394 0.109500
0 0.807014 0.621000 0.076894 0.097000
0 0.892161 0.602250 0.076894 0.113500
0 0.730308 0.736750 0.078020 0.103500
0 0.799325 0.722250 0.078770 0.108500
0 0.886347 0.714250 0.081770 0.089500