0 0.160915 0.267750 0.072768 0.085500
0 0.113278 0.473500 0.074269 0.083000
0 0.107839 0.563250 0.061140 0.076500
0 0.225056 0.177250 0.070518 0.094500
0 0.183233 0.342750 0.076144 0.092500
0 0.103901 0.669250 0.057014 0.076500
0 0.205551 0.415250 0.063016 0.071500
0 0.248500 0.264500 0.064891 0.086000
0 0.297637 0.190000 0.063391 0.087000
0 0.373406 0.122250 0.067892 0.091500
0 0.355589 0.217250 0.064516 0.091500
0 0.417479 0.232750 0.066017 0.093500
0 0.439797 0.161000 0.059640 0.080000
0 0.503376 0.155750 0.060015 0.080500
0 0.551575 0.093500 0.067142 0.080000
0 0.651913 0.113500 0.064516 0.083000
0 0.481058 0.234000 0.061140 0.077000
0 0.448987 0.313500 0.055514 0.074000
0 0.283946 0.339250 0.059265 0.075500
0 0.318455 0.270750 0.056264 0.077500
0 0.370968 0.310750 0.056264 0.078500
0 0.108965 0.756000 0.063391 0.070000
0 0.145536 0.828250 0.062266 0.080500
0 0.169167 0.739750 0.070518 0.068500
0 0.144036 0.624250 0.066767 0.074500
0 0.199550 0.573750 0.064516 0.082500
0 0.207802 0.691750 0.063766 0.072500
0 0.205364 0.849750 0.069392 0.103500
0 0.270068 0.720500 0.054014 0.063000
0 0.292573 0.788000 0.049512 0.070000
0 0.262941 0.861750 0.051013 0.068500
0 0.313578 0.867250 0.057764 0.061500
0 0.198050 0.461750 0.054764 0.069500
0 0.250563 0.470500 0.056264 0.071000
0 0.288072 0.416250 0.063766 0.077500
0 0.172356 0.589750 0.034884 0.051500
0 0.271755 0.553750 0.070143 0.092500
0 0.340585 0.398250 0.064516 0.075500
0 0.316954 0.489750 0.062266 0.077500
0 0.267254 0.610000 0.064141 0.060000
0 0.315829 0.734500 0.063766 0.067000
0 0.343023 0.784500 0.055889 0.061000
0 0.365529 0.882000 0.057389 0.069000
0 0.330833 0.588500 0.051763 0.072000
0 0.319580 0.641000 0.057764 0.065000
0 0.361590 0.677000 0.060015 0.071000
0 0.376969 0.740250 0.057014 0.062500
0 0.404351 0.397750 0.056264 0.083500
0 0.383721 0.458750 0.057764 0.078500
0 0.364404 0.523500 0.051388 0.069000
0 0.396849 0.596000 0.060015 0.082000
0 0.428170 0.652000 0.052888 0.064000
0 0.429670 0.768250 0.063391 0.071500
0 0.421418 0.812000 0.058140 0.057000
0 0.410915 0.538750 0.070893 0.071500
0 0.437547 0.476500 0.060390 0.083000
0 0.465491 0.384000 0.051763 0.072000
0 0.456864 0.585000 0.057764 0.069000
0 0.481245 0.695500 0.056264 0.069000
0 0.479745 0.760750 0.048762 0.065500
0 0.528882 0.766500 0.050263 0.057000
0 0.537134 0.716750 0.066017 0.055500
0 0.497937 0.625500 0.053638 0.073000
0 0.484434 0.519500 0.055139 0.072000
0 0.529632 0.557750 0.057014 0.083500
0 0.508815 0.298750 0.067142 0.080500
0 0.560203 0.179750 0.061140 0.084500
0 0.562078 0.261250 0.061890 0.082500
0 0.572393 0.335250 0.062266 0.078500
0 0.516129 0.381750 0.066767 0.089500
0 0.504689 0.438750 0.052888 0.068500
0 0.553076 0.486750 0.055889 0.071500
0 0.560953 0.631750 0.059640 0.077500
0 0.594149 0.686250 0.051763 0.071500
0 0.590585 0.762000 0.055889 0.074000
0 0.603526 0.505500 0.053263 0.072000
0 0.564704 0.411750 0.052888 0.074500
0 0.622468 0.201250 0.065641 0.088500
0 0.714366 0.149000 0.061140 0.083000
0 0.699925 0.222000 0.062266 0.091000
0 0.615529 0.286250 0.054764 0.077500
0 0.655664 0.346500 0.065266 0.093000
0 0.629032 0.425500 0.057014 0.083000
0 0.655851 0.482250 0.058140 0.074500
0 0.642911 0.569000 0.063766 0.069000
0 0.646849 0.651500 0.060390 0.085000
0 0.635784 0.717250 0.059265 0.052500
0 0.693173 0.704500 0.057764 0.089000
0 0.698612 0.546250 0.063391 0.075500
0 0.689610 0.615000 0.063391 0.068000
0 0.741373 0.661750 0.052888 0.086500
0 0.761065 0.191250 0.063766 0.092500
0 0.698612 0.306250 0.062641 0.081500
0 0.705176 0.384500 0.066017 0.077000
0 0.718305 0.458250 0.063016 0.080500
0 0.738560 0.511500 0.050263 0.074000
0 0.740248 0.581750 0.057389 0.066500
0 0.799700 0.639000 0.062266 0.068000
0 0.804951 0.562500 0.057764 0.077000
0 0.845461 0.602500 0.054014 0.068000
0 0.760878 0.391000 0.061140 0.076000
0 0.758440 0.317250 0.058515 0.077500
0 0.802701 0.247500 0.063766 0.077000
0 0.859152 0.286000 0.058890 0.083000
0 0.812266 0.344750 0.060390 0.078500
0 0.803263 0.475750 0.063391 0.084500
0 0.844336 0.412750 0.054764 0.083500
0 0.919730 0.351000 0.060015 0.071000
0 0.897974 0.428750 0.054014 0.073500
0 0.860653 0.501250 0.058140 0.078500
0 0.906602 0.494750 0.054014 0.078500
0 0.899850 0.571500 0.061515 0.081000