0 0.250000 0.129500 0.052138 0.076000
0 0.235746 0.269500 0.051388 0.072000
0 0.282446 0.225500 0.048762 0.073000
0 0.317517 0.171500 0.049137 0.069000
0 0.336272 0.235250 0.046137 0.071500
0 0.362341 0.177500 0.049512 0.070000
0 0.385409 0.135500 0.051388 0.072000
0 0.399287 0.208500 0.049887 0.071000
0 0.434734 0.091500 0.056264 0.068000
0 0.434171 0.158750 0.051388 0.073500
0 0.462116 0.227250 0.048762 0.076500
0 0.478995 0.122000 0.055514 0.080000
0 0.506752 0.180750 0.052513 0.070500
0 0.512566 0.245000 0.048387 0.070000
0 0.498500 0.314000 0.051763 0.080000
0 0.443548 0.319500 0.054389 0.073000
0 0.402851 0.287500 0.054014 0.067000
0 0.346399 0.293000 0.057389 0.070000
0 0.310015 0.279250 0.043136 0.070500
0 0.237434 0.345500 0.050263 0.069000
0 0.285446 0.368250 0.048762 0.073500
0 0.326332 0.384250 0.048012 0.065500
0 0.389910 0.368500 0.047637 0.067000
0 0.394036 0.422750 0.050638 0.060500
0 0.447674 0.396000 0.049887 0.067000
0 0.494374 0.384500 0.051763 0.068000
0 0.552701 0.337750 0.048387 0.071500
0 0.506752 0.451750 0.052513 0.068500
0 0.546512 0.471250 0.048762 0.074500
0 0.571268 0.424250 0.051763 0.069500
0 0.557577 0.536750 0.049137 0.063500
0 0.524194 0.582250 0.043886 0.064500
0 0.478245 0.581250 0.045761 0.070500
0 0.460240 0.509000 0.048012 0.058000
0 0.444299 0.458500 0.050638 0.069000
0 0.418042 0.489750 0.046887 0.062500
0 0.429107 0.547500 0.048012 0.060000
0 0.389722 0.532750 0.039760 0.063500
0 0.353526 0.486000 0.044636 0.058000
0 0.346774 0.515000 0.043886 0.055000
0 0.295574 0.563750 0.048762 0.056500
0 0.324269 0.620000 0.045386 0.060000
0 0.366279 0.591750 0.048387 0.058500
0 0.291823 0.465250 0.045011 0.063500
0 0.274381 0.507000 0.043886 0.061000
0 0.255814 0.416750 0.048762 0.062500
0 0.204426 0.404000 0.049512 0.060000
0 0.198800 0.452500 0.043511 0.058000
0 0.222431 0.498000 0.042011 0.062000
0 0.147599 0.463500 0.051388 0.056000
0 0.183983 0.497500 0.046137 0.059000
0 0.200863 0.552250 0.044636 0.058500
0 0.246999 0.561000 0.043136 0.059000
0 0.250000 0.606000 0.047637 0.064000
0 0.185109 0.640500 0.048387 0.053000
0 0.207052 0.694500 0.045761 0.054000
0 0.234996 0.732500 0.051388 0.052000
0 0.278507 0.718500 0.046887 0.056000
0 0.264441 0.666000 0.050263 0.055000
0 0.256377 0.776750 0.044636 0.060500
0 0.291448 0.764500 0.048762 0.048000
0 0.284884 0.814250 0.039385 0.052500
0 0.318080 0.809500 0.048762 0.047000
0 0.349400 0.777000 0.040885 0.052000
0 0.353151 0.839250 0.046137 0.053500
0 0.305514 0.869750 0.049887 0.058500
0 0.345086 0.895500 0.044261 0.057000
0 0.385784 0.869500 0.045386 0.050000
0 0.393473 0.820500 0.045011 0.055000
0 0.429107 0.841750 0.042761 0.050500
0 0.468305 0.866750 0.051388 0.060500
0 0.392911 0.770750 0.052138 0.052500
0 0.432671 0.748000 0.043136 0.068000
0 0.458552 0.781500 0.052138 0.055000
0 0.430233 0.795250 0.042761 0.048500
0 0.492873 0.813500 0.041260 0.059000
0 0.528507 0.822000 0.047262 0.059000
0 0.557014 0.779000 0.048762 0.048000
0 0.583083 0.803750 0.048387 0.052500
0 0.510690 0.756000 0.049887 0.048000
0 0.494374 0.725500 0.047262 0.053000
0 0.451800 0.693500 0.050638 0.053000
0 0.339647 0.719750 0.046887 0.055500
0 0.319767 0.668500 0.049137 0.050000
0 0.364966 0.670000 0.045761 0.053000
0 0.394974 0.703750 0.048762 0.051500
0 0.411853 0.656750 0.045761 0.050500
0 0.436047 0.609750 0.044636 0.056500
0 0.476182 0.638000 0.042386 0.054000
0 0.524756 0.642750 0.045011 0.057500
0 0.533196 0.677750 0.046887 0.049500
0 0.568455 0.646000 0.051388 0.063000
0 0.581208 0.587750 0.052138 0.059500
0 0.581020 0.709750 0.053263 0.059500
0 0.626219 0.780250 0.046137 0.058500
0 0.662978 0.764250 0.045386 0.056500
0 0.703488 0.777500 0.036384 0.058000
0 0.719617 0.738500 0.052888 0.061000
0 0.745874 0.756750 0.037884 0.046500
0 0.743623 0.670750 0.044636 0.052500
0 0.706114 0.658750 0.045386 0.059500
0 0.619655 0.706500 0.047262 0.060000
0 0.647412 0.685750 0.050263 0.051500
0 0.656414 0.637250 0.054014 0.055500
0 0.763691 0.635750 0.050263 0.058500
0 0.629032 0.572500 0.045761 0.060000
0 0.674981 0.561500 0.055139 0.063000
0 0.718492 0.588500 0.049137 0.065000
0 0.762378 0.563750 0.050638 0.060500
0 0.801013 0.550250 0.046137 0.050500
0 0.799700 0.485750 0.050263 0.058500
0 0.734809 0.496250 0.048012 0.068500
0 0.691110 0.498750 0.049887 0.062500
0 0.596212 0.486250 0.046887 0.058500
0 0.634284 0.514000 0.051013 0.068000
0 0.636722 0.443750 0.047637 0.065500
0 0.691298 0.432750 0.055514 0.060500
0 0.737059 0.422500 0.047262 0.071000
0 0.781883 0.436000 0.045386 0.067000
0 0.610840 0.375750 0.052138 0.051500
0 0.596399 0.318250 0.046512 0.074500
0 0.639722 0.322750 0.046887 0.075500
0 0.678545 0.369000 0.052513 0.072000
0 0.719805 0.327250 0.057014 0.067500
0 0.758252 0.325500 0.048387 0.065000
0 0.778882 0.371000 0.050638 0.066000
0 0.814329 0.391500 0.048012 0.060000
0 0.842648 0.339750 0.051388 0.062500
0 0.761815 0.250000 0.056264 0.071000
0 0.822956 0.271750 0.063016 0.072500
0 0.807952 0.211250 0.058515 0.064500
0 0.686984 0.283000 0.053638 0.072000
0 0.716242 0.224750 0.054389 0.073500
0 0.729182 0.139250 0.053263 0.078500
0 0.754876 0.181250 0.052888 0.078500
0 0.664479 0.153500 0.057389 0.078000
0 0.610465 0.139250 0.051388 0.071500
0 0.554951 0.161500 0.052888 0.075000
0 0.604651 0.198750 0.063016 0.068500
0 0.627719 0.246000 0.057389 0.067000
0 0.565454 0.250750 0.054389 0.068500