0 0.128845 0.784250 0.051388 0.070500
0 0.165229 0.833750 0.046137 0.064500
0 0.185296 0.767750 0.054764 0.070500
0 0.229557 0.795000 0.063766 0.078000
0 0.299887 0.729250 0.056639 0.063500
0 0.356527 0.759000 0.056639 0.050000
0 0.355026 0.723750 0.049887 0.071500
0 0.409040 0.723250 0.048387 0.074500
0 0.452738 0.702000 0.048012 0.057000
0 0.489497 0.729000 0.045761 0.061000
0 0.126407 0.711000 0.054014 0.078000
0 0.149850 0.694500 0.055889 0.089000
0 0.183233 0.631250 0.062641 0.065500
0 0.212116 0.705000 0.055889 0.063000
0 0.261440 0.626750 0.059265 0.067500
0 0.305889 0.658750 0.053638 0.072500
0 0.363466 0.634500 0.049512 0.066000
0 0.314141 0.584500 0.049137 0.066000
0 0.249625 0.571000 0.064891 0.060000
0 0.182483 0.537250 0.052138 0.078500
0 0.115529 0.586000 0.063766 0.076000
0 0.127157 0.625750 0.051763 0.048500
0 0.124906 0.496000 0.069017 0.077000
0 0.167104 0.438250 0.070143 0.088500
0 0.235934 0.410750 0.069017 0.081500
0 0.248875 0.475000 0.055889 0.071000
0 0.299137 0.520250 0.059640 0.071500
0 0.328582 0.452250 0.051763 0.075500
0 0.304951 0.383000 0.062266 0.078000
0 0.207239 0.319000 0.064141 0.087000
0 0.260503 0.298000 0.076144 0.097000
0 0.309077 0.233500 0.078770 0.086000
0 0.339647 0.323000 0.057389 0.088000
0 0.382971 0.374250 0.054014 0.072500
0 0.406977 0.314250 0.051013 0.071500
0 0.376594 0.455250 0.048762 0.079500
0 0.426107 0.407500 0.050263 0.072000
0 0.427794 0.478250 0.049887 0.071500
0 0.383158 0.519250 0.056639 0.062500
0 0.395911 0.576500 0.055889 0.058000
0 0.414104 0.641250 0.054764 0.064500
0 0.454614 0.588750 0.052513 0.055500
0 0.507127 0.586750 0.054014 0.065500
0 0.478057 0.646250 0.045386 0.061500
0 0.532821 0.715750 0.053638 0.073500
0 0.547637 0.629250 0.051013 0.062500
0 0.588897 0.679000 0.042761 0.063000
0 0.585896 0.594750 0.048012 0.065500
0 0.592086 0.529250 0.045386 0.064500
0 0.475994 0.520000 0.051763 0.061000
0 0.519317 0.523500 0.048387 0.066000
0 0.560390 0.468500 0.051763 0.072000
0 0.483121 0.448750 0.051013 0.058500
0 0.504501 0.395750 0.050263 0.062500
0 0.574269 0.408750 0.057014 0.080500
0 0.605214 0.428500 0.046137 0.064000
0 0.459865 0.343750 0.054764 0.072500
0 0.521193 0.329750 0.050638 0.066500
0 0.588522 0.343000 0.053263 0.071000
0 0.422731 0.213000 0.063016 0.079000
0 0.471118 0.265500 0.069017 0.092000
0 0.495311 0.175750 0.066392 0.085500
0 0.538447 0.237250 0.057389 0.083500
0 0.560953 0.185500 0.049887 0.088000
0 0.561890 0.282250 0.056264 0.077500
0 0.626782 0.289000 0.046512 0.079000
0 0.666354 0.204750 0.069392 0.094500
0 0.701238 0.277000 0.050638 0.075000
0 0.724869 0.309250 0.046887 0.074500
0 0.738372 0.239250 0.052138 0.058500
0 0.763503 0.181250 0.042386 0.072500
0 0.797449 0.231500 0.051763 0.071000
0 0.863278 0.201000 0.064891 0.068000
0 0.777007 0.306000 0.046887 0.069000
0 0.734996 0.377000 0.050638 0.064000
0 0.666354 0.391500 0.071643 0.083000
0 0.733308 0.435750 0.042011 0.064500
0 0.681545 0.463000 0.046512 0.061000
0 0.637097 0.485000 0.055139 0.067000
0 0.665979 0.533500 0.043136 0.063000
0 0.707802 0.515000 0.044261 0.063000
0 0.758627 0.506250 0.043886 0.058500
0 0.795761 0.455500 0.045386 0.057000
0 0.643848 0.588750 0.051388 0.057500
0 0.643098 0.644750 0.038635 0.056500
0 0.637097 0.689500 0.040135 0.048000
0 0.679482 0.748250 0.043136 0.053500
0 0.715866 0.729750 0.040885 0.053500
0 0.754876 0.774000 0.049887 0.054000
0 0.822018 0.769250 0.044636 0.064500
0 0.859152 0.747250 0.043136 0.054500
0 0.820518 0.677750 0.043136 0.062500
0 0.732746 0.664500 0.046887 0.065000
0 0.753938 0.677000 0.045011 0.058000
0 0.730495 0.587000 0.048387 0.062000
0 0.747937 0.611250 0.041260 0.051500
0 0.792573 0.574500 0.041260 0.067000
0 0.846399 0.622250 0.050638 0.068500
0 0.924231 0.825250 0.055514 0.063500
0 0.931170 0.748000 0.044636 0.076000
0 0.885596 0.594250 0.036009 0.065500
0 0.907352 0.630500 0.036759 0.063000
0 0.847524 0.463750 0.046887 0.066500
0 0.891785 0.450250 0.047637 0.068500
0 0.822393 0.395000 0.046137 0.075000
0 0.875281 0.347750 0.051388 0.073500