0 0.113841 0.411000 0.033383 0.048000
0 0.115904 0.448500 0.033758 0.037000
0 0.152288 0.429250 0.030008 0.043500
0 0.150600 0.467250 0.030383 0.041500
0 0.179857 0.473250 0.031133 0.038500
0 0.202738 0.500000 0.034134 0.046000
0 0.209677 0.456500 0.032258 0.043000
0 0.185859 0.413000 0.029632 0.036000
0 0.128095 0.371500 0.027382 0.043000
0 0.170668 0.369500 0.027757 0.041000
0 0.197674 0.373250 0.032258 0.036500
0 0.171230 0.317750 0.031883 0.047500
0 0.195799 0.338000 0.031508 0.038000
0 0.228620 0.345000 0.032633 0.041000
0 0.208365 0.302500 0.031883 0.039000
0 0.237997 0.390500 0.034884 0.044000
0 0.211553 0.409000 0.028507 0.047000
0 0.234434 0.438250 0.032258 0.043500
0 0.235184 0.486250 0.033758 0.048500
0 0.152663 0.509500 0.033008 0.041000
0 0.114029 0.525250 0.033008 0.044500
0 0.143661 0.549000 0.033008 0.048000
0 0.170480 0.562500 0.034134 0.039000
0 0.192986 0.592000 0.034884 0.038000
0 0.163916 0.590250 0.033758 0.032500
0 0.116842 0.592250 0.029632 0.044500
0 0.177419 0.639500 0.036759 0.039000
0 0.211740 0.657500 0.031883 0.039000
0 0.239310 0.649000 0.034509 0.038000
0 0.265379 0.666750 0.034134 0.043500
0 0.268942 0.624750 0.033758 0.043500
0 0.294449 0.646000 0.034509 0.044000
0 0.311890 0.674000 0.030383 0.036000
0 0.309640 0.613750 0.032633 0.033500
0 0.284321 0.590000 0.024006 0.038000
0 0.230870 0.611750 0.027382 0.036500
0 0.228057 0.563750 0.032258 0.026500
0 0.242311 0.588000 0.034509 0.044000
0 0.195424 0.539500 0.033758 0.047000
0 0.230120 0.528250 0.031883 0.042500
0 0.257877 0.551000 0.031883 0.036000
0 0.274381 0.501750 0.031133 0.044500
0 0.295761 0.555250 0.027382 0.039500
0 0.313578 0.566000 0.029257 0.044000
0 0.346587 0.593500 0.033008 0.038000
0 0.369467 0.575500 0.027757 0.043000
0 0.347149 0.555000 0.028882 0.035000
0 0.328582 0.529500 0.022506 0.029000
0 0.299700 0.516500 0.029257 0.045000
0 0.285634 0.463000 0.033383 0.034000
0 0.317517 0.469750 0.035634 0.039500
0 0.325394 0.503000 0.026632 0.034000
0 0.346212 0.518500 0.027757 0.039000
0 0.376594 0.520500 0.031508 0.043000
0 0.355401 0.480250 0.034884 0.041500
0 0.382033 0.484000 0.028132 0.042000
0 0.336459 0.644500 0.031508 0.043000
0 0.357839 0.636000 0.030758 0.044000
0 0.343023 0.686750 0.032633 0.046500
0 0.319580 0.717500 0.030008 0.039000
0 0.296699 0.737000 0.026257 0.048000
0 0.263878 0.744000 0.037884 0.048000
0 0.249812 0.779000 0.030758 0.042000
0 0.241373 0.711500 0.031883 0.035000
0 0.197487 0.718000 0.037884 0.046000
0 0.290135 0.784500 0.031883 0.047000
0 0.303638 0.813500 0.036384 0.049000
0 0.321643 0.843000 0.037134 0.040000
0 0.326144 0.762250 0.029632 0.042500
0 0.342086 0.745750 0.031508 0.037500
0 0.352401 0.796500 0.031133 0.045000
0 0.368342 0.775750 0.032258 0.042500
0 0.366092 0.718250 0.033008 0.042500
0 0.379407 0.814000 0.034134 0.042000
0 0.406414 0.824750 0.025131 0.038500
0 0.406602 0.844250 0.031508 0.028500
0 0.436609 0.863750 0.035259 0.043500
0 0.461178 0.825500 0.023631 0.037000
0 0.421418 0.789500 0.023631 0.048000
0 0.395724 0.773500 0.027757 0.047000
0 0.397224 0.735500 0.030758 0.044000
0 0.437172 0.744250 0.032633 0.040500
0 0.447112 0.792250 0.027757 0.047500
0 0.473556 0.768500 0.031883 0.047000
0 0.481808 0.816500 0.031133 0.038000
0 0.425169 0.706500 0.028882 0.043000
0 0.400038 0.689250 0.031133 0.041500
0 0.379595 0.665500 0.031508 0.037000
0 0.408665 0.659000 0.028882 0.042000
0 0.401350 0.615750 0.033008 0.039500
0 0.423481 0.591750 0.032258 0.043500
0 0.441110 0.629250 0.025506 0.037500
0 0.447112 0.674750 0.035259 0.044500
0 0.469430 0.721000 0.032633 0.050000
0 0.412603 0.557500 0.033008 0.039000
0 0.406039 0.518500 0.028132 0.038000
0 0.438860 0.540750 0.030008 0.039500
0 0.461178 0.510000 0.034884 0.044000
0 0.477494 0.545750 0.033008 0.046500
0 0.414666 0.476750 0.031883 0.044500
0 0.267817 0.425000 0.030008 0.036000
0 0.292011 0.426500 0.027382 0.039000
0 0.260878 0.363750 0.025881 0.038500
0 0.288635 0.388750 0.031883 0.038500
0 0.317142 0.396500 0.033383 0.039000
0 0.340773 0.425000 0.031883 0.040000
0 0.200863 0.267250 0.026632 0.041500
0 0.219992 0.234000 0.028882 0.047000
0 0.247562 0.265000 0.030008 0.040000
0 0.278507 0.279000 0.029632 0.036000
0 0.263691 0.323250 0.023256 0.042500
0 0.289197 0.351500 0.033758 0.037000
0 0.313391 0.320000 0.028132 0.042000
0 0.332333 0.365000 0.036009 0.045000
0 0.307764 0.267500 0.032633 0.043000
0 0.337397 0.287500 0.030383 0.041000
0 0.348462 0.327250 0.032258 0.041500
0 0.364404 0.358750 0.032633 0.042500
0 0.375656 0.414500 0.034884 0.049000
0 0.370593 0.286500 0.031508 0.037000
0 0.396287 0.309000 0.032633 0.030000
0 0.393098 0.348000 0.031508 0.041000
0 0.420668 0.354750 0.027382 0.036500
0 0.437359 0.372750 0.028507 0.038500
0 0.393098 0.387500 0.032258 0.035000
0 0.415791 0.388750 0.021380 0.038500
0 0.430420 0.408750 0.031133 0.037500
0 0.402851 0.424000 0.030758 0.044000
0 0.456489 0.447000 0.034509 0.044000
0 0.481808 0.470750 0.033383 0.042500
0 0.509377 0.501250 0.027757 0.043500
0 0.493998 0.521000 0.024756 0.036000
0 0.459865 0.404000 0.030758 0.040000
0 0.491748 0.411750 0.033758 0.040500
0 0.514066 0.443500 0.031133 0.041000
0 0.483121 0.368500 0.028507 0.037000
0 0.448050 0.334250 0.032633 0.039500
0 0.431545 0.309250 0.025131 0.040500
0 0.458740 0.296250 0.029257 0.041500
0 0.484996 0.332500 0.025506 0.039000
0 0.491560 0.295750 0.025881 0.039500
0 0.514254 0.301250 0.024756 0.039500
0 0.513691 0.343750 0.028132 0.038500
0 0.516692 0.388000 0.028132 0.040000
0 0.537884 0.411000 0.030758 0.046000
0 0.548012 0.361000 0.033758 0.046000
0 0.541823 0.325750 0.026632 0.041500
0 0.566017 0.302750 0.032258 0.040500
0 0.568642 0.352750 0.025506 0.038500
0 0.507127 0.560500 0.030008 0.035000
0 0.522693 0.601000 0.036384 0.043000
0 0.536759 0.569500 0.030758 0.041000
0 0.549137 0.605250 0.026257 0.040500
0 0.452926 0.602750 0.031883 0.033500
0 0.470180 0.634500 0.035634 0.038000
0 0.506564 0.637000 0.031883 0.041000
0 0.539385 0.645250 0.031508 0.039500
0 0.475994 0.674000 0.031508 0.044000
0 0.494936 0.697500 0.031133 0.037000
0 0.504689 0.728750 0.034884 0.044500
0 0.495499 0.763500 0.021755 0.043000
0 0.529070 0.762250 0.028882 0.036500
0 0.524194 0.693000 0.028132 0.052000
0 0.554389 0.724250 0.030008 0.039500
0 0.508440 0.803500 0.028132 0.041000
0 0.550825 0.786500 0.040135 0.045000
0 0.584584 0.789250 0.034134 0.032500
0 0.625656 0.779000 0.031508 0.036000
0 0.566017 0.742500 0.033008 0.041000
0 0.578020 0.712750 0.027757 0.042500
0 0.601650 0.742750 0.031508 0.039500
0 0.648350 0.746750 0.032633 0.037500
0 0.628095 0.716750 0.028132 0.038500
0 0.573143 0.671500 0.029257 0.034000
0 0.597524 0.679500 0.030758 0.033000
0 0.647037 0.683000 0.037509 0.040000
0 0.669542 0.716000 0.039760 0.042000
0 0.677044 0.671250 0.029257 0.040500
0 0.607652 0.647250 0.031508 0.033500
0 0.579895 0.637000 0.034509 0.036000
0 0.595274 0.608750 0.033758 0.039500
0 0.582333 0.573250 0.040135 0.043500
0 0.549700 0.534750 0.028882 0.041500
0 0.582896 0.536500 0.036009 0.039000
0 0.619092 0.581500 0.028882 0.043000
0 0.639910 0.589750 0.030008 0.046500
0 0.649287 0.626250 0.032258 0.047500
0 0.671043 0.620250 0.027007 0.047500
0 0.542761 0.492750 0.033008 0.040500
0 0.553263 0.455500 0.038260 0.039000
0 0.578395 0.464500 0.030758 0.041000
0 0.578207 0.502000 0.034134 0.040000
0 0.610465 0.504000 0.033383 0.042000
0 0.643473 0.507750 0.037134 0.044500
0 0.618905 0.539750 0.033008 0.028500
0 0.647974 0.554750 0.032633 0.041500
0 0.657727 0.523250 0.025881 0.035500
0 0.593586 0.309750 0.029632 0.046500
0 0.604651 0.344500 0.027007 0.040000
0 0.594524 0.375000 0.030758 0.029000
0 0.569392 0.388000 0.030758 0.039000
0 0.565641 0.425750 0.030008 0.038500
0 0.596962 0.411000 0.028882 0.038000
0 0.599587 0.446750 0.033383 0.044500
0 0.623781 0.425750 0.027007 0.038500
0 0.635784 0.459500 0.035259 0.042000
0 0.626594 0.381500 0.035634 0.039000
0 0.632971 0.336500 0.031133 0.039000
0 0.630158 0.305000 0.030008 0.030000
0 0.661478 0.333250 0.027382 0.038500
0 0.675731 0.301250 0.026632 0.036500
0 0.688297 0.345250 0.026257 0.046500
0 0.653413 0.369250 0.029257 0.037500
0 0.683983 0.382500 0.029632 0.036000
0 0.650788 0.408750 0.035259 0.038500
0 0.681358 0.417750 0.031133 0.041500
0 0.653788 0.447250 0.030008 0.044500
0 0.670855 0.485750 0.033383 0.042500
0 0.680795 0.458750 0.027757 0.033500
0 0.703301 0.485000 0.029257 0.038000
0 0.700675 0.527000 0.039760 0.040000
0 0.706114 0.566000 0.031883 0.041000
0 0.672918 0.582250 0.028507 0.038500
0 0.691110 0.597750 0.031133 0.045500
0 0.720180 0.618250 0.031508 0.035500
0 0.711553 0.651750 0.032258 0.040500
0 0.713428 0.713500 0.039010 0.049000
0 0.736684 0.684750 0.030008 0.042500
0 0.756002 0.696250 0.031883 0.037500
0 0.778882 0.674500 0.028132 0.045000
0 0.742686 0.641500 0.036009 0.043000
0 0.782446 0.636250 0.027757 0.039500
0 0.747562 0.601750 0.029257 0.042500
0 0.815829 0.640500 0.030758 0.041000
0 0.799325 0.607500 0.023256 0.037000
0 0.829707 0.609750 0.036009 0.034500
0 0.791635 0.578250 0.028882 0.044500
0 0.825956 0.573500 0.040510 0.043000
0 0.854651 0.583750 0.024381 0.043500
0 0.760503 0.552500 0.035634 0.038000
0 0.729557 0.545500 0.029257 0.043000
0 0.735934 0.502750 0.030758 0.045500
0 0.773443 0.518250 0.029257 0.044500
0 0.780758 0.495750 0.029632 0.030500
0 0.808702 0.514000 0.032258 0.039000
0 0.799325 0.548000 0.030758 0.046000
0 0.833833 0.544500 0.028507 0.044000
0 0.789197 0.461500 0.030008 0.043000
0 0.754876 0.463000 0.029632 0.038000
0 0.723368 0.440500 0.031883 0.041000
0 0.729370 0.462500 0.028882 0.037000
0 0.738747 0.421000 0.033383 0.030000
0 0.761065 0.415500 0.030758 0.033000
0 0.718305 0.394500 0.024756 0.048000
0 0.745499 0.384500 0.035634 0.034000
0 0.728432 0.328250 0.030008 0.045500
0 0.744561 0.333750 0.021005 0.034500
0 0.758440 0.350500 0.028507 0.035000
0 0.801388 0.364500 0.027382 0.037000
0 0.791073 0.391750 0.029257 0.040500
0 0.830458 0.380000 0.024006 0.040000
0 0.827832 0.420250 0.027757 0.038500
0 0.850713 0.422500 0.030008 0.039000
0 0.873406 0.445250 0.030383 0.039500
0 0.856152 0.466250 0.031133 0.045500
0 0.876782 0.501250 0.031133 0.041500
0 0.873593 0.564000 0.030758 0.041000
0 0.099587 0.489750 0.024381 0.050500