0 0.126594 0.319750 0.053638 0.077500
0 0.161665 0.272750 0.054764 0.070500
0 0.221680 0.303000 0.048762 0.077000
0 0.272131 0.276750 0.062641 0.067500
0 0.314516 0.314500 0.059640 0.078000
0 0.299325 0.214750 0.054014 0.082500
0 0.338710 0.178500 0.064516 0.082000
0 0.364591 0.274750 0.060765 0.077500
0 0.371155 0.352000 0.060390 0.066000
0 0.420105 0.319000 0.045011 0.074000
0 0.285446 0.388000 0.053263 0.071000
0 0.184546 0.353500 0.051013 0.062000
0 0.196549 0.424500 0.060765 0.075000
0 0.064704 0.442750 0.050638 0.076500
0 0.111403 0.502750 0.047262 0.066500
0 0.150225 0.489500 0.046887 0.073000
0 0.114779 0.565250 0.054014 0.061500
0 0.156227 0.555750 0.052888 0.070500
0 0.198612 0.555500 0.062641 0.079000
0 0.254126 0.490500 0.049137 0.069000
0 0.299325 0.522500 0.039010 0.073000
0 0.328770 0.468750 0.049887 0.071500
0 0.366654 0.419750 0.057389 0.069500
0 0.379032 0.500250 0.061890 0.074500
0 0.262378 0.590750 0.049887 0.065500
0 0.159227 0.617750 0.049137 0.064500
0 0.076332 0.671500 0.056639 0.070000
0 0.151725 0.687250 0.053638 0.065500
0 0.204051 0.654250 0.058515 0.070500
0 0.235746 0.700000 0.056639 0.069000
0 0.184359 0.775750 0.055889 0.061500
0 0.232183 0.784500 0.048762 0.065000
0 0.306827 0.725000 0.054764 0.069000
0 0.333833 0.741250 0.042011 0.056500
0 0.367029 0.697500 0.057389 0.066000
0 0.365529 0.789250 0.039385 0.063500
0 0.410915 0.630750 0.048387 0.071500
0 0.417667 0.690000 0.052888 0.063000
0 0.307952 0.622250 0.046512 0.065500
0 0.363278 0.588500 0.047637 0.061000
0 0.412791 0.565000 0.052888 0.069000
0 0.446549 0.496750 0.046137 0.065500
0 0.427794 0.427750 0.041635 0.068500
0 0.460803 0.375500 0.051388 0.067000
0 0.476369 0.443750 0.048012 0.067500
0 0.485371 0.565500 0.045011 0.061000
0 0.490998 0.615500 0.041260 0.065000
0 0.516879 0.639250 0.042011 0.065500
0 0.525506 0.580500 0.050263 0.064000
0 0.517067 0.513750 0.046137 0.069500
0 0.407539 0.231500 0.049137 0.076000
0 0.458177 0.218500 0.060390 0.075000
0 0.464929 0.308500 0.053638 0.067000
0 0.508065 0.194750 0.050638 0.071500
0 0.522506 0.278500 0.048012 0.081000
0 0.518005 0.355000 0.053263 0.070000
0 0.553076 0.228750 0.056639 0.077500
0 0.559827 0.317500 0.054389 0.077000
0 0.557389 0.390500 0.045761 0.070000
0 0.536759 0.448750 0.050263 0.060500
0 0.590398 0.497250 0.048012 0.066500
0 0.568642 0.552250 0.048762 0.055500
0 0.573143 0.601250 0.051013 0.057500
0 0.621905 0.632750 0.053263 0.065500
0 0.637847 0.569000 0.046887 0.070000
0 0.678732 0.577750 0.049887 0.057500
0 0.637659 0.497750 0.047262 0.067500
0 0.681358 0.513500 0.048387 0.060000
0 0.606339 0.407000 0.051388 0.067000
0 0.669730 0.433500 0.050638 0.062000
0 0.671793 0.367000 0.051763 0.059000
0 0.616092 0.335250 0.048387 0.067500
0 0.608777 0.272750 0.050263 0.075500
0 0.651350 0.287750 0.046887 0.071500
0 0.599212 0.192750 0.049887 0.070500
0 0.657727 0.202750 0.052138 0.060500
0 0.718680 0.212500 0.051013 0.059000
0 0.763316 0.231500 0.042761 0.068000
0 0.726557 0.275250 0.054764 0.067500
0 0.714179 0.338750 0.051013 0.069500
0 0.740060 0.396000 0.052513 0.059000
0 0.785071 0.295750 0.046512 0.075500
0 0.828770 0.267750 0.054389 0.068500
0 0.870968 0.325250 0.052513 0.072500
0 0.881845 0.369750 0.043511 0.056500
0 0.800825 0.365500 0.053263 0.067000
0 0.870780 0.421500 0.051388 0.075000
0 0.909790 0.439750 0.051388 0.073500
0 0.785071 0.454250 0.050263 0.069500
0 0.717554 0.464500 0.050263 0.067000
0 0.749062 0.506000 0.046512 0.059000
0 0.827644 0.501000 0.050638 0.062000
0 0.861028 0.484000 0.042386 0.064000
0 0.784696 0.546750 0.048762 0.062500
0 0.810578 0.547500 0.039760 0.060000
0 0.734809 0.563000 0.047262 0.062000
0 0.723368 0.636000 0.045386 0.062000
0 0.721680 0.680500 0.046512 0.051000
0 0.667479 0.655500 0.040135 0.065000
0 0.702176 0.732250 0.049512 0.061500
0 0.624719 0.697000 0.044636 0.064000
0 0.766129 0.619250 0.048387 0.056500
0 0.763503 0.680500 0.040135 0.058000
0 0.813766 0.667000 0.037134 0.068000
0 0.808890 0.609000 0.043886 0.054000
0 0.855776 0.617000 0.045386 0.050000
0 0.879032 0.581500 0.043136 0.060000
0 0.910540 0.606750 0.052888 0.057500