0 0.112716 0.439500 0.071643 0.099000
0 0.159040 0.527250 0.063766 0.096500
0 0.209865 0.573000 0.061890 0.083000
0 0.257877 0.544250 0.069392 0.080500
0 0.290698 0.629250 0.071268 0.095500
0 0.210428 0.452500 0.078020 0.102000
0 0.162041 0.377000 0.066767 0.095000
0 0.219430 0.305250 0.078020 0.084500
0 0.269505 0.380750 0.072393 0.095500
0 0.296699 0.298000 0.069017 0.103000
0 0.349025 0.392750 0.076894 0.089500
0 0.392161 0.310000 0.076144 0.102000
0 0.424419 0.396750 0.064891 0.091500
0 0.299700 0.466250 0.074269 0.096500
0 0.372468 0.478000 0.075019 0.089000
0 0.328020 0.558000 0.069392 0.094000
0 0.396474 0.564750 0.064516 0.102500
0 0.363653 0.633000 0.063391 0.086000
0 0.395911 0.709750 0.072393 0.088500
0 0.468680 0.760250 0.064891 0.084500
0 0.434546 0.630500 0.071643 0.078000
0 0.491185 0.668000 0.068642 0.089000
0 0.459490 0.548500 0.069017 0.092000
0 0.513691 0.591250 0.073143 0.088500
0 0.565641 0.658000 0.075019 0.093000
0 0.539010 0.718250 0.073518 0.082500
0 0.563953 0.804500 0.063391 0.090000
0 0.474306 0.463250 0.067892 0.087500
0 0.481808 0.367000 0.072393 0.099000
0 0.481245 0.272750 0.069017 0.100500
0 0.548200 0.330750 0.071643 0.102500
0 0.609902 0.358750 0.073518 0.098500
0 0.559452 0.427750 0.069392 0.091500
0 0.623968 0.455750 0.064891 0.099500
0 0.541073 0.510250 0.073893 0.086500
0 0.592461 0.555750 0.070143 0.088500
0 0.617967 0.247000 0.077644 0.106000
0 0.666542 0.294500 0.070518 0.098000
0 0.678357 0.396000 0.070143 0.100000
0 0.737434 0.302250 0.066767 0.100500
0 0.784696 0.358000 0.082521 0.097000
0 0.831583 0.287750 0.072768 0.102500
0 0.871530 0.381000 0.078395 0.096000
0 0.742123 0.423000 0.067892 0.091000
0 0.750000 0.514000 0.066392 0.095000
0 0.807577 0.461000 0.068267 0.095000
0 0.898162 0.464000 0.076894 0.092000
0 0.912228 0.559500 0.078020 0.097000
0 0.811328 0.557750 0.078770 0.096500
0 0.662791 0.538750 0.072018 0.086500
0 0.631470 0.618250 0.071643 0.080500
0 0.706114 0.603500 0.073143 0.096000
0 0.676482 0.685500 0.077644 0.092000
0 0.614029 0.743750 0.073518 0.082500
0 0.778695 0.652500 0.073518 0.089000
0 0.852026 0.657250 0.073893 0.084500
0 0.803263 0.723250 0.069392 0.078500
0 0.740623 0.729750 0.068642 0.089500
0 0.676857 0.754750 0.065641 0.079500
0 0.730120 0.806000 0.070143 0.087000
0 0.684546 0.853500 0.067517 0.099000
0 0.624531 0.827250 0.067517 0.089500