0 0.136364 0.231000 0.034792 0.053000
0 0.132997 0.276750 0.035541 0.044500
0 0.147400 0.320750 0.032922 0.047500
0 0.126076 0.359250 0.037411 0.043500
0 0.130378 0.401750 0.033296 0.038500
0 0.158249 0.412750 0.035915 0.046500
0 0.144033 0.441750 0.035166 0.035500
0 0.184624 0.447000 0.029555 0.041000
0 0.157875 0.488000 0.032174 0.041000
0 0.184624 0.511000 0.028058 0.040000
0 0.206322 0.487250 0.031051 0.044500
0 0.216423 0.527500 0.033296 0.039000
0 0.246165 0.557750 0.034418 0.037500
0 0.260195 0.522500 0.032548 0.040000
0 0.244295 0.480750 0.028432 0.038500
0 0.213431 0.446000 0.032548 0.043000
0 0.252712 0.447500 0.031799 0.041000
0 0.271044 0.476750 0.032548 0.038500
0 0.302469 0.491000 0.031051 0.042000
0 0.303217 0.530750 0.034792 0.037500
0 0.335017 0.563250 0.031051 0.037500
0 0.335017 0.506750 0.031051 0.042500
0 0.322297 0.468000 0.033296 0.038000
0 0.280771 0.436750 0.033296 0.045500
0 0.255705 0.405750 0.030303 0.049500
0 0.228208 0.403750 0.030677 0.044500
0 0.194725 0.398750 0.031799 0.040500
0 0.166667 0.361250 0.031799 0.044500
0 0.194725 0.338250 0.034792 0.045500
0 0.226525 0.363500 0.029555 0.040000
0 0.254957 0.351750 0.033296 0.040500
0 0.289001 0.392750 0.037785 0.041500
0 0.319117 0.423500 0.034418 0.040000
0 0.348111 0.422250 0.034044 0.049500
0 0.317995 0.382500 0.036663 0.039000
0 0.286569 0.353500 0.037411 0.046000
0 0.253461 0.305500 0.033296 0.053000
0 0.209502 0.301750 0.035915 0.041500
0 0.172840 0.295500 0.034418 0.042000
0 0.181257 0.263250 0.035541 0.049500
0 0.165918 0.201250 0.034792 0.053500
0 0.205574 0.226250 0.034792 0.053500
0 0.224467 0.267500 0.033670 0.047000
0 0.219603 0.177250 0.034418 0.050500
0 0.242424 0.224500 0.034418 0.048000
0 0.266367 0.266250 0.035166 0.044500
0 0.297232 0.265250 0.029555 0.050500
0 0.293116 0.299250 0.034792 0.036500
0 0.326786 0.295750 0.038533 0.043500
0 0.326786 0.330750 0.034044 0.034500
0 0.355593 0.321750 0.034044 0.049500
0 0.376169 0.301500 0.030303 0.059000
0 0.354658 0.260500 0.037411 0.043000
0 0.248597 0.167500 0.037037 0.056000
0 0.290311 0.172250 0.037411 0.049500
0 0.282080 0.213000 0.033670 0.043000
0 0.317621 0.231000 0.034418 0.053000
0 0.328657 0.179500 0.036289 0.056000
0 0.356154 0.211000 0.042649 0.055000
0 0.377853 0.163000 0.036663 0.051000
0 0.398803 0.208000 0.037411 0.055000
0 0.419379 0.188500 0.036663 0.053000
0 0.407969 0.270000 0.034792 0.050000
0 0.441826 0.272500 0.036663 0.057000
0 0.417134 0.324750 0.038159 0.045500
0 0.385148 0.356500 0.033296 0.052000
0 0.349233 0.379250 0.035541 0.044500
0 0.381594 0.397750 0.035915 0.036500
0 0.417508 0.421500 0.035915 0.046000
0 0.422933 0.376250 0.038533 0.048500
0 0.395436 0.453250 0.034418 0.049500
0 0.360456 0.478750 0.036289 0.036500
0 0.393752 0.507500 0.037037 0.041000
0 0.370557 0.529500 0.031799 0.037000
0 0.394501 0.561750 0.033296 0.041500
0 0.413580 0.544750 0.032548 0.038500
0 0.428171 0.571750 0.030303 0.033500
0 0.454545 0.576500 0.029929 0.035000
0 0.450430 0.533250 0.030677 0.037500
0 0.481107 0.552750 0.031425 0.041500
0 0.490647 0.589750 0.030303 0.041500
0 0.509540 0.568250 0.029929 0.036500
0 0.522260 0.601250 0.031425 0.039500
0 0.466891 0.508250 0.029181 0.043500
0 0.436588 0.483750 0.033670 0.040500
0 0.448747 0.439250 0.031799 0.044500
0 0.476618 0.464750 0.032922 0.044500
0 0.457164 0.402250 0.033670 0.039500
0 0.489525 0.418750 0.031051 0.040500
0 0.517209 0.444750 0.031051 0.043500
0 0.525627 0.487750 0.034418 0.039500
0 0.501871 0.512750 0.031051 0.042500
0 0.535915 0.528000 0.031051 0.044000
0 0.563599 0.512500 0.033296 0.045000
0 0.567527 0.544000 0.029929 0.038000
0 0.542462 0.567000 0.032174 0.035000
0 0.555930 0.615250 0.031425 0.034500
0 0.587168 0.624250 0.030303 0.043500
0 0.586981 0.581500 0.031425 0.039000
0 0.454920 0.222750 0.033670 0.050500
0 0.472690 0.188250 0.040030 0.059500
0 0.512533 0.174000 0.044145 0.053000
0 0.536663 0.227000 0.032548 0.059000
0 0.505051 0.254250 0.035166 0.053500
0 0.474935 0.298250 0.037037 0.052500
0 0.522073 0.303750 0.034044 0.050500
0 0.555743 0.278250 0.037037 0.047500
0 0.574261 0.229000 0.039656 0.051000
0 0.560793 0.176500 0.034418 0.058000
0 0.601010 0.174500 0.044519 0.052000
0 0.609802 0.225750 0.037411 0.052500
0 0.592967 0.279250 0.037411 0.049500
0 0.551253 0.329500 0.030303 0.048000
0 0.518706 0.355000 0.034792 0.052000
0 0.453423 0.324000 0.038159 0.047000
0 0.473438 0.362250 0.040030 0.045500
0 0.527871 0.401500 0.039656 0.042000
0 0.559110 0.421750 0.032548 0.044500
0 0.570894 0.373750 0.033670 0.049500
0 0.552563 0.463250 0.033670 0.035500
0 0.587916 0.453500 0.032548 0.051000
0 0.603068 0.409250 0.032174 0.048500
0 0.625327 0.456750 0.034792 0.038500
0 0.596147 0.331250 0.034792 0.051500
0 0.627011 0.370750 0.035915 0.050500
0 0.604751 0.495250 0.036289 0.042500
0 0.600075 0.535750 0.031425 0.044500
0 0.623831 0.616500 0.032548 0.032000
0 0.622334 0.579750 0.031799 0.039500
0 0.633745 0.542000 0.032922 0.036000
0 0.658436 0.625500 0.031425 0.040000
0 0.696596 0.598500 0.035915 0.037000
0 0.658249 0.571250 0.034792 0.040500
0 0.693977 0.559750 0.032922 0.039500
0 0.732510 0.573500 0.035166 0.048000
0 0.669098 0.528750 0.038533 0.038500
0 0.705387 0.518000 0.037037 0.046000
0 0.755331 0.529250 0.033670 0.045500
0 0.639169 0.497250 0.031051 0.042500
0 0.673401 0.471250 0.037411 0.040500
0 0.661242 0.437250 0.039282 0.042500
0 0.713056 0.472750 0.040404 0.040500
0 0.752899 0.476250 0.040778 0.047500
0 0.702955 0.426000 0.035166 0.044000
0 0.737561 0.428750 0.035541 0.038500
0 0.784886 0.437750 0.037411 0.047500
0 0.739618 0.387250 0.036663 0.052500
0 0.772727 0.400000 0.041526 0.044000
0 0.781893 0.349500 0.033670 0.052000
0 0.693229 0.385250 0.035915 0.050500
0 0.654321 0.387250 0.035166 0.042500
0 0.634493 0.312250 0.037411 0.050500
0 0.668350 0.349500 0.041526 0.043000
0 0.716798 0.338500 0.040404 0.047000
0 0.685559 0.304500 0.034044 0.050000
0 0.751777 0.304750 0.038533 0.053500
0 0.650767 0.186250 0.039282 0.059500
0 0.678638 0.228750 0.038908 0.054500
0 0.707445 0.256250 0.041900 0.049500
0 0.648522 0.264750 0.038533 0.051500