0 0.231620 0.747500 0.042386 0.065000
0 0.232558 0.623250 0.044261 0.060500
0 0.267817 0.630000 0.044261 0.069000
0 0.313016 0.673750 0.042386 0.055500
0 0.347524 0.628750 0.046137 0.051500
0 0.362716 0.680250 0.044261 0.062500
0 0.353713 0.735000 0.039010 0.054000
0 0.397037 0.724750 0.042386 0.055500
0 0.415041 0.803000 0.037134 0.065000
0 0.444861 0.840500 0.039760 0.048000
0 0.404539 0.905500 0.040885 0.060000
0 0.447112 0.756750 0.044261 0.049500
0 0.488372 0.798000 0.042761 0.053000
0 0.488372 0.746500 0.044261 0.053000
0 0.527382 0.779500 0.040510 0.057000
0 0.570893 0.794500 0.040510 0.053000
0 0.527382 0.838500 0.040510 0.057000
0 0.512378 0.690000 0.047262 0.059000
0 0.548200 0.719750 0.040885 0.060500
0 0.590585 0.731750 0.040885 0.057500
0 0.630158 0.754000 0.039760 0.057000
0 0.401725 0.660250 0.040510 0.049500
0 0.273256 0.531000 0.042386 0.064000
0 0.242498 0.466000 0.046137 0.066000
0 0.290885 0.437000 0.046887 0.064000
0 0.322581 0.478000 0.047262 0.054000
0 0.369467 0.488000 0.048762 0.058000
0 0.381470 0.549250 0.039760 0.061500
0 0.349587 0.574750 0.039760 0.054500
0 0.410728 0.599250 0.044261 0.055500
0 0.439610 0.632750 0.042761 0.054500
0 0.485934 0.640750 0.040885 0.061500
0 0.522318 0.616500 0.037884 0.059000
0 0.564141 0.636000 0.039760 0.059000
0 0.608777 0.627500 0.039010 0.062000
0 0.620968 0.680500 0.041635 0.057000
0 0.645724 0.651250 0.042386 0.055500
0 0.680233 0.704250 0.044636 0.050500
0 0.721305 0.716750 0.039760 0.056500
0 0.707802 0.654750 0.039760 0.055500
0 0.767442 0.679500 0.047262 0.047000
0 0.441673 0.562750 0.038635 0.060500
0 0.484246 0.579000 0.044261 0.052000
0 0.455739 0.513750 0.041260 0.051500
0 0.495124 0.524250 0.039760 0.054500
0 0.530383 0.560000 0.041260 0.055000
0 0.768942 0.728250 0.043511 0.051500
0 0.800450 0.712500 0.033758 0.059000
0 0.818455 0.662500 0.040510 0.058000
0 0.854839 0.727500 0.046512 0.064000
0 0.779070 0.617250 0.042011 0.060500
0 0.858965 0.661750 0.042011 0.054500
0 0.797074 0.554750 0.038260 0.059500
0 0.825769 0.584500 0.044636 0.051000
0 0.665416 0.573250 0.038260 0.057500
0 0.686797 0.600000 0.042761 0.054000
0 0.574644 0.547000 0.042761 0.049000
0 0.609715 0.562250 0.043886 0.057500
0 0.550263 0.503500 0.042761 0.058000
0 0.599962 0.496500 0.045386 0.062000
0 0.647599 0.515750 0.040885 0.055500
0 0.684921 0.479250 0.044261 0.062500
0 0.705739 0.518000 0.040885 0.054000
0 0.640285 0.461000 0.037509 0.060000
0 0.592648 0.430000 0.045011 0.060000
0 0.536197 0.428750 0.049137 0.059500
0 0.516129 0.472000 0.041260 0.058000
0 0.471680 0.463500 0.043886 0.051000
0 0.429107 0.440000 0.042011 0.054000
0 0.379595 0.426750 0.043511 0.055500
0 0.326332 0.420750 0.045761 0.065500
0 0.280008 0.361500 0.040135 0.065000
0 0.322206 0.353000 0.051013 0.060000
0 0.354464 0.298500 0.042011 0.063000
0 0.378845 0.370250 0.043511 0.055500
0 0.416354 0.384500 0.045761 0.055000
0 0.464741 0.408500 0.046512 0.063000
0 0.432108 0.307000 0.045011 0.068000
0 0.462678 0.267250 0.041635 0.072500
0 0.513878 0.211250 0.055514 0.079500
0 0.560765 0.251500 0.047262 0.057000
0 0.602213 0.276750 0.049887 0.060500
0 0.531695 0.304750 0.052138 0.055500
0 0.569767 0.334000 0.044261 0.057000
0 0.534509 0.365250 0.049512 0.062500
0 0.492123 0.345250 0.048762 0.057500
0 0.613653 0.359000 0.051013 0.068000
0 0.668605 0.318250 0.049137 0.070500
0 0.581583 0.173250 0.050638 0.071500
0 0.624156 0.199500 0.042761 0.063000
0 0.666917 0.203750 0.051013 0.065500
0 0.702738 0.361500 0.041635 0.063000
0 0.679857 0.417250 0.046887 0.058500
0 0.744374 0.444500 0.047637 0.064000
0 0.755626 0.386750 0.049887 0.048500
0 0.753751 0.304000 0.048387 0.067000
0 0.797262 0.312500 0.040135 0.062000
0 0.834959 0.302250 0.036009 0.060500
0 0.801388 0.436500 0.037134 0.069000
0 0.832146 0.473750 0.039385 0.061500
0 0.857652 0.501250 0.037884 0.058500
0 0.853151 0.416000 0.049887 0.058000
0 0.907914 0.422250 0.044636 0.062500
0 0.916729 0.497000 0.040510 0.062000
0 0.956114 0.496000 0.038260 0.061000
0 0.886909 0.561000 0.046137 0.062000
0 0.930420 0.568250 0.044636 0.059500
0 0.974494 0.564000 0.038260 0.053000
0 0.981995 0.611250 0.035259 0.050500
0 0.897599 0.678250 0.042761 0.049500