0 0.414479 0.154000 0.075769 0.108000
0 0.352401 0.248500 0.077644 0.111000
0 0.423668 0.261250 0.079145 0.112500
0 0.355776 0.367000 0.076144 0.086000
0 0.305139 0.400750 0.073893 0.092500
0 0.264629 0.501750 0.076144 0.094500
0 0.188860 0.557250 0.073143 0.093500
0 0.184171 0.632500 0.066767 0.085000
0 0.236309 0.627750 0.065266 0.091500
0 0.168042 0.716750 0.065266 0.079500
0 0.219992 0.733500 0.071643 0.079000
0 0.198987 0.789250 0.066392 0.080500
0 0.243811 0.886250 0.068267 0.082500
0 0.309452 0.860750 0.066767 0.075500
0 0.377532 0.872000 0.070893 0.080000
0 0.445424 0.845000 0.067892 0.074000
0 0.279070 0.769000 0.073518 0.083000
0 0.341148 0.744250 0.076144 0.090500
0 0.390098 0.789000 0.058515 0.084000
0 0.288822 0.692000 0.072768 0.082000
0 0.308515 0.596500 0.078395 0.092000
0 0.364966 0.655500 0.078770 0.081000
0 0.415979 0.704500 0.066767 0.084000
0 0.345836 0.458750 0.067517 0.094500
0 0.376969 0.560750 0.075019 0.095500
0 0.519692 0.834000 0.066392 0.080000
0 0.485184 0.774500 0.064141 0.081000
0 0.471680 0.638500 0.076144 0.087000
0 0.455926 0.552750 0.073893 0.091500
0 0.449550 0.472750 0.079895 0.088500
0 0.432858 0.370000 0.076519 0.103000
0 0.558702 0.165750 0.081395 0.102500
0 0.517442 0.312500 0.077644 0.107000
0 0.600150 0.286750 0.078020 0.084500
0 0.666167 0.242250 0.064516 0.111500
0 0.520255 0.412000 0.077269 0.101000
0 0.522506 0.513500 0.076519 0.083000
0 0.527944 0.602500 0.070893 0.084000
0 0.555889 0.683500 0.072768 0.087000
0 0.562828 0.775250 0.071643 0.075500
0 0.606902 0.816250 0.071268 0.072500
0 0.637284 0.752000 0.069767 0.080000
0 0.677794 0.813750 0.063016 0.084500
0 0.741185 0.823500 0.063766 0.082000
0 0.733683 0.747000 0.072768 0.085000
0 0.812266 0.761750 0.067142 0.079500
0 0.698612 0.690250 0.068642 0.094500
0 0.768192 0.656000 0.070518 0.091000
0 0.835709 0.678750 0.070518 0.099500
0 0.634471 0.634000 0.083646 0.093000
0 0.699550 0.593000 0.069017 0.094000
0 0.759190 0.557500 0.072018 0.086000
0 0.847899 0.585000 0.070893 0.093000
0 0.588147 0.551750 0.064516 0.100500
0 0.602963 0.462000 0.073893 0.092000
0 0.710803 0.479000 0.069017 0.090000
0 0.759565 0.415000 0.078020 0.097000
0 0.761440 0.456250 0.042011 0.051500
0 0.814891 0.371750 0.072393 0.096500
0 0.640098 0.373000 0.078395 0.097000
0 0.707427 0.328250 0.074269 0.101500
0 0.840960 0.284500 0.081020 0.105000