0 0.144599 0.319750 0.044636 0.060500
0 0.138972 0.387750 0.050638 0.059500
0 0.163541 0.444250 0.052513 0.066500
0 0.200675 0.507000 0.046512 0.053000
0 0.229370 0.433250 0.051388 0.057500
0 0.254314 0.485000 0.043511 0.056000
0 0.239872 0.556750 0.046137 0.052500
0 0.273068 0.602750 0.046512 0.046500
0 0.315079 0.604250 0.041260 0.057500
0 0.314704 0.664250 0.051763 0.057500
0 0.348087 0.691250 0.042761 0.043500
0 0.384284 0.712500 0.038635 0.046000
0 0.389722 0.679000 0.038260 0.052000
0 0.364404 0.632750 0.042386 0.051500
0 0.414479 0.654500 0.041260 0.050000
0 0.429107 0.684500 0.030758 0.038000
0 0.427419 0.758750 0.041635 0.053500
0 0.450488 0.764250 0.021755 0.046500
0 0.467742 0.709500 0.039010 0.044000
0 0.453488 0.677500 0.036759 0.051000
0 0.492498 0.715000 0.024006 0.044000
0 0.488935 0.810750 0.040885 0.052500
0 0.524194 0.781000 0.034134 0.053000
0 0.526069 0.728500 0.040885 0.047000
0 0.561328 0.777500 0.031883 0.044000
0 0.557014 0.817250 0.037509 0.046500
0 0.561703 0.736250 0.039385 0.043500
0 0.510503 0.678500 0.024006 0.040000
0 0.488372 0.648000 0.027757 0.040000
0 0.525881 0.670250 0.037509 0.042500
0 0.510128 0.638250 0.041260 0.053500
0 0.472243 0.614250 0.045761 0.050500
0 0.435109 0.602250 0.043511 0.058500
0 0.397974 0.587000 0.040510 0.049000
0 0.357277 0.577750 0.046887 0.049500
0 0.322581 0.550500 0.041260 0.058000
0 0.284321 0.532500 0.042761 0.061000
0 0.300638 0.490750 0.052138 0.057500
0 0.278882 0.441250 0.049887 0.058500
0 0.221680 0.381250 0.056264 0.058500
0 0.279445 0.377750 0.048762 0.065500
0 0.221305 0.304000 0.048762 0.059000
0 0.181733 0.241000 0.051388 0.063000
0 0.228245 0.199500 0.046887 0.060000
0 0.239685 0.254750 0.051763 0.062500
0 0.261628 0.315500 0.048387 0.069000
0 0.299137 0.329250 0.050638 0.073500
0 0.297074 0.194000 0.045011 0.064000
0 0.284321 0.251750 0.051013 0.067500
0 0.330083 0.382250 0.048762 0.057500
0 0.329520 0.445250 0.046887 0.061500
0 0.367967 0.459500 0.049512 0.062000
0 0.352213 0.506000 0.036759 0.057000
0 0.393848 0.540500 0.042761 0.060000
0 0.408102 0.492750 0.039010 0.062500
0 0.442611 0.527500 0.037509 0.054000
0 0.456302 0.488500 0.047637 0.060000
0 0.426482 0.439750 0.048012 0.057500
0 0.374156 0.390250 0.046887 0.062500
0 0.422731 0.363000 0.048012 0.064000
0 0.461178 0.384250 0.043136 0.061500
0 0.485371 0.440250 0.045761 0.053500
0 0.506564 0.484000 0.041635 0.058000
0 0.484621 0.538250 0.042011 0.062500
0 0.518755 0.567250 0.048762 0.059500
0 0.555889 0.607250 0.039010 0.056500
0 0.550075 0.695000 0.031133 0.054000
0 0.570893 0.687500 0.043511 0.056000
0 0.594711 0.700250 0.031133 0.046500
0 0.608027 0.736000 0.044261 0.049000
0 0.609715 0.796000 0.040885 0.041000
0 0.592836 0.818750 0.031133 0.041500
0 0.620030 0.824250 0.021755 0.047500
0 0.636722 0.823500 0.037134 0.049000
0 0.652288 0.850250 0.036009 0.039500
0 0.668417 0.806000 0.041260 0.051000
0 0.697299 0.836500 0.035259 0.048000
0 0.722056 0.820000 0.033758 0.051000
0 0.743061 0.803750 0.032258 0.043500
0 0.786197 0.809000 0.033008 0.043000
0 0.767442 0.767750 0.033008 0.044500
0 0.735934 0.779500 0.041260 0.040000
0 0.697487 0.768750 0.043136 0.026500
0 0.651163 0.740500 0.036009 0.050000
0 0.695236 0.743500 0.036384 0.046000
0 0.725431 0.742250 0.033008 0.051500
0 0.753751 0.738500 0.031883 0.049000
0 0.781883 0.720250 0.039385 0.052500
0 0.802513 0.755250 0.035634 0.047500
0 0.649662 0.697750 0.039010 0.051500
0 0.605214 0.657500 0.041635 0.044000
0 0.625469 0.668500 0.031883 0.044000
0 0.593211 0.630500 0.038635 0.053000
0 0.558515 0.544750 0.042011 0.052500
0 0.539572 0.501250 0.043886 0.048500
0 0.595461 0.578750 0.044636 0.063500
0 0.622281 0.595500 0.036009 0.050000
0 0.641973 0.627500 0.045386 0.046000
0 0.666542 0.665000 0.039010 0.045000
0 0.693361 0.689500 0.034884 0.045000
0 0.734621 0.701000 0.040885 0.051000
0 0.379595 0.200000 0.049512 0.060000
0 0.352963 0.265000 0.049512 0.066000
0 0.388597 0.306500 0.051763 0.057000
0 0.401163 0.257000 0.043136 0.068000
0 0.427607 0.209500 0.048762 0.058000
0 0.451238 0.158000 0.045011 0.064000
0 0.451425 0.251250 0.053638 0.068500
0 0.541448 0.122000 0.043886 0.067000
0 0.524569 0.206250 0.046137 0.058500
0 0.496624 0.246750 0.044261 0.060500
0 0.500000 0.307000 0.045011 0.055000
0 0.455364 0.330000 0.042011 0.056000
0 0.500375 0.359500 0.043511 0.055000
0 0.536572 0.331000 0.046137 0.061000
0 0.537322 0.393500 0.046887 0.061000
0 0.538635 0.449500 0.042011 0.065000
0 0.584396 0.517250 0.042011 0.063500
0 0.573706 0.436500 0.040885 0.056000
0 0.575206 0.351000 0.038635 0.064000
0 0.573893 0.297000 0.045011 0.055000
0 0.571643 0.243000 0.042011 0.067000
0 0.575206 0.181000 0.046137 0.065000
0 0.611215 0.160000 0.043886 0.060000
0 0.601838 0.219000 0.038635 0.056000
0 0.610465 0.272000 0.046887 0.058000
0 0.603713 0.326500 0.043136 0.049000
0 0.607089 0.386000 0.047637 0.072000
0 0.613091 0.447500 0.037884 0.060000
0 0.623218 0.508250 0.040135 0.055500
0 0.638035 0.560500 0.039760 0.057000
0 0.664104 0.519500 0.040135 0.052000
0 0.683046 0.562500 0.042011 0.051000
0 0.664666 0.592750 0.037509 0.051500
0 0.693173 0.608000 0.036759 0.048000
0 0.698987 0.645250 0.036384 0.048500
0 0.854464 0.807250 0.039010 0.050500
0 0.820705 0.725250 0.038260 0.049500
0 0.854464 0.715000 0.038260 0.041000
0 0.855401 0.685500 0.040135 0.052000
0 0.809827 0.679500 0.036009 0.048000
0 0.774944 0.678000 0.049512 0.048000
0 0.740998 0.651750 0.040135 0.039500
0 0.730120 0.617000 0.043886 0.056000
0 0.769692 0.619250 0.041260 0.047500
0 0.812828 0.633750 0.043511 0.048500
0 0.849025 0.623250 0.046137 0.046500
0 0.705926 0.565250 0.032258 0.055500
0 0.737059 0.568000 0.039760 0.056000
0 0.777382 0.579250 0.040885 0.052500
0 0.817892 0.577000 0.041635 0.048000
0 0.861403 0.577000 0.043136 0.052000
0 0.844149 0.540000 0.042386 0.056000
0 0.795199 0.534750 0.045011 0.050500
0 0.758252 0.527750 0.043136 0.051500
0 0.718492 0.518250 0.037134 0.049500
0 0.695799 0.496750 0.039010 0.062500
0 0.640285 0.447000 0.033758 0.053000
0 0.646662 0.390250 0.036759 0.057500
0 0.681358 0.430750 0.040135 0.057500
0 0.722056 0.455000 0.041260 0.054000
0 0.743436 0.483500 0.046512 0.050000
0 0.796887 0.484500 0.037884 0.050000
0 0.834771 0.475750 0.043886 0.047500
0 0.813391 0.440750 0.042386 0.057500
0 0.775506 0.445250 0.046887 0.058500
0 0.752626 0.417000 0.044636 0.049000
0 0.694299 0.383250 0.044261 0.054500
0 0.656977 0.330000 0.048387 0.056000
0 0.722243 0.339750 0.046137 0.059500
0 0.762378 0.361000 0.045386 0.057000
0 0.784509 0.385750 0.043136 0.052500
0 0.783571 0.327000 0.036759 0.060000
0 0.753751 0.298250 0.046887 0.059500
0 0.696924 0.294500 0.049512 0.052000
0 0.649662 0.270500 0.043511 0.052000
0 0.650975 0.221750 0.046137 0.064500
0 0.693736 0.234250 0.045386 0.062500
0 0.741935 0.255250 0.051763 0.063500
0 0.536947 0.269500 0.043886 0.068000