0 0.185296 0.263000 0.053263 0.069000
0 0.130533 0.347000 0.045761 0.060000
0 0.090773 0.391250 0.047262 0.056500
0 0.081583 0.449000 0.042386 0.058000
0 0.127907 0.482250 0.048762 0.054500
0 0.113278 0.538000 0.049512 0.067000
0 0.161290 0.535000 0.042761 0.058000
0 0.180983 0.488250 0.044636 0.054500
0 0.209302 0.449000 0.042761 0.058000
0 0.247374 0.462250 0.049887 0.065500
0 0.218867 0.503000 0.043886 0.057000
0 0.203863 0.556250 0.049887 0.062500
0 0.245124 0.551250 0.045386 0.063500
0 0.270068 0.517500 0.048012 0.062000
0 0.311703 0.540250 0.045011 0.057500
0 0.294074 0.584500 0.042011 0.060000
0 0.253938 0.626000 0.050263 0.066000
0 0.218305 0.614500 0.046512 0.067000
0 0.239497 0.666500 0.045386 0.055000
0 0.212116 0.717500 0.040885 0.055000
0 0.254689 0.728500 0.036759 0.047000
0 0.273818 0.709500 0.046512 0.051000
0 0.287322 0.743500 0.030008 0.037000
0 0.312453 0.738500 0.047262 0.060000
0 0.346587 0.790000 0.049512 0.062000
0 0.349212 0.719750 0.048012 0.056500
0 0.391598 0.730500 0.047262 0.067000
0 0.398350 0.769750 0.045011 0.053500
0 0.437922 0.773750 0.045386 0.058500
0 0.485934 0.819750 0.044636 0.065500
0 0.535634 0.819000 0.049512 0.054000
0 0.408852 0.674500 0.043511 0.060000
0 0.440923 0.706250 0.045386 0.054500
0 0.484809 0.700500 0.046137 0.052000
0 0.518755 0.748250 0.052513 0.062500
0 0.553638 0.761750 0.038260 0.062500
0 0.449362 0.648750 0.048012 0.060500
0 0.326707 0.634750 0.055514 0.054500
0 0.341523 0.586750 0.045386 0.059500
0 0.374344 0.631750 0.043511 0.060500
0 0.394599 0.597750 0.046512 0.062500
0 0.363091 0.542250 0.043511 0.061500
0 0.397787 0.531750 0.047637 0.064500
0 0.372468 0.489750 0.049512 0.059500
0 0.326332 0.478500 0.042761 0.064000
0 0.129970 0.425250 0.044636 0.061500
0 0.159977 0.398250 0.046887 0.065500
0 0.200488 0.383250 0.054389 0.055500
0 0.207427 0.331500 0.046512 0.045000
0 0.227869 0.304500 0.052888 0.063000
0 0.261253 0.339250 0.046137 0.064500
0 0.248687 0.379000 0.052513 0.059000
0 0.310578 0.329000 0.051013 0.065000
0 0.241748 0.240750 0.054389 0.064500
0 0.311515 0.227000 0.051388 0.066000
0 0.375656 0.252500 0.048387 0.071000
0 0.364216 0.299250 0.042761 0.063500
0 0.341523 0.374500 0.043886 0.062000
0 0.298575 0.420500 0.044261 0.062000
0 0.350525 0.433500 0.043886 0.064000
0 0.384284 0.401500 0.052888 0.065000
0 0.412603 0.448250 0.047262 0.066500
0 0.415791 0.355000 0.046887 0.067000
0 0.422918 0.290500 0.053638 0.059000
0 0.418417 0.225000 0.053638 0.069000
0 0.475994 0.204000 0.052513 0.073000
0 0.490623 0.266500 0.048762 0.069000
0 0.466242 0.329250 0.045761 0.076500
0 0.475994 0.389250 0.047262 0.067500
0 0.523631 0.365000 0.054764 0.065000
0 0.521568 0.310000 0.046887 0.064000
0 0.524756 0.225500 0.050263 0.068000
0 0.561703 0.241500 0.061890 0.075000
0 0.570330 0.318000 0.048387 0.070000
0 0.439047 0.500750 0.054389 0.065500
0 0.477494 0.458750 0.049512 0.062500
0 0.518567 0.433750 0.043136 0.064500
0 0.561890 0.430500 0.051763 0.073000
0 0.541260 0.498500 0.051763 0.073000
0 0.500375 0.507750 0.042761 0.061500
0 0.457802 0.557750 0.058890 0.072500
0 0.447862 0.593750 0.047262 0.049500
0 0.489310 0.623750 0.046137 0.066500
0 0.520818 0.663250 0.038635 0.060500
0 0.560578 0.644000 0.049137 0.059000
0 0.544074 0.583750 0.044636 0.064500
0 0.503376 0.566250 0.045761 0.053500
0 0.590210 0.747250 0.043136 0.058500
0 0.611778 0.787500 0.052513 0.059000
0 0.661665 0.762500 0.051013 0.061000
0 0.622843 0.716750 0.048387 0.065500
0 0.576144 0.693750 0.047262 0.058500
0 0.604276 0.650000 0.049512 0.056000
0 0.646662 0.665750 0.046512 0.067500
0 0.692798 0.696250 0.051763 0.065500
0 0.683608 0.632750 0.049137 0.065500
0 0.723368 0.664000 0.047637 0.059000
0 0.738935 0.711750 0.045761 0.053500
0 0.771943 0.666250 0.048012 0.066500
0 0.798950 0.702750 0.051013 0.059500
0 0.715116 0.581250 0.049887 0.066500
0 0.590210 0.595750 0.048387 0.060500
0 0.579707 0.537750 0.041635 0.059500
0 0.588335 0.477500 0.053638 0.064000
0 0.640473 0.492500 0.049887 0.067000
0 0.624719 0.550750 0.053638 0.069500
0 0.648912 0.590500 0.047262 0.056000
0 0.663916 0.535000 0.048012 0.061000
0 0.692611 0.486250 0.054389 0.070500
0 0.722431 0.530500 0.051013 0.069000
0 0.596399 0.385250 0.052513 0.069500
0 0.641598 0.367750 0.052888 0.068500
0 0.666542 0.415250 0.051763 0.064500
0 0.706489 0.416500 0.046137 0.069000
0 0.693923 0.362000 0.055514 0.069000
0 0.613466 0.314750 0.047637 0.066500
0 0.632971 0.240750 0.046887 0.069500
0 0.690173 0.296750 0.050263 0.066500
0 0.738185 0.342250 0.043511 0.065500
0 0.752438 0.285500 0.056264 0.063000
0 0.755626 0.407750 0.048387 0.072500
0 0.790323 0.391250 0.049512 0.066500
0 0.792948 0.449500 0.042761 0.066000
0 0.751125 0.467750 0.053638 0.064500
0 0.764066 0.522000 0.051763 0.075000
0 0.799325 0.574500 0.054014 0.068000
0 0.816204 0.638250 0.045761 0.070500
0 0.846587 0.729000 0.039010 0.041000
0 0.849400 0.687500 0.046137 0.061000
0 0.877719 0.650250 0.050263 0.067500
0 0.884096 0.688750 0.031508 0.038500
0 0.939047 0.637250 0.046137 0.064500
0 0.896662 0.598000 0.048387 0.063000
0 0.913166 0.531750 0.049887 0.066500
0 0.922168 0.568250 0.044636 0.049500
0 0.844336 0.551750 0.052513 0.058500
0 0.824831 0.501750 0.048012 0.064500
0 0.834021 0.444000 0.047637 0.063000
0 0.863653 0.496750 0.043886 0.071500
0 0.873968 0.434000 0.046512 0.064000
0 0.897787 0.460500 0.046137 0.066000
0 0.830645 0.367750 0.047637 0.067500
0 0.289010 0.667500 0.045386 0.055000