0 0.055514 0.376000 0.054764 0.070000
0 0.087022 0.334500 0.060015 0.068000
0 0.117404 0.400250 0.051013 0.070500
0 0.105026 0.428500 0.054764 0.064000
0 0.161665 0.444000 0.054764 0.066000
0 0.211928 0.473250 0.057014 0.066500
0 0.221118 0.397000 0.055889 0.072000
0 0.273443 0.446000 0.055514 0.070000
0 0.159415 0.356500 0.055514 0.079000
0 0.196174 0.321750 0.060765 0.069500
0 0.150038 0.251750 0.062266 0.078500
0 0.181920 0.171250 0.061515 0.094500
0 0.266504 0.198500 0.055139 0.085000
0 0.323331 0.247500 0.060765 0.072000
0 0.351650 0.171000 0.060390 0.088000
0 0.405851 0.233000 0.063016 0.082000
0 0.411853 0.158750 0.060015 0.087500
0 0.469617 0.205000 0.057764 0.085000
0 0.454989 0.282000 0.054014 0.073000
0 0.498500 0.326500 0.052513 0.069000
0 0.379032 0.298250 0.055889 0.071500
0 0.425544 0.355250 0.057389 0.080500
0 0.334584 0.348250 0.054014 0.078500
0 0.270630 0.355750 0.061140 0.064500
0 0.318080 0.396750 0.048012 0.068500
0 0.377344 0.392500 0.054014 0.066000
0 0.427982 0.422000 0.053263 0.059000
0 0.482558 0.410250 0.054389 0.064500
0 0.468680 0.457500 0.049137 0.061000
0 0.419730 0.484500 0.052513 0.065000
0 0.367592 0.452000 0.053263 0.065000
0 0.319580 0.471500 0.057014 0.062000
0 0.270443 0.526750 0.056264 0.060500
0 0.221868 0.534750 0.049887 0.063500
0 0.190923 0.538500 0.044261 0.064000
0 0.138222 0.513250 0.052888 0.057500
0 0.136347 0.541750 0.056639 0.041500
0 0.178545 0.589750 0.047262 0.058500
0 0.224681 0.600500 0.042761 0.062000
0 0.258627 0.568000 0.051388 0.057000
0 0.282821 0.607500 0.048012 0.053000
0 0.271568 0.643250 0.048012 0.049500
0 0.321830 0.596250 0.050263 0.047500
0 0.322393 0.661000 0.049887 0.042000
0 0.360278 0.636500 0.049137 0.052000
0 0.382783 0.677000 0.045386 0.053000
0 0.415604 0.655750 0.051763 0.047500
0 0.427982 0.691250 0.045011 0.042500
0 0.472243 0.697750 0.046512 0.053500
0 0.456302 0.644500 0.048387 0.059000
0 0.408290 0.609750 0.049887 0.055500
0 0.365529 0.579250 0.050638 0.049500
0 0.321080 0.550750 0.051013 0.055500
0 0.361965 0.529750 0.051763 0.061500
0 0.413916 0.544000 0.048387 0.050000
0 0.458927 0.578500 0.050638 0.060000
0 0.517817 0.671500 0.049887 0.058000
0 0.530570 0.601250 0.046137 0.058500
0 0.511815 0.557000 0.050638 0.057000
0 0.484621 0.519750 0.046512 0.068500
0 0.531320 0.499500 0.049887 0.071000
0 0.561140 0.542000 0.045761 0.063000
0 0.581395 0.578750 0.054764 0.038500
0 0.555326 0.210500 0.063391 0.079000
0 0.558327 0.288250 0.058140 0.083500
0 0.563953 0.352750 0.055139 0.064500
0 0.620593 0.341000 0.048387 0.073000
0 0.660353 0.368500 0.045386 0.075000
0 0.626032 0.253750 0.054014 0.080500
0 0.607652 0.169500 0.058515 0.074000
0 0.684546 0.208000 0.067517 0.075000
0 0.733683 0.244000 0.059265 0.080000
0 0.712116 0.319000 0.057389 0.078000
0 0.564329 0.417250 0.055889 0.062500
0 0.578957 0.475000 0.054389 0.063000
0 0.626032 0.440750 0.050263 0.063500
0 0.625094 0.494500 0.048387 0.060000
0 0.648162 0.540250 0.046512 0.057500
0 0.670480 0.483000 0.052138 0.066000
0 0.723931 0.497750 0.060015 0.056500
0 0.691298 0.416750 0.052513 0.068500
0 0.734434 0.442000 0.051763 0.063000
0 0.739872 0.379250 0.059640 0.063500
0 0.780195 0.397750 0.054764 0.070500
0 0.773443 0.468000 0.048012 0.069000
0 0.818455 0.475250 0.057764 0.058500
0 0.829332 0.425250 0.053263 0.061500
0 0.834959 0.367750 0.057764 0.067500
0 0.759752 0.303500 0.057389 0.068000
0 0.785071 0.240000 0.054014 0.082000
0 0.820705 0.292750 0.059265 0.062500
0 0.781695 0.141500 0.079520 0.088000
0 0.872843 0.196500 0.065266 0.085000
0 0.938110 0.269500 0.074269 0.096000
0 0.398162 0.749500 0.047637 0.054000