0 0.441673 0.069250 0.047637 0.063500
0 0.403601 0.085000 0.052513 0.073000
0 0.340398 0.110750 0.047637 0.070500
0 0.331395 0.168500 0.053638 0.064000
0 0.376969 0.164250 0.051013 0.071500
0 0.478995 0.122750 0.051013 0.074500
0 0.328582 0.244750 0.057014 0.073500
0 0.297449 0.304000 0.048012 0.067000
0 0.291073 0.359500 0.057014 0.074000
0 0.254126 0.400750 0.054389 0.069500
0 0.299887 0.429250 0.058140 0.072500
0 0.263503 0.508250 0.050638 0.065500
0 0.312078 0.493750 0.051763 0.065500
0 0.293511 0.567000 0.050638 0.071000
0 0.339085 0.341250 0.052513 0.066500
0 0.345461 0.402000 0.047262 0.074000
0 0.355589 0.491750 0.055514 0.068500
0 0.370405 0.549750 0.055889 0.070500
0 0.342461 0.615250 0.051763 0.063500
0 0.417292 0.206750 0.043886 0.074500
0 0.384096 0.238500 0.046512 0.069000
0 0.376594 0.305250 0.053263 0.064500
0 0.384846 0.361000 0.050263 0.064000
0 0.385409 0.443000 0.050638 0.065000
0 0.400038 0.507500 0.046887 0.065000
0 0.360840 0.659750 0.049512 0.070500
0 0.358402 0.718000 0.050638 0.063000
0 0.393473 0.692250 0.047262 0.065500
0 0.421230 0.636250 0.048012 0.066500
0 0.417667 0.571250 0.045386 0.070500
0 0.432108 0.788500 0.045011 0.069000
0 0.463616 0.803000 0.030008 0.046000
0 0.462678 0.746500 0.049137 0.065000
0 0.451613 0.688250 0.042761 0.066500
0 0.489497 0.682000 0.048012 0.064000
0 0.521380 0.755500 0.048012 0.061000
0 0.532071 0.706500 0.043136 0.065000
0 0.468117 0.609500 0.052513 0.069000
0 0.473743 0.550000 0.047262 0.069000
0 0.514254 0.588000 0.046512 0.063000
0 0.438297 0.471500 0.047637 0.065000
0 0.474306 0.495000 0.051388 0.063000
0 0.423106 0.410000 0.042761 0.070000
0 0.475806 0.434000 0.044636 0.065000
0 0.518942 0.525750 0.046887 0.068500
0 0.434734 0.335500 0.050263 0.067000
0 0.424794 0.279500 0.049887 0.077000
0 0.465491 0.262000 0.047262 0.069000
0 0.473931 0.192500 0.046137 0.062000
0 0.512941 0.175750 0.044636 0.061500
0 0.511815 0.255000 0.047637 0.068000
0 0.563203 0.224500 0.045386 0.061000
0 0.564516 0.293250 0.049512 0.054500
0 0.510690 0.326750 0.049137 0.064500
0 0.475056 0.368500 0.050638 0.070000
0 0.511815 0.381000 0.047637 0.065000
0 0.552701 0.345750 0.047637 0.066500
0 0.602401 0.320000 0.047262 0.069000
0 0.577082 0.378500 0.054389 0.063000
0 0.513691 0.447500 0.045386 0.061000
0 0.558515 0.441250 0.046512 0.064500
0 0.611028 0.444000 0.050263 0.070000
0 0.617592 0.391250 0.046137 0.059500
0 0.655101 0.431000 0.045386 0.063000
0 0.685859 0.453250 0.044636 0.066500
0 0.645161 0.484250 0.048012 0.062500
0 0.605964 0.505250 0.044636 0.059500
0 0.561890 0.513500 0.048762 0.063000
0 0.555326 0.582250 0.040135 0.062500
0 0.544074 0.643500 0.044636 0.064000
0 0.581770 0.620250 0.048762 0.061500
0 0.616279 0.576500 0.047262 0.060000
0 0.643098 0.553250 0.049887 0.057500
0 0.685109 0.516000 0.044636 0.066000
0 0.725244 0.494250 0.043136 0.063500
0 0.722993 0.548000 0.043136 0.061000
0 0.687359 0.573750 0.045386 0.060500
0 0.650413 0.608000 0.050263 0.060000
0 0.625656 0.655000 0.042761 0.063000
0 0.583271 0.684000 0.048012 0.058000
0 0.522881 0.870500 0.051763 0.067000
0 0.537134 0.891500 0.039760 0.063000
0 0.544261 0.809500 0.046512 0.062000
0 0.575581 0.862250 0.045386 0.064500
0 0.596962 0.911000 0.044636 0.055000
0 0.638785 0.937250 0.045011 0.065500
0 0.685484 0.953000 0.048387 0.062000
0 0.734996 0.952000 0.046887 0.070000
0 0.773068 0.920500 0.050263 0.060000
0 0.586459 0.803500 0.046137 0.062000
0 0.627719 0.841500 0.046137 0.065000
0 0.661290 0.881750 0.043511 0.058500
0 0.708365 0.888000 0.046137 0.054000
0 0.751875 0.858000 0.050638 0.067000
0 0.825394 0.847500 0.049137 0.066000
0 0.788447 0.826250 0.046512 0.045500
0 0.745874 0.807750 0.048387 0.060500
0 0.699737 0.810750 0.043886 0.059500
0 0.653976 0.810750 0.040885 0.061500
0 0.630720 0.778500 0.043886 0.063000
0 0.591523 0.752250 0.046512 0.059500
0 0.629220 0.717250 0.045386 0.064500
0 0.673106 0.754500 0.046887 0.058000
0 0.715491 0.753500 0.048387 0.062000
0 0.763316 0.750500 0.043511 0.065000
0 0.801013 0.766500 0.041635 0.063000
0 0.844524 0.787000 0.045386 0.061000
0 0.657164 0.679500 0.043511 0.060000
0 0.701050 0.692500 0.046512 0.061000
0 0.708552 0.640250 0.042761 0.062500
0 0.748125 0.670500 0.049137 0.063000
0 0.791448 0.710250 0.042761 0.057500
0 0.839272 0.698250 0.046137 0.058500
0 0.831583 0.655250 0.041260 0.060500
0 0.792386 0.649750 0.039385 0.066500
0 0.744561 0.610500 0.047262 0.057000
0 0.799325 0.587250 0.045761 0.061500
0 0.776632 0.552250 0.040885 0.064500