0 0.103526 0.406500 0.075019 0.085000
0 0.171418 0.397000 0.069767 0.088000
0 0.229182 0.348000 0.077269 0.090000
0 0.291635 0.301750 0.073893 0.101500
0 0.273068 0.399500 0.073518 0.095000
0 0.344336 0.382000 0.078020 0.100000
0 0.328770 0.464500 0.072393 0.091000
0 0.265566 0.484500 0.058515 0.093000
0 0.238560 0.531750 0.054014 0.080500
0 0.277757 0.598500 0.058890 0.081000
0 0.310953 0.553250 0.061515 0.091500
0 0.382596 0.522000 0.060015 0.094000
0 0.364216 0.602000 0.071268 0.082000
0 0.313578 0.659250 0.069767 0.078500
0 0.370968 0.695500 0.059265 0.079000
0 0.144599 0.484000 0.076144 0.086000
0 0.151538 0.559750 0.066017 0.073500
0 0.411665 0.328500 0.067892 0.105000
0 0.463241 0.381250 0.075769 0.092500
0 0.403038 0.437250 0.068642 0.086500
0 0.476932 0.467750 0.066392 0.093500
0 0.463616 0.561000 0.063016 0.086000
0 0.429107 0.636500 0.066017 0.083000
0 0.428545 0.743000 0.057389 0.084000
0 0.477494 0.786500 0.059265 0.079000
0 0.536009 0.749250 0.066767 0.073500
0 0.481995 0.697500 0.060015 0.085000
0 0.493998 0.629000 0.068267 0.079000
0 0.552513 0.669000 0.057764 0.084000
0 0.536572 0.549250 0.069392 0.088500
0 0.542761 0.469250 0.060765 0.090500
0 0.511065 0.300250 0.063391 0.092500
0 0.561703 0.362750 0.069392 0.089500
0 0.576144 0.267250 0.075019 0.101500
0 0.623593 0.329500 0.065641 0.093000
0 0.690548 0.293000 0.072768 0.100000
0 0.694674 0.399250 0.082521 0.089500
0 0.762003 0.361000 0.073143 0.093000
0 0.613653 0.437000 0.069767 0.095000
0 0.596587 0.515000 0.063391 0.086000
0 0.650788 0.563000 0.071268 0.094000
0 0.697674 0.489500 0.071268 0.083000
0 0.775319 0.474500 0.074269 0.097000
0 0.843211 0.419750 0.070518 0.099500
0 0.870218 0.490250 0.075019 0.094500
0 0.803638 0.537500 0.071643 0.087000
0 0.737809 0.567500 0.079520 0.097000
0 0.787697 0.631750 0.069017 0.088500
0 0.878470 0.586000 0.075019 0.086000
0 0.950488 0.532250 0.076519 0.095500
0 0.963803 0.613750 0.067892 0.094500
0 0.885034 0.674250 0.069392 0.087500
0 0.951613 0.711250 0.078770 0.089500
0 0.891973 0.756000 0.068267 0.094000
0 0.822393 0.781000 0.061890 0.084000
0 0.811890 0.699500 0.058140 0.095000
0 0.752626 0.754750 0.061140 0.083500
0 0.660915 0.661750 0.067517 0.095500
0 0.682671 0.750000 0.071268 0.082000
0 0.611403 0.713750 0.066017 0.083500
0 0.596212 0.619000 0.069392 0.077000