0 0.141785 0.282250 0.070518 0.074500
0 0.142536 0.368500 0.066767 0.076000
0 0.201425 0.369000 0.069017 0.089000
0 0.167104 0.447750 0.068642 0.078500
0 0.140660 0.512500 0.066767 0.075000
0 0.160728 0.593250 0.058140 0.086500
0 0.133908 0.650750 0.053263 0.085500
0 0.173293 0.717250 0.070518 0.072500
0 0.251125 0.729750 0.063391 0.067500
0 0.214929 0.646250 0.065266 0.074500
0 0.264254 0.665500 0.062641 0.072000
0 0.243436 0.595500 0.066017 0.072000
0 0.215304 0.522750 0.073518 0.078500
0 0.259190 0.441250 0.065266 0.084500
0 0.282633 0.515250 0.064891 0.073500
0 0.285071 0.366500 0.069767 0.092000
0 0.314329 0.261250 0.061515 0.095500
0 0.369655 0.311750 0.068642 0.092500
0 0.359527 0.384000 0.058140 0.076000
0 0.328020 0.455500 0.064891 0.082000
0 0.350150 0.534000 0.058890 0.077000
0 0.309452 0.616500 0.066017 0.088000
0 0.337772 0.692500 0.064891 0.086000
0 0.318080 0.728750 0.056264 0.066500
0 0.380345 0.728750 0.048762 0.068500
0 0.392536 0.663000 0.060390 0.075000
0 0.439422 0.710750 0.059640 0.068500
0 0.501688 0.734000 0.055889 0.060000
0 0.399475 0.589500 0.061515 0.063000
0 0.449550 0.611250 0.042386 0.069500
0 0.392723 0.487250 0.057014 0.077500
0 0.427982 0.432500 0.069767 0.093000
0 0.436047 0.360500 0.067892 0.084000
0 0.399100 0.228000 0.073518 0.084000
0 0.448237 0.272500 0.065266 0.089000
0 0.442236 0.181000 0.062266 0.088000
0 0.614591 0.209500 0.067142 0.094000
0 0.554576 0.269000 0.074644 0.089000
0 0.612341 0.281000 0.062641 0.082000
0 0.582896 0.360000 0.057764 0.088000
0 0.513128 0.370750 0.060765 0.090500
0 0.555889 0.420750 0.054014 0.084500
0 0.491748 0.443250 0.054014 0.073500
0 0.531695 0.497750 0.055139 0.077500
0 0.455551 0.525500 0.055889 0.082000
0 0.494936 0.559500 0.056639 0.075000
0 0.555326 0.567250 0.055139 0.076500
0 0.604651 0.607750 0.057764 0.069500
0 0.523256 0.651750 0.057764 0.075500
0 0.573143 0.674500 0.053263 0.076000
0 0.565266 0.747500 0.056264 0.064000
0 0.624344 0.793250 0.052888 0.069500
0 0.674794 0.826750 0.050263 0.063500
0 0.699175 0.778250 0.056264 0.068500
0 0.721493 0.798500 0.046137 0.062000
0 0.773818 0.801500 0.046512 0.072000
0 0.622093 0.705250 0.054389 0.060500
0 0.635596 0.649250 0.054389 0.063500
0 0.677794 0.686250 0.055514 0.063500
0 0.584209 0.511250 0.058140 0.079500
0 0.632033 0.555250 0.053263 0.069500
0 0.667667 0.583750 0.055514 0.071500
0 0.605214 0.423250 0.054389 0.071500
0 0.648912 0.471000 0.057764 0.076000
0 0.685859 0.512750 0.055889 0.071500
0 0.656977 0.395750 0.055139 0.070500
0 0.702551 0.447750 0.055514 0.080500
0 0.677982 0.326750 0.056639 0.071500
0 0.734246 0.378750 0.058140 0.061500
0 0.780383 0.445750 0.058890 0.097500
0 0.750375 0.492000 0.058140 0.075000
0 0.816392 0.481250 0.055889 0.079500
0 0.801763 0.561500 0.052138 0.082000
0 0.730308 0.593500 0.063766 0.061000
0 0.759565 0.666250 0.060765 0.070500
0 0.783946 0.703500 0.055514 0.056000
0 0.797262 0.626250 0.058890 0.071500
0 0.753001 0.735250 0.052138 0.063500
0 0.815829 0.752500 0.060765 0.060000
0 0.858215 0.715250 0.057764 0.071500
0 0.728245 0.885250 0.051388 0.068500
0 0.856339 0.633000 0.048012 0.077000
0 0.887847 0.573750 0.054014 0.089500
0 0.878095 0.483250 0.051013 0.071500
0 0.830833 0.366750 0.055514 0.067500
0 0.691860 0.224750 0.064891 0.096500
0 0.729182 0.164750 0.066017 0.095500
0 0.760690 0.203500 0.051013 0.083000
0 0.775881 0.283500 0.053638 0.084000
0 0.808890 0.302000 0.056639 0.079000
0 0.833458 0.224500 0.060015 0.096000
0 0.885971 0.255500 0.060015 0.098000
0 0.879782 0.327500 0.049137 0.077000