0 0.426107 0.195000 0.076519 0.092000
0 0.496812 0.214500 0.075394 0.101000
0 0.561328 0.229250 0.078395 0.104500
0 0.283196 0.295750 0.077269 0.095500
0 0.351088 0.257750 0.072018 0.106500
0 0.421980 0.303500 0.069017 0.104000
0 0.512941 0.299250 0.065641 0.094500
0 0.618530 0.282000 0.071268 0.088000
0 0.680233 0.270000 0.065641 0.096000
0 0.190735 0.401500 0.076894 0.097000
0 0.275881 0.401500 0.070893 0.089000
0 0.361590 0.364750 0.070518 0.089500
0 0.334396 0.444000 0.073893 0.092000
0 0.426482 0.398250 0.072018 0.103500
0 0.526819 0.400000 0.061890 0.088000
0 0.592086 0.362250 0.058890 0.091500
0 0.686422 0.366250 0.072018 0.091500
0 0.766504 0.371000 0.064891 0.104000
0 0.830083 0.388000 0.059265 0.092000
0 0.143661 0.467250 0.072768 0.101500
0 0.239497 0.481250 0.068642 0.094500
0 0.390285 0.498250 0.074644 0.096500
0 0.486684 0.470250 0.064891 0.085500
0 0.547074 0.478500 0.067892 0.095000
0 0.633158 0.439750 0.067517 0.075500
0 0.723931 0.443500 0.066767 0.087000
0 0.795949 0.463000 0.063016 0.080000
0 0.888410 0.434500 0.058890 0.089000
0 0.076894 0.584750 0.080270 0.079500
0 0.137847 0.611750 0.076894 0.093500
0 0.194674 0.544750 0.072768 0.080500
0 0.267442 0.571500 0.065266 0.099000
0 0.322018 0.537250 0.071643 0.088500
0 0.454801 0.551000 0.061890 0.088000
0 0.511628 0.550250 0.060015 0.078500
0 0.612341 0.526250 0.058890 0.079500
0 0.668605 0.510250 0.059640 0.087500
0 0.846962 0.509250 0.055514 0.077500
0 0.093961 0.653500 0.076144 0.071000
0 0.210803 0.643500 0.075019 0.076000
0 0.307577 0.644500 0.072018 0.085000
0 0.371343 0.595000 0.066767 0.084000
0 0.427232 0.627750 0.065266 0.085500
0 0.490435 0.646500 0.067892 0.087000
0 0.562266 0.611500 0.068267 0.097000
0 0.653788 0.594000 0.068267 0.088000
0 0.738935 0.546750 0.061515 0.085500
0 0.787884 0.570000 0.062641 0.096000
0 0.736122 0.621000 0.063391 0.092000
0 0.695049 0.689250 0.069767 0.092500
0 0.616092 0.671750 0.070143 0.080500
0 0.522506 0.709000 0.065266 0.088000
0 0.460990 0.734250 0.062266 0.088500
0 0.382033 0.705500 0.069392 0.079000
0 0.313203 0.742000 0.071268 0.086000
0 0.245311 0.722750 0.066017 0.090500
0 0.163541 0.690250 0.079520 0.077500
0 0.138035 0.743500 0.069017 0.087000
0 0.196737 0.794250 0.075394 0.076500
0 0.294636 0.815250 0.064141 0.073500
0 0.373593 0.783750 0.061515 0.087500
0 0.433421 0.816750 0.073893 0.078500
0 0.503188 0.809500 0.068642 0.087000
0 0.559827 0.764000 0.055139 0.078000
0 0.622281 0.753500 0.066017 0.085000
0 0.234996 0.823500 0.057389 0.081000
0 0.279820 0.884500 0.064516 0.083000
0 0.367404 0.846500 0.064891 0.067000
0 0.358590 0.899500 0.064516 0.071000
0 0.407352 0.860250 0.057764 0.065500
0 0.481245 0.892250 0.057764 0.070500
0 0.532258 0.865250 0.059265 0.072500
0 0.569392 0.891000 0.057764 0.073000