0 0.119280 0.812500 0.066017 0.087000
0 0.172356 0.850000 0.064891 0.077000
0 0.210803 0.920000 0.062266 0.087000
0 0.257689 0.856500 0.065266 0.086000
0 0.280195 0.902500 0.055514 0.076000
0 0.333646 0.862500 0.057389 0.070000
0 0.317329 0.805500 0.051013 0.073000
0 0.228245 0.791000 0.064141 0.076000
0 0.264816 0.730250 0.053263 0.077500
0 0.323706 0.738750 0.062266 0.085500
0 0.372843 0.705750 0.051763 0.071500
0 0.144786 0.720750 0.061515 0.078500
0 0.166917 0.632000 0.063016 0.086000
0 0.208177 0.696000 0.057014 0.078000
0 0.226182 0.581250 0.054764 0.078500
0 0.252438 0.645500 0.060765 0.080000
0 0.259002 0.520500 0.054389 0.074000
0 0.295574 0.582000 0.060015 0.070000
0 0.326519 0.654750 0.054389 0.074500
0 0.380158 0.631000 0.049137 0.070000
0 0.354839 0.566250 0.053263 0.073500
0 0.333083 0.514250 0.055514 0.070500
0 0.339835 0.431500 0.050263 0.076000
0 0.412791 0.360500 0.054389 0.074000
0 0.441298 0.309500 0.052138 0.070000
0 0.487247 0.275000 0.050263 0.070000
0 0.475056 0.368750 0.055139 0.077500
0 0.425169 0.432750 0.058140 0.063500
0 0.393286 0.487250 0.049887 0.075500
0 0.439235 0.498750 0.048012 0.077500
0 0.406602 0.551000 0.054764 0.071000
0 0.430045 0.610000 0.052888 0.069000
0 0.475056 0.578750 0.040885 0.067500
0 0.487622 0.444250 0.048762 0.082500
0 0.500188 0.515250 0.047637 0.076500
0 0.439985 0.683000 0.054014 0.074000
0 0.377719 0.803250 0.055514 0.079500
0 0.422918 0.855250 0.055889 0.084500
0 0.428732 0.764000 0.054014 0.078000
0 0.484059 0.776750 0.055889 0.073500
0 0.500375 0.708250 0.048012 0.069500
0 0.533758 0.750750 0.043511 0.069500
0 0.571455 0.702500 0.047637 0.074000
0 0.604276 0.760000 0.043511 0.071000
0 0.646287 0.781750 0.047262 0.069500
0 0.685859 0.793500 0.046137 0.064000
0 0.504314 0.648000 0.053638 0.061000
0 0.524381 0.580000 0.049512 0.066000
0 0.552701 0.642000 0.050638 0.069000
0 0.578582 0.596750 0.052138 0.064500
0 0.615904 0.648000 0.046512 0.063000
0 0.624344 0.699000 0.048387 0.059000
0 0.665416 0.721750 0.042011 0.062500
0 0.665416 0.662750 0.048762 0.066500
0 0.637284 0.590750 0.051013 0.061500
0 0.542761 0.518250 0.045761 0.071500
0 0.584021 0.535500 0.047262 0.069000
0 0.547449 0.454500 0.052138 0.063000
0 0.521380 0.401500 0.051763 0.074000
0 0.568267 0.344500 0.053263 0.077000
0 0.614404 0.394750 0.052513 0.061500
0 0.601838 0.464750 0.045386 0.065500
0 0.562266 0.231000 0.062266 0.082000
0 0.600525 0.266250 0.052513 0.072500
0 0.638410 0.315750 0.043511 0.075500
0 0.626782 0.217750 0.049512 0.069500
0 0.681733 0.189000 0.049887 0.069000
0 0.685859 0.266500 0.046137 0.064000
0 0.684734 0.340750 0.040885 0.056500
0 0.659040 0.385500 0.045011 0.074000
0 0.704614 0.404500 0.040885 0.070000
0 0.660915 0.463750 0.048012 0.062500
0 0.710428 0.473500 0.046512 0.059000
0 0.653788 0.526250 0.046512 0.061500
0 0.690548 0.531500 0.045011 0.066000
0 0.700300 0.599500 0.050263 0.071000
0 0.710053 0.664250 0.044261 0.059500
0 0.718867 0.732250 0.043886 0.062500
0 0.740810 0.800250 0.046512 0.068500
0 0.782071 0.803250 0.045011 0.067500
0 0.772506 0.718500 0.040135 0.057000
0 0.813578 0.751500 0.042011 0.062000
0 0.858777 0.704500 0.040885 0.067000
0 0.820705 0.664500 0.039760 0.065000
0 0.758252 0.647750 0.040135 0.060500
0 0.731433 0.604250 0.033008 0.064500
0 0.775506 0.572250 0.043136 0.060500
0 0.818080 0.601000 0.042011 0.059000
0 0.836834 0.634250 0.036759 0.057500
0 0.874719 0.641250 0.038260 0.050500
0 0.890660 0.590250 0.036384 0.060500
0 0.849962 0.567000 0.040510 0.059000
0 0.798387 0.519750 0.047637 0.060500
0 0.741560 0.502000 0.041260 0.055000
0 0.753563 0.435750 0.045761 0.075500
0 0.785634 0.460500 0.043886 0.062000
0 0.822018 0.436000 0.040135 0.061000
0 0.852588 0.505500 0.047262 0.061000
0 0.882221 0.516250 0.042761 0.059500
0 0.893661 0.459500 0.041635 0.065000
0 0.859715 0.409250 0.042011 0.058500
0 0.790698 0.391500 0.048762 0.061000
0 0.745499 0.355750 0.050638 0.059500
0 0.724119 0.290750 0.043886 0.066500
0 0.741560 0.321500 0.045761 0.058000
0 0.733308 0.198250 0.042761 0.070500
0 0.780570 0.238750 0.046512 0.061500
0 0.792948 0.293000 0.044261 0.054000
0 0.813578 0.345000 0.036759 0.072000
0 0.846587 0.353250 0.042011 0.060500