0 0.073893 0.556000 0.046512 0.073000
0 0.086272 0.612750 0.044261 0.058500
0 0.118342 0.552750 0.042386 0.070500
0 0.093586 0.437250 0.054389 0.071500
0 0.121155 0.489000 0.056264 0.056000
0 0.164854 0.445750 0.058140 0.069500
0 0.194111 0.502500 0.055889 0.066000
0 0.191298 0.574000 0.054014 0.065000
0 0.164291 0.614750 0.049512 0.066500
0 0.112153 0.685000 0.051763 0.069000
0 0.162791 0.709250 0.045011 0.064500
0 0.207989 0.670500 0.047637 0.068000
0 0.214179 0.737500 0.046512 0.059000
0 0.256189 0.729250 0.046512 0.069500
0 0.265379 0.665000 0.046887 0.063000
0 0.246999 0.609250 0.048387 0.065500
0 0.237622 0.548500 0.041635 0.065000
0 0.280758 0.563750 0.054389 0.062500
0 0.250750 0.482000 0.048387 0.074000
0 0.297449 0.505500 0.048012 0.068000
0 0.314891 0.457500 0.052888 0.073000
0 0.261440 0.427500 0.057764 0.070000
0 0.225994 0.408500 0.045386 0.063000
0 0.171605 0.379500 0.047637 0.069000
0 0.174606 0.312750 0.056639 0.071500
0 0.238935 0.281250 0.055514 0.071500
0 0.284884 0.246250 0.055889 0.088500
0 0.332333 0.211000 0.057014 0.086000
0 0.298387 0.314750 0.054389 0.071500
0 0.353151 0.312750 0.049887 0.066500
0 0.258065 0.359250 0.047262 0.073500
0 0.305514 0.391750 0.045386 0.071500
0 0.348837 0.379500 0.053263 0.069000
0 0.402101 0.347250 0.048762 0.075500
0 0.406602 0.252750 0.051763 0.069500
0 0.451988 0.321250 0.051013 0.074500
0 0.473368 0.232500 0.051763 0.070000
0 0.496812 0.296750 0.054389 0.080500
0 0.520818 0.234000 0.053638 0.078000
0 0.498687 0.368000 0.050638 0.074000
0 0.461928 0.418500 0.051388 0.075000
0 0.404164 0.440250 0.052138 0.072500
0 0.369092 0.464750 0.046512 0.062500
0 0.406227 0.500000 0.047262 0.064000
0 0.338897 0.532000 0.051388 0.070000
0 0.354651 0.598250 0.052888 0.063500
0 0.389722 0.554750 0.055514 0.062500
0 0.402476 0.625250 0.045011 0.069500
0 0.300825 0.629750 0.048012 0.067500
0 0.322768 0.685500 0.045386 0.060000
0 0.358215 0.670250 0.042761 0.064500
0 0.357277 0.724750 0.049137 0.056500
0 0.306639 0.759750 0.050638 0.060500
0 0.353151 0.794750 0.043886 0.052500
0 0.391410 0.816750 0.046137 0.060500
0 0.433796 0.830500 0.049887 0.060000
0 0.394599 0.754250 0.045761 0.061500
0 0.403226 0.693750 0.047262 0.061500
0 0.454051 0.704750 0.048387 0.058500
0 0.439797 0.736250 0.040135 0.045500
0 0.483308 0.739250 0.056639 0.064500
0 0.485371 0.791750 0.048762 0.049500
0 0.478995 0.856000 0.052513 0.064000
0 0.529632 0.829000 0.045761 0.064000
0 0.489685 0.678750 0.055139 0.068500
0 0.527382 0.700500 0.049512 0.067000
0 0.451988 0.629750 0.050263 0.067500
0 0.450863 0.564250 0.050263 0.067500
0 0.494936 0.584750 0.047637 0.076500
0 0.508815 0.510250 0.047637 0.071500
0 0.456677 0.495750 0.050638 0.069500
0 0.507127 0.439750 0.052513 0.069500
0 0.535071 0.130250 0.056639 0.077500
0 0.574269 0.186500 0.063016 0.074000
0 0.625281 0.175750 0.053263 0.077500
0 0.613278 0.107750 0.062266 0.075500
0 0.702551 0.104250 0.068267 0.080500
0 0.763691 0.140000 0.058515 0.077000
0 0.691485 0.222750 0.059640 0.070500
0 0.641223 0.256250 0.054389 0.072500
0 0.576332 0.271500 0.059640 0.084000
0 0.615529 0.306250 0.052513 0.079500
0 0.544074 0.334250 0.053638 0.085500
0 0.571455 0.393000 0.055139 0.075000
0 0.640285 0.374000 0.055514 0.074000
0 0.675731 0.313000 0.061890 0.074000
0 0.692986 0.374250 0.052888 0.065500
0 0.716242 0.274000 0.058140 0.077000
0 0.744561 0.338750 0.054014 0.076500
0 0.764441 0.231750 0.063016 0.075500
0 0.795574 0.291250 0.051763 0.070500
0 0.852963 0.232000 0.059265 0.089000
0 0.845836 0.327250 0.057014 0.070500
0 0.809640 0.379750 0.057389 0.083500
0 0.878845 0.384750 0.056264 0.072500
0 0.845649 0.469250 0.054389 0.074500
0 0.766879 0.427750 0.060390 0.066500
0 0.789010 0.500000 0.052138 0.072000
0 0.702551 0.436250 0.055514 0.069500
0 0.743061 0.510750 0.054014 0.070500
0 0.622093 0.461000 0.058140 0.065000
0 0.663353 0.484500 0.052888 0.065000
0 0.560578 0.476750 0.055889 0.079500
0 0.588335 0.515250 0.053638 0.067500
0 0.546699 0.571000 0.050638 0.070000
0 0.633908 0.560000 0.053263 0.066000
0 0.706864 0.577750 0.053638 0.065500
0 0.670480 0.624500 0.055139 0.071000
0 0.594711 0.600000 0.047637 0.071000
0 0.620780 0.637000 0.049512 0.061000
0 0.536197 0.618000 0.050638 0.062000
0 0.567517 0.666500 0.047262 0.061000
0 0.603713 0.694750 0.049887 0.062500
0 0.544261 0.766250 0.049512 0.054500