0 0.321830 0.814750 0.047262 0.059500
0 0.370593 0.779250 0.042761 0.050500
0 0.415416 0.792250 0.048387 0.057500
0 0.457239 0.784750 0.046512 0.053500
0 0.522318 0.765250 0.047637 0.058500
0 0.566954 0.740250 0.043136 0.061500
0 0.613466 0.742750 0.043886 0.054500
0 0.610278 0.702750 0.049512 0.058500
0 0.535446 0.715250 0.042386 0.058500
0 0.480495 0.739500 0.045761 0.055000
0 0.434546 0.735750 0.049137 0.055500
0 0.383533 0.741250 0.046887 0.053500
0 0.334959 0.754000 0.048762 0.058000
0 0.289572 0.764250 0.053263 0.059500
0 0.245874 0.742250 0.048387 0.057500
0 0.201238 0.716500 0.043136 0.062000
0 0.155289 0.675750 0.051013 0.067500
0 0.115341 0.645500 0.040135 0.061000
0 0.078020 0.593000 0.046512 0.062000
0 0.049325 0.527250 0.049887 0.069500
0 0.130345 0.523250 0.054389 0.062500
0 0.104651 0.485000 0.048012 0.058000
0 0.139535 0.575000 0.046512 0.050000
0 0.169542 0.609000 0.048012 0.064000
0 0.200300 0.645000 0.050263 0.059000
0 0.247187 0.678250 0.045761 0.062500
0 0.287322 0.705000 0.051763 0.078000
0 0.343961 0.696500 0.049512 0.061000
0 0.398537 0.688250 0.049887 0.058500
0 0.438672 0.666250 0.041635 0.056500
0 0.484621 0.655000 0.043511 0.059000
0 0.532821 0.655250 0.049137 0.059500
0 0.578020 0.651250 0.043511 0.062500
0 0.613278 0.624500 0.048762 0.060000
0 0.617404 0.567250 0.045761 0.061500
0 0.605214 0.485250 0.047637 0.063500
0 0.566579 0.480000 0.048387 0.063000
0 0.551575 0.536500 0.045386 0.059000
0 0.571643 0.592000 0.043511 0.058000
0 0.527007 0.598500 0.048762 0.057000
0 0.502438 0.548750 0.044636 0.059500
0 0.470180 0.595250 0.045386 0.061500
0 0.413166 0.552750 0.052138 0.061500
0 0.426107 0.609500 0.056264 0.065000
0 0.378657 0.644500 0.046137 0.059000
0 0.321643 0.635000 0.051388 0.060000
0 0.277007 0.609250 0.049137 0.065500
0 0.224119 0.586000 0.047637 0.065000
0 0.184921 0.558250 0.048012 0.062500
0 0.117404 0.441250 0.049512 0.064500
0 0.159040 0.475250 0.063016 0.066500
0 0.208177 0.516000 0.048762 0.066000
0 0.252438 0.544000 0.045761 0.073000
0 0.310015 0.557250 0.048387 0.062500
0 0.348275 0.581750 0.046887 0.059500
0 0.463428 0.524500 0.047637 0.053000
0 0.514816 0.482500 0.049887 0.067000
0 0.603151 0.428000 0.048762 0.063000
0 0.558890 0.403500 0.049512 0.069000
0 0.590023 0.347250 0.054014 0.065500
0 0.507689 0.428750 0.047637 0.058500
0 0.466242 0.471250 0.051013 0.065500
0 0.420855 0.484000 0.042761 0.062000
0 0.367404 0.516500 0.048387 0.069000
0 0.304201 0.501500 0.051013 0.056000
0 0.232933 0.482250 0.048012 0.066500
0 0.156414 0.395250 0.044261 0.067500
0 0.199737 0.417250 0.048387 0.071500
0 0.195236 0.345500 0.052888 0.066000
0 0.249625 0.341250 0.046137 0.060500
0 0.261440 0.401500 0.048762 0.065000
0 0.293136 0.437250 0.053638 0.060500
0 0.340585 0.463000 0.052513 0.065000
0 0.390473 0.437750 0.048762 0.067500
0 0.452363 0.384000 0.048762 0.051000
0 0.528320 0.351250 0.048387 0.065500
0 0.559452 0.295250 0.055139 0.071500
0 0.478245 0.325000 0.048762 0.076000
0 0.431733 0.320250 0.050263 0.067500
0 0.373781 0.375000 0.048387 0.069000
0 0.340585 0.399250 0.052513 0.071500
0 0.338147 0.330000 0.048387 0.067000
0 0.304201 0.363500 0.050263 0.070000
0 0.655664 0.304750 0.048762 0.063500
0 0.674231 0.345750 0.051388 0.064500
0 0.736497 0.304500 0.052138 0.072000
0 0.801763 0.319750 0.051388 0.074500
0 0.820143 0.381250 0.048387 0.066500
0 0.731620 0.401250 0.053638 0.066500
0 0.629782 0.380000 0.048012 0.065000
0 0.648537 0.455250 0.048762 0.062500
0 0.706864 0.499750 0.046137 0.063500
0 0.774756 0.460750 0.051388 0.057500
0 0.822581 0.465000 0.048762 0.072000
0 0.864029 0.433500 0.052138 0.072000
0 0.877157 0.489000 0.045386 0.068000
0 0.917667 0.514500 0.041635 0.069000
0 0.647412 0.576250 0.035259 0.062500
0 0.694299 0.559750 0.048762 0.064500
0 0.663353 0.522250 0.042386 0.061500
0 0.730683 0.528250 0.048762 0.054500
0 0.648350 0.662750 0.047637 0.059500
0 0.656602 0.725500 0.054389 0.057000
0 0.707239 0.648750 0.048387 0.056500
0 0.698425 0.697750 0.043511 0.054500
0 0.730120 0.606000 0.049137 0.061000
0 0.779820 0.582250 0.046512 0.063500
0 0.759752 0.634750 0.046887 0.058500
0 0.747937 0.701000 0.043511 0.056000
0 0.793136 0.682500 0.048387 0.064000
0 0.821268 0.631000 0.048387 0.068000
0 0.842836 0.688250 0.045011 0.058500
0 0.851838 0.588250 0.045761 0.057500
0 0.884846 0.655000 0.046512 0.063000
0 0.895724 0.577500 0.042761 0.070000