0 0.434171 0.286250 0.035634 0.046500
0 0.263316 0.353750 0.036009 0.042500
0 0.077832 0.656750 0.037884 0.046500
0 0.091710 0.596250 0.037884 0.047500
0 0.132408 0.604500 0.031508 0.051000
0 0.120030 0.634750 0.038260 0.045500
0 0.135221 0.687750 0.033383 0.050500
0 0.099587 0.701750 0.037134 0.048500
0 0.132033 0.737250 0.039760 0.046500
0 0.150225 0.777250 0.041635 0.050500
0 0.170668 0.721750 0.033758 0.040500
0 0.190360 0.683500 0.035634 0.051000
0 0.172918 0.644500 0.036759 0.045000
0 0.189797 0.796000 0.037509 0.049000
0 0.199925 0.735000 0.035259 0.044000
0 0.224119 0.699250 0.034134 0.045500
0 0.215679 0.649250 0.033758 0.048500
0 0.177607 0.588250 0.043136 0.046500
0 0.211365 0.601250 0.034884 0.047500
0 0.150788 0.552500 0.039760 0.048000
0 0.109527 0.526750 0.039010 0.050500
0 0.126782 0.479000 0.033758 0.042000
0 0.151163 0.442500 0.035259 0.047000
0 0.159790 0.503500 0.038260 0.043000
0 0.180608 0.455250 0.034884 0.047500
0 0.173668 0.404750 0.038260 0.045500
0 0.210615 0.416000 0.035634 0.042000
0 0.230495 0.375500 0.034884 0.036000
0 0.265566 0.406750 0.033758 0.041500
0 0.234621 0.442000 0.037884 0.046000
0 0.229745 0.496500 0.033383 0.047000
0 0.191860 0.525500 0.034884 0.048000
0 0.225994 0.552000 0.033383 0.043000
0 0.291635 0.394750 0.035634 0.040500
0 0.277944 0.449750 0.034509 0.047500
0 0.266504 0.495250 0.035634 0.048500
0 0.262378 0.547500 0.031883 0.043000
0 0.243623 0.591500 0.034884 0.045000
0 0.285446 0.601000 0.038260 0.037000
0 0.257689 0.646000 0.032258 0.044000
0 0.294261 0.656250 0.036384 0.040500
0 0.265941 0.691000 0.036759 0.042000
0 0.311328 0.702250 0.034509 0.045500
0 0.255439 0.733000 0.034509 0.042000
0 0.227307 0.763250 0.036009 0.044500
0 0.220743 0.827250 0.037884 0.049500
0 0.253563 0.858250 0.028507 0.034500
0 0.271005 0.828000 0.036384 0.040000
0 0.273818 0.774250 0.033758 0.044500
0 0.304014 0.808750 0.035634 0.047500
0 0.306264 0.756750 0.034884 0.048500
0 0.337772 0.814750 0.034884 0.044500
0 0.346774 0.759500 0.031883 0.037000
0 0.350713 0.709000 0.035259 0.045000
0 0.366654 0.671000 0.033383 0.041000
0 0.330083 0.664500 0.033758 0.043000
0 0.342273 0.617250 0.034884 0.046500
0 0.378470 0.616750 0.039010 0.042500
0 0.319955 0.588000 0.036009 0.047000
0 0.360465 0.570000 0.036009 0.041000
0 0.302701 0.525000 0.035259 0.049000
0 0.338897 0.539500 0.034134 0.044000
0 0.371905 0.526000 0.036384 0.041000
0 0.325581 0.497500 0.036009 0.044000
0 0.373781 0.480500 0.032633 0.040000
0 0.318080 0.444500 0.036759 0.041000
0 0.356339 0.443750 0.033008 0.037500
0 0.331395 0.397000 0.034884 0.040000
0 0.368155 0.385750 0.032633 0.044500
0 0.378095 0.356000 0.030758 0.041000
0 0.411853 0.336750 0.033008 0.043500
0 0.434359 0.377250 0.033008 0.048500
0 0.390285 0.427750 0.034134 0.044500
0 0.438110 0.433750 0.035259 0.038500
0 0.408665 0.472250 0.032633 0.042500
0 0.446737 0.478000 0.034509 0.040000
0 0.411478 0.530000 0.036009 0.038000
0 0.458365 0.519500 0.036009 0.036000
0 0.432108 0.559250 0.030008 0.049500
0 0.470555 0.563250 0.031883 0.044500
0 0.419355 0.610000 0.031508 0.043000
0 0.454989 0.601500 0.032258 0.041000
0 0.403413 0.656250 0.037134 0.039500
0 0.469430 0.644750 0.034884 0.044500
0 0.388597 0.707250 0.033008 0.048500
0 0.424044 0.695250 0.036384 0.039500
0 0.462678 0.696000 0.031883 0.045000
0 0.385409 0.763250 0.034884 0.044500
0 0.416729 0.748250 0.033008 0.046500
0 0.455739 0.757500 0.034509 0.043000
0 0.375281 0.818000 0.034134 0.040000
0 0.407914 0.805000 0.036384 0.046000
0 0.445986 0.803500 0.031508 0.039000
0 0.483308 0.793500 0.035634 0.047000
0 0.517254 0.787750 0.033758 0.044500
0 0.486309 0.730000 0.031883 0.044000
0 0.523068 0.735500 0.034884 0.047000
0 0.495499 0.683500 0.030758 0.046000
0 0.529445 0.686250 0.031883 0.047500
0 0.509377 0.640000 0.031508 0.039000
0 0.548387 0.643250 0.034509 0.043500
0 0.497187 0.594500 0.033383 0.044000
0 0.537322 0.600750 0.032633 0.050500
0 0.549887 0.561750 0.031508 0.040500
0 0.517817 0.557500 0.034884 0.040000
0 0.481995 0.490000 0.033758 0.042000
0 0.518942 0.494750 0.032633 0.039500
0 0.567329 0.519000 0.028882 0.040000
0 0.589647 0.547000 0.033758 0.036000
0 0.572393 0.613000 0.034509 0.047000
0 0.550825 0.477250 0.031133 0.039500
0 0.477682 0.439000 0.031133 0.045000
0 0.511628 0.427500 0.032258 0.044000
0 0.485371 0.389000 0.034509 0.044000
0 0.531883 0.349500 0.034509 0.039000
0 0.559265 0.375250 0.033008 0.046500
0 0.585334 0.352250 0.034884 0.036500
0 0.590960 0.393500 0.033383 0.044000
0 0.561890 0.436750 0.033008 0.036500
0 0.611028 0.436500 0.033758 0.042000
0 0.595086 0.476250 0.036384 0.042500
0 0.626032 0.502500 0.033008 0.048000
0 0.625281 0.551750 0.033758 0.038500
0 0.605776 0.590250 0.033758 0.042500
0 0.638785 0.589500 0.032258 0.041000
0 0.596024 0.639750 0.030008 0.036500
0 0.642536 0.637750 0.033008 0.042500
0 0.577269 0.677000 0.033008 0.040000
0 0.620218 0.684250 0.031883 0.045500
0 0.555701 0.715250 0.036384 0.041500
0 0.598462 0.717750 0.034884 0.052500
0 0.632971 0.725000 0.029632 0.043000
0 0.549137 0.773000 0.034509 0.042000
0 0.583646 0.764750 0.033008 0.041500
0 0.617779 0.769750 0.030008 0.050500
0 0.647787 0.782000 0.030758 0.047000
0 0.667854 0.739500 0.033383 0.036000
0 0.704051 0.799000 0.031508 0.043000
0 0.738935 0.783750 0.032258 0.041500
0 0.657164 0.688000 0.035259 0.042000
0 0.690173 0.701250 0.030008 0.043500
0 0.722618 0.739500 0.032633 0.046000
0 0.755626 0.744000 0.031133 0.042000
0 0.803451 0.751500 0.029257 0.046000
0 0.821830 0.713250 0.034509 0.037500
0 0.783758 0.710750 0.034134 0.033500
0 0.718867 0.694250 0.025131 0.044500
0 0.762941 0.671250 0.033008 0.036500
0 0.793886 0.662250 0.031883 0.044500
0 0.844336 0.668250 0.036009 0.042500
0 0.828957 0.627000 0.036009 0.047000
0 0.678732 0.651000 0.028882 0.041000
0 0.707052 0.655000 0.032258 0.043000
0 0.733871 0.625750 0.031133 0.046500
0 0.772693 0.630000 0.035259 0.038000
0 0.806077 0.587250 0.033758 0.041500
0 0.762941 0.590000 0.036009 0.038000
0 0.686234 0.605500 0.036384 0.042000
0 0.711553 0.559000 0.033758 0.038000
0 0.661853 0.553500 0.032633 0.037000
0 0.778320 0.540000 0.033008 0.040000
0 0.734809 0.533250 0.026257 0.044500
0 0.709677 0.516500 0.033008 0.042000
0 0.655476 0.511000 0.034884 0.041000
0 0.680045 0.478500 0.032258 0.042000
0 0.644786 0.467000 0.033758 0.043000
0 0.713241 0.469000 0.031883 0.043000
0 0.744561 0.478500 0.030758 0.044000
0 0.764254 0.447250 0.034884 0.039500
0 0.728432 0.435500 0.036759 0.042000
0 0.684171 0.439750 0.035259 0.035500
0 0.645536 0.413500 0.032258 0.040000
0 0.663353 0.389000 0.029632 0.033000
0 0.699175 0.396500 0.031508 0.037000
0 0.739685 0.388750 0.033008 0.036500
0 0.619467 0.382750 0.033383 0.039500
0 0.621718 0.327750 0.032633 0.041500
0 0.651163 0.341000 0.032258 0.045000
0 0.696737 0.339500 0.031883 0.046000
0 0.728057 0.328250 0.033008 0.040500
0 0.397037 0.570500 0.034884 0.048000