0 0.198050 0.264500 0.057764 0.056000
0 0.195799 0.317500 0.057764 0.062000
0 0.244936 0.250000 0.048762 0.070000
0 0.257689 0.317500 0.053263 0.070000
0 0.234059 0.420250 0.055514 0.071500
0 0.279820 0.365250 0.052513 0.065500
0 0.306264 0.193750 0.055889 0.066500
0 0.306077 0.270250 0.056264 0.066500
0 0.323893 0.331000 0.053638 0.070000
0 0.323331 0.395500 0.054764 0.073000
0 0.290135 0.445500 0.055139 0.068000
0 0.248500 0.516750 0.059640 0.072500
0 0.284321 0.554500 0.056264 0.074000
0 0.307389 0.498250 0.053638 0.071500
0 0.340773 0.471250 0.049137 0.078500
0 0.346962 0.551750 0.048762 0.070500
0 0.337022 0.627250 0.052888 0.067500
0 0.362716 0.716500 0.052513 0.075000
0 0.424419 0.742250 0.048387 0.072500
0 0.467367 0.790750 0.060015 0.062500
0 0.487809 0.861250 0.052138 0.071500
0 0.386347 0.604000 0.052513 0.073000
0 0.413916 0.653750 0.053638 0.074500
0 0.474494 0.731750 0.051013 0.071500
0 0.349025 0.225000 0.052138 0.067000
0 0.380533 0.168750 0.055139 0.070500
0 0.430983 0.186500 0.058515 0.074000
0 0.417104 0.267000 0.054764 0.066000
0 0.367967 0.293750 0.056264 0.070500
0 0.374531 0.358000 0.055889 0.068000
0 0.372281 0.422750 0.053638 0.066500
0 0.383346 0.514250 0.052513 0.073500
0 0.470930 0.240750 0.052888 0.062500
0 0.422356 0.338500 0.048762 0.063000
0 0.467179 0.315500 0.052888 0.065000
0 0.515191 0.271500 0.054389 0.063000
0 0.563766 0.249250 0.052513 0.063500
0 0.554951 0.306250 0.048387 0.064500
0 0.506189 0.350000 0.054389 0.066000
0 0.468867 0.368250 0.052513 0.066500
0 0.424794 0.391750 0.053638 0.064500
0 0.415791 0.465750 0.049887 0.075500
0 0.460240 0.445750 0.051763 0.066500
0 0.454051 0.500500 0.053638 0.064000
0 0.423106 0.566000 0.049512 0.069000
0 0.455551 0.619750 0.052888 0.063500
0 0.493811 0.657250 0.049887 0.067500
0 0.529445 0.739750 0.051388 0.069500
0 0.558140 0.790000 0.049512 0.064000
0 0.577457 0.849250 0.046887 0.073500
0 0.626407 0.882000 0.047262 0.074000
0 0.679670 0.891750 0.050263 0.057500
0 0.656977 0.832500 0.055139 0.066000
0 0.612716 0.805750 0.049137 0.071500
0 0.617592 0.745750 0.046887 0.063500
0 0.536197 0.682500 0.051388 0.063000
0 0.596962 0.683500 0.052138 0.067000
0 0.572768 0.630500 0.047262 0.066000
0 0.496062 0.574250 0.052138 0.068500
0 0.499812 0.497250 0.049137 0.070500
0 0.507127 0.408250 0.052513 0.064500
0 0.543136 0.438500 0.045011 0.065000
0 0.549512 0.385250 0.048012 0.059500
0 0.548200 0.517750 0.050638 0.062500
0 0.549887 0.580500 0.056264 0.062000
0 0.605964 0.228750 0.049887 0.073500
0 0.600900 0.296000 0.048762 0.068000
0 0.595274 0.354250 0.047262 0.063500
0 0.589460 0.411000 0.053638 0.068000
0 0.592648 0.476750 0.054764 0.067500
0 0.590585 0.545000 0.049887 0.066000
0 0.608965 0.601750 0.052888 0.065500
0 0.627907 0.659250 0.046512 0.068500
0 0.654539 0.717500 0.053263 0.064000
0 0.682858 0.748750 0.049137 0.076500
0 0.721305 0.813000 0.044261 0.062000
0 0.775506 0.823500 0.052888 0.054000
0 0.759190 0.761000 0.049512 0.058000
0 0.835146 0.766500 0.044636 0.068000
0 0.802513 0.713000 0.053638 0.065000
0 0.714366 0.708500 0.049137 0.069000
0 0.757127 0.680500 0.045386 0.058000
0 0.823143 0.671000 0.047637 0.064000
0 0.860278 0.633750 0.045386 0.064500
0 0.684546 0.643250 0.047262 0.064500
0 0.725244 0.645000 0.049137 0.073000
0 0.784509 0.625000 0.046887 0.063000
0 0.810953 0.586500 0.043511 0.069000
0 0.847149 0.577000 0.043886 0.061000
0 0.651913 0.588000 0.051763 0.060000
0 0.713053 0.579000 0.051763 0.065000
0 0.742686 0.590250 0.043511 0.064500
0 0.776819 0.553500 0.048012 0.069000
0 0.823706 0.526500 0.048762 0.065000
0 0.636909 0.527750 0.048012 0.070500
0 0.676857 0.524500 0.046137 0.067000
0 0.727869 0.532750 0.046137 0.063500
0 0.634284 0.463750 0.049512 0.066500
0 0.702738 0.480500 0.049137 0.060000
0 0.750938 0.484750 0.049512 0.063500
0 0.811515 0.486250 0.046137 0.062500
0 0.843961 0.467000 0.043511 0.066000
0 0.676669 0.443500 0.048012 0.064000
0 0.713991 0.423250 0.045386 0.062500
0 0.765941 0.414250 0.044261 0.068500
0 0.815454 0.417000 0.050263 0.067000
0 0.636159 0.385500 0.053263 0.066000
0 0.690735 0.369750 0.050638 0.064500
0 0.734434 0.369000 0.049512 0.058000
0 0.797262 0.359750 0.049137 0.061500
0 0.636347 0.318750 0.049137 0.067500
0 0.680045 0.290500 0.051013 0.066000
0 0.725806 0.310750 0.057014 0.072500
0 0.778695 0.301250 0.053263 0.067500
0 0.654164 0.220750 0.048012 0.063500
0 0.699925 0.210500 0.050263 0.069000
0 0.736684 0.252750 0.050263 0.064500
0 0.787509 0.239000 0.052888 0.070000