0 0.044636 0.356000 0.034509 0.061000
0 0.061515 0.420500 0.041260 0.057000
0 0.084209 0.391000 0.046887 0.057000
0 0.112341 0.362500 0.036384 0.053000
0 0.131658 0.340250 0.040510 0.064500
0 0.127157 0.409000 0.039760 0.058000
0 0.121155 0.464250 0.039760 0.053500
0 0.165979 0.362500 0.043886 0.062000
0 0.162978 0.407000 0.049887 0.054000
0 0.230495 0.301250 0.042386 0.064500
0 0.160915 0.506750 0.039760 0.047500
0 0.216242 0.493250 0.041635 0.048500
0 0.202363 0.547500 0.037134 0.061000
0 0.232558 0.588000 0.042761 0.058000
0 0.257689 0.613250 0.036759 0.058500
0 0.262753 0.665500 0.038635 0.055000
0 0.247562 0.555750 0.044261 0.052500
0 0.225619 0.438500 0.040885 0.057000
0 0.259002 0.465500 0.046137 0.056000
0 0.276444 0.405750 0.042011 0.057500
0 0.290510 0.351500 0.046137 0.056000
0 0.315454 0.301250 0.048012 0.050500
0 0.342461 0.272750 0.046512 0.064500
0 0.387659 0.246500 0.048387 0.060000
0 0.355776 0.337500 0.049887 0.062000
0 0.398725 0.312500 0.046512 0.059000
0 0.364404 0.401750 0.052138 0.055500
0 0.325019 0.441000 0.043886 0.060000
0 0.305139 0.486250 0.041635 0.048500
0 0.283008 0.530500 0.047637 0.053000
0 0.298575 0.585250 0.045761 0.054500
0 0.316767 0.545750 0.046137 0.057500
0 0.299325 0.640500 0.039760 0.053000
0 0.323143 0.676750 0.043886 0.053500
0 0.293511 0.717250 0.040885 0.051500
0 0.345274 0.627250 0.040885 0.058500
0 0.329332 0.740750 0.039760 0.057500
0 0.376032 0.760750 0.043136 0.045500
0 0.362341 0.703500 0.033758 0.057000
0 0.392911 0.700250 0.040885 0.054500
0 0.414291 0.743250 0.041635 0.053500
0 0.442611 0.710750 0.041260 0.062500
0 0.468492 0.756500 0.046512 0.064000
0 0.380345 0.618750 0.038260 0.053500
0 0.342648 0.503500 0.046137 0.064000
0 0.368155 0.569000 0.046137 0.056000
0 0.385409 0.524750 0.044636 0.049500
0 0.416729 0.497750 0.042761 0.060500
0 0.420668 0.558750 0.040135 0.061500
0 0.414104 0.592500 0.042011 0.043000
0 0.409415 0.641750 0.043136 0.058500
0 0.464741 0.663250 0.048012 0.055500
0 0.486497 0.703750 0.042011 0.057500
0 0.528695 0.692000 0.038635 0.060000
0 0.451050 0.598000 0.039385 0.059000
0 0.489122 0.615250 0.039010 0.057500
0 0.354839 0.461500 0.044261 0.061000
0 0.399287 0.424000 0.045386 0.064000
0 0.463241 0.513500 0.051013 0.063000
0 0.445424 0.419750 0.046137 0.068500
0 0.436047 0.362750 0.049137 0.062500
0 0.449550 0.297000 0.050638 0.065000
0 0.480495 0.250500 0.048012 0.066000
0 0.523256 0.290250 0.048012 0.060500
0 0.491373 0.351750 0.048762 0.066500
0 0.498312 0.412000 0.046137 0.061000
0 0.489310 0.480500 0.039385 0.059000
0 0.506002 0.551000 0.048762 0.048000
0 0.536572 0.613500 0.043886 0.058000
0 0.561140 0.648500 0.045011 0.061000
0 0.560203 0.720500 0.041635 0.054000
0 0.589460 0.699500 0.046887 0.052000
0 0.611028 0.744750 0.044261 0.060500
0 0.533196 0.511750 0.046887 0.058500
0 0.532071 0.457750 0.044636 0.056500
0 0.541448 0.394750 0.049137 0.068500
0 0.559265 0.337250 0.048012 0.058500
0 0.572581 0.255250 0.052138 0.054500
0 0.614591 0.332250 0.052138 0.064500
0 0.657539 0.323250 0.048762 0.068500
0 0.589835 0.386500 0.046137 0.066000
0 0.577082 0.456250 0.041635 0.059500
0 0.653601 0.389500 0.049137 0.063000
0 0.628470 0.435750 0.047637 0.061500
0 0.576894 0.510500 0.046512 0.055000
0 0.559265 0.562500 0.040510 0.059000
0 0.598275 0.562750 0.048012 0.062500
0 0.590023 0.616000 0.048012 0.059000
0 0.632033 0.672500 0.047262 0.060000
0 0.656977 0.720500 0.047637 0.061000
0 0.622281 0.491500 0.047262 0.063000
0 0.639722 0.545250 0.050638 0.058500
0 0.650225 0.597750 0.044636 0.054500
0 0.675731 0.674000 0.042386 0.060000
0 0.700675 0.717750 0.045011 0.058500
0 0.727307 0.673750 0.049512 0.055500
0 0.710053 0.629250 0.042011 0.064500
0 0.686422 0.567500 0.045011 0.062000
0 0.669355 0.497000 0.042386 0.065000
0 0.684546 0.434250 0.052513 0.055500
0 0.719430 0.323250 0.048012 0.073500
0 0.753188 0.387000 0.054764 0.062000
0 0.740623 0.447250 0.056639 0.066500
0 0.713428 0.500750 0.045761 0.064500
0 0.732933 0.559250 0.047262 0.069500
0 0.755439 0.614750 0.053263 0.062500
0 0.785634 0.698750 0.051388 0.058500
0 0.827457 0.637750 0.049512 0.063500
0 0.795011 0.580250 0.052138 0.062500
0 0.764629 0.511500 0.051388 0.061000
0 0.797074 0.461000 0.046512 0.073000
0 0.820330 0.521250 0.047262 0.066500
0 0.863278 0.582000 0.046887 0.064000
0 0.832146 0.407500 0.057389 0.061000
0 0.854651 0.473500 0.054389 0.063000
0 0.898912 0.524250 0.052888 0.068500
0 0.926294 0.474250 0.061890 0.057500
0 0.882033 0.401250 0.058140 0.058500
0 0.853338 0.328000 0.057014 0.060000