0 0.038072 0.362250 0.039385 0.055500
0 0.082333 0.372000 0.032633 0.053000
0 0.113466 0.373250 0.030383 0.047500
0 0.111403 0.324250 0.039010 0.046500
0 0.111590 0.423750 0.034884 0.044500
0 0.072206 0.478750 0.042386 0.043500
0 0.128470 0.449250 0.036384 0.042500
0 0.131095 0.490750 0.048387 0.041500
0 0.115904 0.531750 0.034509 0.046500
0 0.165229 0.519000 0.033383 0.049000
0 0.136909 0.603500 0.036759 0.047000
0 0.138972 0.677500 0.040885 0.047000
0 0.159602 0.726750 0.038635 0.044500
0 0.182671 0.647250 0.034509 0.052500
0 0.189985 0.583250 0.031883 0.041500
0 0.191673 0.535000 0.038260 0.050000
0 0.167104 0.470500 0.029632 0.053000
0 0.193923 0.466000 0.036759 0.051000
0 0.170668 0.417750 0.036009 0.050500
0 0.205739 0.426250 0.033383 0.053500
0 0.213241 0.369000 0.040135 0.054000
0 0.183233 0.284000 0.028882 0.052000
0 0.227869 0.326750 0.034134 0.051500
0 0.243623 0.294000 0.040885 0.049000
0 0.274569 0.260750 0.035259 0.046500
0 0.310203 0.272750 0.038260 0.049500
0 0.260878 0.332250 0.045386 0.048500
0 0.251875 0.367750 0.031883 0.043500
0 0.284884 0.369000 0.036384 0.043000
0 0.251500 0.413000 0.038635 0.047000
0 0.288072 0.423500 0.034509 0.044000
0 0.234621 0.470250 0.040135 0.043500
0 0.273443 0.460750 0.036009 0.040500
0 0.242498 0.524750 0.036384 0.052500
0 0.265004 0.561250 0.038635 0.050500
0 0.277569 0.522250 0.036759 0.044500
0 0.218117 0.607750 0.041635 0.042500
0 0.213803 0.624500 0.035259 0.034000
0 0.208177 0.665250 0.032258 0.045500
0 0.241748 0.651500 0.033383 0.047000
0 0.261253 0.613250 0.039385 0.049500
0 0.265004 0.691000 0.037884 0.042000
0 0.263503 0.722750 0.035634 0.036500
0 0.207427 0.754250 0.028507 0.049500
0 0.229557 0.797000 0.032258 0.042000
0 0.263503 0.805500 0.037134 0.045000
0 0.292761 0.784750 0.034884 0.046500
0 0.349212 0.792500 0.036759 0.049000
0 0.374531 0.856250 0.037884 0.047500
0 0.312828 0.710500 0.040510 0.044000
0 0.349400 0.713750 0.033383 0.043500
0 0.363466 0.748750 0.033758 0.041500
0 0.394224 0.771750 0.034509 0.045500
0 0.409602 0.810500 0.034509 0.044000
0 0.406977 0.862250 0.030758 0.052500
0 0.449925 0.883500 0.032633 0.049000
0 0.427419 0.768250 0.037134 0.042500
0 0.436234 0.802250 0.033758 0.045500
0 0.450488 0.832000 0.033008 0.044000
0 0.459677 0.750000 0.034884 0.038000
0 0.394974 0.722000 0.035259 0.043000
0 0.440548 0.705250 0.031883 0.045500
0 0.474306 0.709750 0.038635 0.048500
0 0.289197 0.634500 0.033758 0.043000
0 0.312453 0.668000 0.037509 0.044000
0 0.296512 0.603750 0.035634 0.050500
0 0.329520 0.630500 0.030383 0.049000
0 0.360278 0.656500 0.034134 0.046000
0 0.355589 0.616000 0.038260 0.041000
0 0.305514 0.551750 0.037134 0.041500
0 0.342836 0.547000 0.031508 0.051000
0 0.313766 0.496250 0.034884 0.050500
0 0.344336 0.492000 0.034509 0.049000
0 0.325769 0.452250 0.037884 0.040500
0 0.322018 0.398500 0.035634 0.046000
0 0.323893 0.351500 0.033383 0.050000
0 0.347712 0.367500 0.027757 0.055000
0 0.331958 0.311750 0.039760 0.049500
0 0.366092 0.322000 0.034509 0.051000
0 0.337959 0.244750 0.033008 0.048500
0 0.364216 0.218750 0.038260 0.056500
0 0.371155 0.269500 0.037884 0.043000
0 0.407164 0.283250 0.032633 0.047500
0 0.401163 0.336750 0.039385 0.056500
0 0.386159 0.377250 0.037884 0.054500
0 0.371905 0.405750 0.036384 0.045500
0 0.374531 0.448750 0.036384 0.053500
0 0.407914 0.437500 0.039385 0.043000
0 0.379970 0.501250 0.036759 0.047500
0 0.371718 0.551750 0.037509 0.045500
0 0.399287 0.593250 0.035634 0.045500
0 0.413916 0.526750 0.038635 0.037500
0 0.422168 0.570500 0.038635 0.048000
0 0.423856 0.474000 0.039760 0.050000
0 0.423668 0.398250 0.040135 0.049500
0 0.446174 0.430750 0.034884 0.053500
0 0.442798 0.351000 0.035634 0.048000
0 0.469430 0.317500 0.038635 0.052000
0 0.412228 0.239750 0.032258 0.049500
0 0.437734 0.201750 0.035259 0.050500
0 0.449737 0.258250 0.036009 0.050500
0 0.484059 0.267500 0.031883 0.051000
0 0.514254 0.273250 0.029257 0.048500
0 0.507502 0.219000 0.033758 0.043000
0 0.552326 0.233500 0.035634 0.055000
0 0.565829 0.198750 0.030383 0.052500
0 0.596587 0.201250 0.031883 0.038500
0 0.628845 0.181500 0.036384 0.050000
0 0.594711 0.258250 0.035634 0.048500
0 0.628470 0.230750 0.037884 0.051500
0 0.534696 0.309500 0.035634 0.047000
0 0.569205 0.304750 0.033383 0.046500
0 0.603338 0.308500 0.034884 0.050000
0 0.530570 0.357500 0.038635 0.046000
0 0.567892 0.352500 0.034509 0.045000
0 0.598837 0.358750 0.031133 0.043500
0 0.627157 0.350250 0.031508 0.040500
0 0.498687 0.309500 0.031133 0.044000
0 0.485184 0.349250 0.034134 0.042500
0 0.500938 0.385750 0.035634 0.045500
0 0.470930 0.410500 0.036384 0.049000
0 0.499437 0.425500 0.032633 0.039000
0 0.477869 0.453500 0.032258 0.039000
0 0.466242 0.508750 0.035259 0.047500
0 0.500750 0.490000 0.035259 0.036000
0 0.527569 0.452250 0.034134 0.041500
0 0.458177 0.560500 0.037884 0.044000
0 0.442611 0.601250 0.035259 0.047500
0 0.407164 0.651000 0.035634 0.046000
0 0.441298 0.649750 0.033383 0.053500
0 0.473743 0.654500 0.036009 0.040000
0 0.489685 0.600000 0.036384 0.031000
0 0.522693 0.652000 0.034134 0.048000
0 0.508065 0.695750 0.032633 0.045500
0 0.515379 0.726500 0.034509 0.045000
0 0.498125 0.778750 0.036759 0.048500
0 0.482183 0.822750 0.034134 0.043500
0 0.478057 0.868250 0.035634 0.041500
0 0.506752 0.920250 0.039760 0.041500
0 0.515379 0.856000 0.033758 0.046000
0 0.539385 0.870500 0.031508 0.036000
0 0.544074 0.836750 0.031883 0.040500
0 0.531508 0.777500 0.033008 0.038000
0 0.558140 0.792000 0.032258 0.042000
0 0.555326 0.752000 0.034134 0.042000
0 0.569205 0.702000 0.031133 0.046000
0 0.539010 0.660250 0.027757 0.044500
0 0.492498 0.562250 0.032258 0.053500
0 0.527007 0.541500 0.036009 0.037000
0 0.529820 0.591250 0.040885 0.040500
0 0.557577 0.605750 0.028132 0.044500
0 0.555514 0.548250 0.030758 0.040500
0 0.554951 0.494750 0.038635 0.036500
0 0.543136 0.411500 0.039760 0.047000
0 0.574081 0.392250 0.036384 0.041500
0 0.580083 0.432250 0.034884 0.041500
0 0.591335 0.477500 0.033383 0.043000
0 0.587209 0.525500 0.036384 0.043000
0 0.589272 0.589000 0.033758 0.037000
0 0.579707 0.629250 0.035634 0.041500
0 0.612903 0.632250 0.030758 0.045500
0 0.628470 0.591000 0.034884 0.047000
0 0.649100 0.618000 0.031883 0.040000
0 0.672168 0.657750 0.031508 0.040500
0 0.644224 0.692000 0.034884 0.042000
0 0.617029 0.716500 0.034509 0.038000
0 0.581020 0.757000 0.027757 0.051000
0 0.609340 0.751750 0.029632 0.038500
0 0.638035 0.728250 0.030758 0.034500
0 0.648537 0.751250 0.034509 0.041500
0 0.589085 0.828750 0.037134 0.044500
0 0.571080 0.885500 0.034134 0.037000
0 0.597524 0.890750 0.033008 0.029500
0 0.560015 0.928250 0.029257 0.044500
0 0.598275 0.840000 0.029257 0.031000
0 0.617967 0.847500 0.027382 0.041000
0 0.609340 0.802750 0.026632 0.042500
0 0.626219 0.798750 0.013128 0.034500
0 0.654726 0.808500 0.034884 0.044000
0 0.672543 0.843500 0.030008 0.040000
0 0.676482 0.781000 0.029632 0.036000
0 0.679107 0.733000 0.034884 0.044000
0 0.700488 0.750250 0.031133 0.041500
0 0.724494 0.727750 0.034134 0.045500
0 0.743623 0.761750 0.032633 0.040500
0 0.754126 0.741250 0.013128 0.026500
0 0.750375 0.697750 0.031133 0.038500
0 0.688110 0.682250 0.030383 0.042500
0 0.713803 0.671750 0.024756 0.030500
0 0.730683 0.657250 0.038260 0.041500
0 0.676669 0.597750 0.037509 0.045500
0 0.722806 0.605500 0.037509 0.038000
0 0.739497 0.627750 0.023631 0.028500
0 0.686984 0.556750 0.032633 0.047500
0 0.720930 0.567250 0.031508 0.047500
0 0.746812 0.571250 0.027007 0.041500
0 0.774944 0.552250 0.036009 0.042500
0 0.683421 0.512500 0.034509 0.041000
0 0.710990 0.521750 0.026632 0.040500
0 0.738747 0.521750 0.030383 0.041500
0 0.740623 0.478250 0.038635 0.041500
0 0.772131 0.500000 0.034134 0.045000
0 0.617404 0.541750 0.033758 0.045500
0 0.648537 0.539250 0.030758 0.046500
0 0.624344 0.496000 0.031883 0.045000
0 0.651725 0.486000 0.039385 0.047000
0 0.619280 0.442000 0.036759 0.046000
0 0.653601 0.437250 0.033383 0.049500
0 0.687922 0.452750 0.035259 0.039500
0 0.608590 0.403500 0.035634 0.044000
0 0.643661 0.387500 0.038260 0.046000
0 0.653226 0.330500 0.031133 0.048000
0 0.667854 0.371000 0.040135 0.047000
0 0.688297 0.407000 0.043511 0.045000
0 0.638597 0.276250 0.038635 0.051500
0 0.676294 0.283250 0.036759 0.040500
0 0.664666 0.213500 0.036009 0.049000
0 0.663166 0.160000 0.033758 0.053000
0 0.739310 0.181000 0.032258 0.048000
0 0.711740 0.212250 0.034134 0.049500
0 0.704426 0.255250 0.034509 0.047500
0 0.736684 0.243000 0.033008 0.045000
0 0.771568 0.211750 0.040510 0.046500
0 0.781883 0.254500 0.038635 0.045000
0 0.704239 0.314000 0.034884 0.050000
0 0.728995 0.341750 0.028132 0.046500
0 0.749250 0.318000 0.034884 0.048000
0 0.786759 0.298000 0.031133 0.045000
0 0.721118 0.381000 0.035634 0.041000
0 0.755064 0.360000 0.027757 0.043000
0 0.729182 0.427500 0.035259 0.051000
0 0.773818 0.453500 0.042761 0.037000
0 0.762753 0.406250 0.038635 0.046500
0 0.787134 0.390500 0.034134 0.037000
0 0.785071 0.350500 0.035259 0.044000
0 0.816767 0.354750 0.028882 0.048500
0 0.858215 0.365750 0.035259 0.049500
0 0.867592 0.321750 0.037509 0.041500
0 0.883346 0.350500 0.032258 0.040000
0 0.849775 0.236500 0.035634 0.047000
0 0.861965 0.266500 0.037509 0.047000
0 0.896662 0.273000 0.031883 0.049000
0 0.803451 0.433000 0.030758 0.049000
0 0.847337 0.424250 0.033758 0.045500
0 0.830270 0.459000 0.034884 0.039000
0 0.807952 0.489000 0.035259 0.042000
0 0.816954 0.521750 0.039760 0.039500
0 0.845461 0.497500 0.033758 0.038000
0 0.883721 0.472000 0.036759 0.043000
0 0.879595 0.425750 0.034509 0.047500
0 0.897224 0.408000 0.030008 0.047000
0 0.922168 0.379500 0.033383 0.045000
0 0.930983 0.444250 0.033008 0.038500
0 0.898537 0.452000 0.025131 0.045000
0 0.933233 0.485500 0.035259 0.040000
0 0.922543 0.519000 0.034884 0.043000
0 0.937922 0.548250 0.032633 0.038500
0 0.888410 0.529750 0.028132 0.048500
0 0.841523 0.562250 0.032633 0.045500
0 0.872281 0.569750 0.031133 0.046500
0 0.799137 0.568000 0.030383 0.043000
0 0.801575 0.603750 0.030008 0.038500
0 0.829895 0.618250 0.028882 0.039500
0 0.781883 0.651250 0.035634 0.048500
0 0.776632 0.699750 0.025881 0.041500
0 0.792573 0.676000 0.030008 0.040000
0 0.822018 0.704000 0.027382 0.038000
0 0.825581 0.685500 0.023256 0.035000