0 0.303076 0.202500 0.045011 0.079000
0 0.237434 0.358750 0.048762 0.053500
0 0.188297 0.367500 0.042761 0.058000
0 0.281883 0.470000 0.034134 0.047000
0 0.313766 0.422250 0.032633 0.036500
0 0.336834 0.439000 0.033008 0.039000
0 0.353713 0.463500 0.030008 0.044000
0 0.374531 0.431750 0.030383 0.035500
0 0.369655 0.371000 0.031133 0.037000
0 0.386534 0.397000 0.032633 0.041000
0 0.399100 0.346250 0.032258 0.037500
0 0.410915 0.379000 0.023631 0.039000
0 0.432108 0.401000 0.032258 0.040000
0 0.457614 0.380250 0.031508 0.037500
0 0.435296 0.352000 0.027382 0.030000
0 0.422918 0.317250 0.031883 0.036500
0 0.404539 0.287500 0.025131 0.034000
0 0.454239 0.317250 0.028507 0.036500
0 0.460428 0.333750 0.031133 0.038500
0 0.476557 0.311750 0.029632 0.030500
0 0.485184 0.344000 0.023631 0.037000
0 0.252251 0.498000 0.031133 0.043000
0 0.232558 0.540000 0.030758 0.042000
0 0.236497 0.575500 0.029632 0.039000
0 0.228807 0.617250 0.030008 0.041500
0 0.213241 0.645000 0.031883 0.042000
0 0.225994 0.690750 0.034884 0.047500
0 0.250938 0.712250 0.031508 0.047500
0 0.274194 0.734250 0.033758 0.032500
0 0.288822 0.765750 0.033008 0.049500
0 0.321268 0.772000 0.031133 0.041000
0 0.354651 0.799750 0.031133 0.039500
0 0.373593 0.783250 0.034509 0.038500
0 0.358215 0.746750 0.035259 0.044500
0 0.332896 0.724750 0.031133 0.039500
0 0.303638 0.717250 0.030383 0.040500
0 0.274006 0.684000 0.034884 0.044000
0 0.265566 0.652250 0.032258 0.045500
0 0.289947 0.631750 0.029257 0.038500
0 0.263503 0.591500 0.026632 0.042000
0 0.266317 0.550750 0.026257 0.044500
0 0.286947 0.551500 0.029257 0.042000
0 0.274381 0.512250 0.031883 0.041500
0 0.313578 0.495500 0.036759 0.039000
0 0.322018 0.540500 0.034884 0.043000
0 0.352588 0.549500 0.034509 0.035000
0 0.296887 0.593750 0.037134 0.044500
0 0.317704 0.631000 0.030008 0.042000
0 0.335709 0.586250 0.029257 0.044500
0 0.361215 0.594250 0.025506 0.040500
0 0.377907 0.569750 0.028882 0.038500
0 0.390285 0.603750 0.029632 0.047500
0 0.352026 0.636500 0.032633 0.041000
0 0.332896 0.672250 0.028132 0.038500
0 0.360465 0.668000 0.033758 0.045000
0 0.375469 0.685750 0.033758 0.043500
0 0.389722 0.644500 0.032258 0.033000
0 0.413541 0.711000 0.028882 0.045000
0 0.390285 0.735000 0.029632 0.042000
0 0.421043 0.756250 0.030383 0.041500
0 0.408665 0.797000 0.033383 0.044000
0 0.429670 0.829250 0.031133 0.038500
0 0.442048 0.789250 0.029632 0.040500
0 0.466242 0.808500 0.030758 0.043000
0 0.458927 0.853250 0.031133 0.046500
0 0.492311 0.834750 0.032633 0.040500
0 0.513691 0.818250 0.030383 0.042500
0 0.518380 0.781500 0.031508 0.040000
0 0.540885 0.803500 0.032258 0.041000
0 0.460240 0.724750 0.031508 0.043500
0 0.442986 0.694750 0.033008 0.038500
0 0.429482 0.639000 0.030008 0.041000
0 0.424606 0.606500 0.026257 0.035000
0 0.349962 0.502250 0.029257 0.035500
0 0.377344 0.508250 0.026257 0.043500
0 0.403976 0.540500 0.033758 0.039000
0 0.416729 0.573250 0.030008 0.039500
0 0.411665 0.506750 0.027382 0.035500
0 0.393473 0.467000 0.027757 0.035000
0 0.411665 0.427250 0.030383 0.039500
0 0.424044 0.460000 0.031133 0.041000
0 0.449925 0.455750 0.023631 0.038500
0 0.467367 0.418250 0.028507 0.037500
0 0.474869 0.458750 0.027007 0.042500
0 0.500188 0.484500 0.031133 0.044000
0 0.477682 0.506000 0.028132 0.036000
0 0.442236 0.531500 0.030758 0.040000
0 0.466804 0.539000 0.029632 0.035000
0 0.496812 0.536500 0.025881 0.048000
0 0.525131 0.530250 0.030758 0.033500
0 0.447299 0.572750 0.029632 0.046500
0 0.451238 0.612500 0.024756 0.041000
0 0.472993 0.639750 0.026257 0.042500
0 0.496812 0.665250 0.030383 0.040500
0 0.526069 0.682750 0.029632 0.048500
0 0.482371 0.576500 0.030008 0.042000
0 0.506564 0.606250 0.038635 0.042500
0 0.516879 0.635750 0.032258 0.041500
0 0.532446 0.598250 0.030383 0.037500
0 0.558702 0.567250 0.029632 0.046500
0 0.559640 0.604750 0.023256 0.038500
0 0.553263 0.522250 0.024756 0.034500
0 0.531508 0.481250 0.025506 0.037500
0 0.556639 0.647500 0.029257 0.037000
0 0.549325 0.698000 0.031133 0.045000
0 0.505439 0.738500 0.035634 0.044000
0 0.539760 0.732250 0.030758 0.044500
0 0.564704 0.734250 0.025131 0.043500
0 0.556264 0.772000 0.027757 0.041000
0 0.583271 0.790750 0.023256 0.043500
0 0.601838 0.827250 0.022881 0.042500
0 0.631845 0.836500 0.029632 0.042000
0 0.661290 0.826000 0.027757 0.040000
0 0.662041 0.786250 0.023256 0.037500
0 0.623781 0.741750 0.033008 0.038500
0 0.597149 0.715750 0.028507 0.037500
0 0.579332 0.680000 0.027382 0.037000
0 0.628845 0.688500 0.037884 0.044000
0 0.644036 0.719750 0.032258 0.028500
0 0.670668 0.750500 0.025506 0.042000
0 0.696549 0.734750 0.027757 0.038500
0 0.713991 0.753750 0.028882 0.042500
0 0.734434 0.773250 0.031508 0.042500
0 0.581583 0.559000 0.026632 0.037000
0 0.581770 0.601500 0.026257 0.035000
0 0.587584 0.637250 0.025881 0.039500
0 0.604089 0.619000 0.028882 0.039000
0 0.628095 0.648000 0.028132 0.040000
0 0.637097 0.608250 0.025881 0.041500
0 0.663728 0.604500 0.026632 0.038000
0 0.660540 0.644000 0.032258 0.038000
0 0.650225 0.680500 0.025131 0.041000
0 0.680233 0.700750 0.036384 0.037500
0 0.691673 0.676500 0.030758 0.042000
0 0.716429 0.688500 0.030008 0.042000
0 0.718867 0.654000 0.028132 0.039000
0 0.698612 0.618500 0.030383 0.041000
0 0.665416 0.563000 0.027007 0.041000
0 0.634471 0.565000 0.027382 0.040000
0 0.605401 0.553250 0.028507 0.042500
0 0.593023 0.514500 0.024756 0.035000
0 0.572956 0.480250 0.032633 0.042500
0 0.552138 0.451750 0.028507 0.037500
0 0.490998 0.386500 0.030008 0.039000
0 0.493248 0.422500 0.026257 0.040000
0 0.515004 0.442000 0.028507 0.037000
0 0.538072 0.417000 0.032633 0.041000
0 0.565079 0.428000 0.025881 0.039000
0 0.584021 0.452250 0.028507 0.038500
0 0.512191 0.399500 0.021380 0.041000
0 0.514441 0.361750 0.028882 0.034500
0 0.537509 0.385500 0.029257 0.037000
0 0.512378 0.283250 0.030008 0.036500
0 0.522131 0.317500 0.027757 0.035000
0 0.549325 0.342250 0.028132 0.035500
0 0.569580 0.376000 0.034884 0.034000
0 0.586834 0.407500 0.032633 0.042000
0 0.553076 0.271750 0.028882 0.037500
0 0.548387 0.304500 0.026257 0.037000
0 0.571830 0.291500 0.025881 0.033000
0 0.585896 0.253250 0.029257 0.033500
0 0.599775 0.291750 0.025506 0.037500
0 0.634659 0.264250 0.030008 0.031500
0 0.652476 0.287500 0.033383 0.034000
0 0.663916 0.265000 0.023256 0.033000
0 0.683983 0.288000 0.025131 0.040000
0 0.689797 0.270000 0.018755 0.025000
0 0.722243 0.281000 0.023631 0.038000
0 0.708552 0.307250 0.026257 0.039500
0 0.675169 0.319500 0.033008 0.036000
0 0.694486 0.332250 0.034884 0.032500
0 0.652476 0.351250 0.025881 0.031500
0 0.608027 0.324750 0.026257 0.027500
0 0.627532 0.347750 0.026257 0.041500
0 0.653038 0.381750 0.034509 0.038500
0 0.581395 0.326500 0.033008 0.038000
0 0.604651 0.346000 0.030758 0.038000
0 0.615529 0.421000 0.032258 0.040000
0 0.637659 0.433750 0.024756 0.031500
0 0.610465 0.470500 0.032633 0.034000
0 0.643661 0.459500 0.032258 0.034000
0 0.673106 0.451500 0.023631 0.040000
0 0.686234 0.416000 0.027382 0.032000
0 0.707427 0.444000 0.031508 0.037000
0 0.703863 0.481250 0.029632 0.042500
0 0.663728 0.491250 0.022881 0.036500
0 0.638035 0.493500 0.027757 0.038000
0 0.658477 0.521250 0.031133 0.040500
0 0.712678 0.517250 0.028507 0.041500
0 0.721680 0.571250 0.031508 0.041500
0 0.721305 0.547250 0.027757 0.030500
0 0.729932 0.622000 0.032258 0.039000
0 0.766504 0.639000 0.028882 0.037000
0 0.745311 0.679250 0.027757 0.040500
0 0.741748 0.722000 0.024381 0.044000
0 0.758627 0.708750 0.027382 0.042500
0 0.776632 0.745250 0.025131 0.045500
0 0.796137 0.738750 0.025131 0.046500
0 0.801388 0.783250 0.031133 0.048500
0 0.812641 0.847750 0.032633 0.044500
0 0.837772 0.821250 0.031133 0.045500
0 0.871530 0.808500 0.034134 0.046000
0 0.842086 0.770500 0.029257 0.038000
0 0.849775 0.735000 0.033383 0.036000
0 0.866092 0.756500 0.028507 0.038000
0 0.904539 0.767750 0.031883 0.042500
0 0.923481 0.730500 0.031508 0.047000
0 0.886534 0.694750 0.026632 0.041500
0 0.908102 0.694750 0.024006 0.031500
0 0.908852 0.665750 0.030758 0.039500
0 0.866842 0.638500 0.033008 0.041000
0 0.823893 0.639750 0.028132 0.038500
0 0.843586 0.660250 0.029257 0.038500
0 0.795761 0.693750 0.026632 0.045500
0 0.784696 0.665500 0.040510 0.031000
0 0.783383 0.615500 0.025881 0.045000
0 0.818830 0.595000 0.027007 0.037000
0 0.857277 0.591000 0.029632 0.043000
0 0.898725 0.608000 0.027007 0.039000
0 0.922168 0.636250 0.026632 0.042500
0 0.948987 0.593000 0.034509 0.045000
0 0.920293 0.555750 0.024381 0.039500
0 0.884284 0.571750 0.026632 0.038500
0 0.863841 0.561750 0.024756 0.032500
0 0.826707 0.558750 0.025506 0.042500
0 0.791448 0.575000 0.030758 0.032000
0 0.774006 0.586500 0.027382 0.040000
0 0.749062 0.582250 0.029257 0.039500
0 0.746624 0.527750 0.040885 0.045500
0 0.757502 0.555250 0.027382 0.029500
0 0.727494 0.495750 0.032633 0.038500
0 0.759002 0.492250 0.031133 0.046500
0 0.790698 0.487500 0.030008 0.042000
0 0.747562 0.445250 0.028507 0.037500
0 0.765754 0.450250 0.025881 0.039500
0 0.725994 0.361250 0.030383 0.040500
0 0.734996 0.390000 0.028132 0.037000
0 0.751875 0.376000 0.034134 0.035000
0 0.767254 0.395000 0.025131 0.047000
0 0.797637 0.406750 0.028132 0.038500
0 0.805701 0.437250 0.027007 0.039500
0 0.832146 0.479250 0.025131 0.041500
0 0.752251 0.342250 0.031883 0.037500
0 0.736309 0.252000 0.029257 0.030000
0 0.756752 0.277500 0.023631 0.039000
0 0.774381 0.256250 0.030383 0.028500
0 0.796324 0.307500 0.035259 0.048000
0 0.831395 0.319750 0.031883 0.035500
0 0.794449 0.349000 0.027757 0.042000
0 0.825206 0.381750 0.033008 0.040500
0 0.834771 0.415000 0.028882 0.043000
0 0.838147 0.344750 0.027382 0.036500
0 0.876969 0.330750 0.028507 0.038500
0 0.887472 0.368750 0.030758 0.038500
0 0.850713 0.392750 0.026257 0.027500
0 0.882408 0.409750 0.031133 0.042500
0 0.899475 0.407750 0.024006 0.039500
0 0.923481 0.435500 0.033758 0.035000
0 0.837959 0.448000 0.033008 0.031000
0 0.872656 0.470000 0.026632 0.044000
0 0.890848 0.457750 0.024756 0.039500
0 0.917292 0.471750 0.027382 0.042500
0 0.911103 0.506750 0.028507 0.038500
0 0.930795 0.513500 0.027382 0.037000
0 0.867029 0.518250 0.028882 0.042500
0 0.819580 0.522750 0.027007 0.044500