0 0.136347 0.689750 0.109902 0.116500
0 0.160915 0.584250 0.117779 0.114500
0 0.223368 0.762000 0.098650 0.127000
0 0.316767 0.813750 0.103901 0.112500
0 0.414104 0.830250 0.089272 0.104500
0 0.506377 0.872500 0.098275 0.123000
0 0.595836 0.877250 0.086647 0.105500
0 0.271380 0.540500 0.103151 0.124000
0 0.280758 0.391500 0.098650 0.118000
0 0.346587 0.305750 0.096774 0.132500
0 0.438110 0.280250 0.098275 0.143500
0 0.427607 0.413250 0.097524 0.123500
0 0.377532 0.546750 0.106152 0.140500
0 0.292011 0.644750 0.097899 0.119500
0 0.393098 0.675750 0.092273 0.126500
0 0.475994 0.716000 0.096774 0.118000
0 0.454801 0.589500 0.091898 0.131000
0 0.559077 0.629500 0.087397 0.121000
0 0.562453 0.734250 0.086647 0.106500
0 0.671418 0.756750 0.096774 0.120500
0 0.668792 0.824000 0.087022 0.084000
0 0.756377 0.867250 0.091148 0.104500
0 0.835896 0.832750 0.087397 0.097500
0 0.741935 0.743750 0.073518 0.103500
0 0.819580 0.706250 0.086272 0.116500
0 0.906789 0.749000 0.082146 0.114000
0 0.651725 0.613250 0.096399 0.106500
0 0.725431 0.653250 0.087772 0.094500
0 0.786572 0.588750 0.070518 0.110500
0 0.877344 0.622250 0.080270 0.110500
0 0.670480 0.504750 0.089647 0.115500
0 0.734996 0.515250 0.059640 0.117500
0 0.859715 0.504500 0.080270 0.113000
0 0.708177 0.394250 0.082521 0.107500
0 0.777007 0.400750 0.069392 0.123500
0 0.595649 0.418250 0.094524 0.114500
0 0.508065 0.483750 0.095649 0.121500
0 0.503376 0.343750 0.086272 0.126500
0 0.429482 0.144750 0.096024 0.128500
0 0.527944 0.214250 0.106902 0.142500
0 0.606714 0.290000 0.100900 0.131000
0 0.652476 0.181000 0.082896 0.131000
0 0.723368 0.113250 0.087397 0.126500
0 0.720555 0.274250 0.096024 0.125500
0 0.814141 0.260500 0.091148 0.130000