0 0.096774 0.298250 0.030008 0.054500
0 0.111028 0.360000 0.033758 0.053000
0 0.130720 0.330500 0.034884 0.052000
0 0.161853 0.300250 0.035634 0.052500
0 0.170105 0.339500 0.032633 0.054000
0 0.179107 0.271750 0.032633 0.059500
0 0.209302 0.283000 0.036759 0.056000
0 0.205176 0.332250 0.036759 0.050500
0 0.163541 0.394750 0.034509 0.052500
0 0.200863 0.428000 0.036384 0.049000
0 0.248500 0.422250 0.036384 0.046500
0 0.238935 0.470000 0.039010 0.057000
0 0.263316 0.513000 0.036759 0.054000
0 0.287697 0.529500 0.034509 0.057000
0 0.292386 0.580500 0.035634 0.056000
0 0.278695 0.472000 0.040510 0.050000
0 0.260315 0.367000 0.036759 0.058000
0 0.291073 0.381000 0.043511 0.056000
0 0.304951 0.330500 0.034509 0.057000
0 0.268755 0.231000 0.036384 0.059000
0 0.321268 0.278750 0.040135 0.050500
0 0.343211 0.234250 0.042761 0.047500
0 0.368530 0.196000 0.040885 0.057000
0 0.408102 0.166500 0.045011 0.057000
0 0.379032 0.257500 0.040135 0.059000
0 0.416354 0.229250 0.041260 0.057500
0 0.449925 0.271750 0.042386 0.057500
0 0.384096 0.314000 0.042011 0.049000
0 0.418980 0.335750 0.042011 0.061500
0 0.459865 0.330750 0.040510 0.064500
0 0.351463 0.360500 0.042011 0.057000
0 0.378657 0.368000 0.044636 0.056000
0 0.331770 0.402000 0.041635 0.048000
0 0.367779 0.417250 0.042386 0.057500
0 0.308702 0.444250 0.043511 0.054500
0 0.340023 0.455000 0.040135 0.056000
0 0.325956 0.501500 0.039010 0.051000
0 0.327457 0.551000 0.038260 0.054000
0 0.349775 0.588000 0.040885 0.054000
0 0.319017 0.627000 0.040885 0.056000
0 0.351838 0.651250 0.039760 0.054500
0 0.385221 0.615250 0.033008 0.054500
0 0.397412 0.670750 0.043136 0.050500
0 0.435859 0.647500 0.039010 0.054000
0 0.368155 0.539750 0.039385 0.055500
0 0.400975 0.528000 0.033758 0.052000
0 0.429857 0.547000 0.037509 0.053000
0 0.416542 0.600000 0.041635 0.056000
0 0.461740 0.608750 0.041260 0.063500
0 0.392536 0.479750 0.040135 0.052500
0 0.432858 0.501000 0.039010 0.046000
0 0.405289 0.428750 0.043136 0.051500
0 0.440923 0.458250 0.040135 0.059500
0 0.436984 0.402750 0.043511 0.053500
0 0.463616 0.216000 0.038260 0.059000
0 0.491185 0.165500 0.040135 0.060000
0 0.529070 0.199250 0.044636 0.054500
0 0.571268 0.172000 0.045011 0.051000
0 0.564516 0.250000 0.044261 0.053000
0 0.502063 0.259750 0.040135 0.061500
0 0.509002 0.316250 0.039760 0.061500
0 0.545386 0.296500 0.041260 0.059000
0 0.590023 0.288500 0.043511 0.057000
0 0.612153 0.233250 0.046512 0.056500
0 0.652288 0.220500 0.046512 0.060000
0 0.649287 0.287250 0.043511 0.062500
0 0.628657 0.328500 0.042761 0.054000
0 0.583833 0.357250 0.040885 0.056500
0 0.541823 0.361750 0.040135 0.053500
0 0.503001 0.383000 0.040510 0.057000
0 0.477494 0.417750 0.045011 0.059500
0 0.518192 0.454250 0.043136 0.051500
0 0.543323 0.413000 0.043136 0.053000
0 0.584396 0.411750 0.043511 0.053500
0 0.605589 0.456250 0.042386 0.055500
0 0.568455 0.462250 0.037884 0.054500
0 0.546512 0.511500 0.040510 0.058000
0 0.506002 0.514500 0.039760 0.057000
0 0.468680 0.500750 0.040135 0.055500
0 0.481620 0.562000 0.043511 0.055000
0 0.504689 0.602500 0.040135 0.057000
0 0.543323 0.590250 0.039385 0.060500
0 0.572768 0.617250 0.042011 0.056500
0 0.599587 0.581500 0.044636 0.054000
0 0.622281 0.628750 0.042011 0.057500
0 0.570893 0.544000 0.042761 0.058000
0 0.597712 0.506250 0.043886 0.054500
0 0.639910 0.552000 0.041260 0.064000
0 0.665229 0.597250 0.043886 0.064500
0 0.653788 0.486500 0.042761 0.056000
0 0.642911 0.429250 0.045761 0.059500
0 0.625656 0.381000 0.045011 0.062000
0 0.679857 0.329000 0.046137 0.053000
0 0.704426 0.218250 0.042761 0.060500
0 0.737434 0.271000 0.046512 0.055000
0 0.730495 0.325250 0.051388 0.056500
0 0.668792 0.385500 0.037509 0.060000
0 0.709302 0.389250 0.042011 0.067500
0 0.686984 0.452750 0.042386 0.062500
0 0.711553 0.500750 0.040510 0.063500
0 0.682483 0.549000 0.042386 0.063000
0 0.707427 0.595500 0.043511 0.063000
0 0.731433 0.547250 0.044261 0.059500
0 0.785634 0.558500 0.048387 0.062000
0 0.753001 0.486250 0.046887 0.065500
0 0.732558 0.437000 0.042011 0.060000
0 0.756939 0.386750 0.045011 0.053500
0 0.786572 0.446500 0.048762 0.061000
0 0.819017 0.494250 0.045386 0.065500
0 0.782258 0.337500 0.043886 0.062000
0 0.808702 0.394000 0.042011 0.062000
0 0.825956 0.218250 0.051763 0.052500
0 0.813016 0.291500 0.046887 0.057000
0 0.856902 0.280000 0.048387 0.059000
0 0.836272 0.346250 0.051388 0.063500
0 0.879407 0.375500 0.052888 0.060000
0 0.903413 0.329750 0.055889 0.059500
0 0.850150 0.435000 0.043136 0.064000
0 0.486872 0.648500 0.045761 0.056000