0 0.126219 0.370750 0.090398 0.100500
0 0.148537 0.454750 0.066017 0.084500
0 0.186609 0.497500 0.055139 0.076000
0 0.199550 0.588250 0.057764 0.067500
0 0.219805 0.639750 0.057014 0.066500
0 0.239685 0.536000 0.055514 0.069000
0 0.261440 0.591250 0.040510 0.068500
0 0.216242 0.413500 0.062641 0.075000
0 0.259377 0.465750 0.059640 0.073500
0 0.306077 0.462500 0.048762 0.076000
0 0.326519 0.515750 0.051388 0.060500
0 0.303638 0.383500 0.058140 0.070000
0 0.237059 0.352750 0.066017 0.080500
0 0.189422 0.273000 0.096024 0.098000
0 0.323331 0.212250 0.066767 0.081500
0 0.369092 0.176000 0.069767 0.089000
0 0.455551 0.163500 0.061140 0.093000
0 0.423293 0.238750 0.064141 0.089500
0 0.479370 0.251500 0.062266 0.086000
0 0.445986 0.308500 0.058515 0.065000
0 0.353713 0.281500 0.060765 0.088000
0 0.373218 0.348250 0.061515 0.062500
0 0.320893 0.313750 0.045386 0.079500
0 0.361028 0.405750 0.053638 0.068500
0 0.368717 0.469250 0.047262 0.074500
0 0.437359 0.376750 0.056264 0.066500
0 0.423481 0.436500 0.057014 0.065000
0 0.416167 0.517250 0.058890 0.072500
0 0.463991 0.508250 0.049512 0.066500
0 0.492873 0.455250 0.060765 0.066500
0 0.491185 0.399000 0.058890 0.072000
0 0.546699 0.398500 0.054389 0.061000
0 0.518005 0.313750 0.054014 0.073500
0 0.552701 0.257000 0.055139 0.075000
0 0.550263 0.176000 0.070518 0.092000
0 0.601838 0.153750 0.054389 0.083500
0 0.617779 0.239250 0.064516 0.083500
0 0.666542 0.255000 0.053263 0.076000
0 0.682108 0.325500 0.055139 0.070000
0 0.684734 0.388750 0.049887 0.066500
0 0.595274 0.370750 0.058515 0.085500
0 0.629595 0.421500 0.051388 0.069000
0 0.663353 0.469000 0.050638 0.077000
0 0.580833 0.459500 0.057389 0.075000
0 0.617029 0.492000 0.051763 0.072000
0 0.541823 0.504500 0.046137 0.066000
0 0.596962 0.554750 0.053638 0.060500
0 0.604276 0.604750 0.046512 0.059500
0 0.617404 0.647500 0.039760 0.046000
0 0.551763 0.647250 0.044261 0.060500
0 0.539760 0.567250 0.052513 0.066500
0 0.504876 0.606000 0.048012 0.070000
0 0.455176 0.572250 0.055139 0.066500
0 0.404351 0.574000 0.051763 0.065000
0 0.352026 0.565250 0.051388 0.062500
0 0.314891 0.631250 0.049887 0.066500
0 0.265566 0.662250 0.052513 0.066500
0 0.268380 0.721000 0.054389 0.063000
0 0.310015 0.716000 0.050638 0.070000
0 0.331208 0.750000 0.048012 0.046000
0 0.368717 0.710750 0.050263 0.068500
0 0.369467 0.634000 0.056264 0.065000
0 0.418417 0.680000 0.054389 0.070000
0 0.437359 0.626500 0.048762 0.064000
0 0.455739 0.702500 0.041260 0.063000
0 0.482746 0.705250 0.051763 0.064500
0 0.517629 0.712500 0.033008 0.059000
0 0.654539 0.704250 0.045761 0.056500
0 0.694111 0.678500 0.046887 0.054000
0 0.697862 0.621500 0.044636 0.065000
0 0.687547 0.546250 0.050263 0.069500
0 0.718492 0.558250 0.041635 0.051500
0 0.730683 0.628500 0.045011 0.057000
0 0.737059 0.724000 0.052513 0.058000
0 0.793323 0.722000 0.051763 0.062000
0 0.839460 0.696000 0.050263 0.053000
0 0.913166 0.691750 0.052138 0.083500
0 0.908290 0.777000 0.060390 0.064000
0 0.797637 0.625000 0.049887 0.062000
0 0.818455 0.571750 0.054764 0.064500
0 0.862716 0.533500 0.045761 0.075000
0 0.754689 0.528000 0.051763 0.069000
0 0.719805 0.451500 0.049512 0.066000
0 0.757689 0.397250 0.049512 0.062500
0 0.778507 0.331500 0.053638 0.078000
0 0.819392 0.399500 0.053638 0.069000
0 0.868155 0.372500 0.056639 0.065000
0 0.837959 0.275250 0.063766 0.075500
0 0.723743 0.241750 0.057389 0.080500
0 0.675919 0.176750 0.057014 0.069500
0 0.740435 0.159250 0.059265 0.080500
0 0.701988 0.101000 0.049887 0.080000
0 0.811140 0.115500 0.071643 0.082000