0 0.139347 0.424250 0.026632 0.036500
0 0.176857 0.398500 0.028882 0.037000
0 0.204989 0.389750 0.025881 0.035500
0 0.224681 0.357250 0.028507 0.040500
0 0.220368 0.419250 0.028132 0.038500
0 0.223556 0.462000 0.028507 0.039000
0 0.196174 0.510750 0.024756 0.031500
0 0.211740 0.541750 0.025131 0.038500
0 0.237434 0.498250 0.021755 0.031500
0 0.254126 0.486500 0.025131 0.037000
0 0.254314 0.447500 0.027007 0.036000
0 0.250188 0.401250 0.025506 0.037500
0 0.273256 0.412500 0.025881 0.038000
0 0.260503 0.350750 0.029632 0.034500
0 0.244561 0.313250 0.027007 0.039500
0 0.242873 0.266250 0.028882 0.042500
0 0.268567 0.552000 0.024756 0.033000
0 0.271568 0.519750 0.027007 0.028500
0 0.282071 0.503000 0.031508 0.036000
0 0.301950 0.533000 0.025506 0.028000
0 0.323893 0.531250 0.025881 0.036500
0 0.285259 0.569250 0.028882 0.034500
0 0.319767 0.607500 0.024381 0.036000
0 0.342461 0.571000 0.024756 0.034000
0 0.365154 0.544750 0.029632 0.032500
0 0.351088 0.495750 0.023256 0.036500
0 0.318830 0.490000 0.026257 0.036000
0 0.357277 0.631500 0.025131 0.040000
0 0.366467 0.591250 0.027757 0.038500
0 0.293511 0.459000 0.024381 0.038000
0 0.330270 0.453750 0.029632 0.034500
0 0.352776 0.423500 0.029632 0.034000
0 0.304014 0.423500 0.031133 0.040000
0 0.321830 0.390250 0.031508 0.033500
0 0.291823 0.377500 0.029257 0.036000
0 0.306639 0.343750 0.025881 0.037500
0 0.335146 0.357750 0.029632 0.035500
0 0.346024 0.320000 0.026632 0.034000
0 0.281133 0.303750 0.028132 0.040500
0 0.322206 0.295000 0.026257 0.040000
0 0.289010 0.263750 0.032633 0.034500
0 0.321830 0.246750 0.029257 0.036500
0 0.294261 0.234250 0.025131 0.023500
0 0.315454 0.211500 0.029257 0.029000
0 0.349212 0.217250 0.027007 0.043500
0 0.357839 0.282750 0.027757 0.039500
0 0.373218 0.249500 0.031508 0.039000
0 0.390473 0.220500 0.026257 0.037000
0 0.392161 0.175500 0.032633 0.038000
0 0.439797 0.179750 0.023631 0.039500
0 0.419917 0.211250 0.029632 0.045500
0 0.433796 0.255500 0.028882 0.042000
0 0.419167 0.292500 0.028882 0.043000
0 0.386909 0.296000 0.031883 0.038000
0 0.397412 0.346250 0.032633 0.043500
0 0.381470 0.363500 0.022506 0.035000
0 0.363466 0.391250 0.028507 0.034500
0 0.380908 0.479250 0.031883 0.038500
0 0.391035 0.525500 0.028132 0.037000
0 0.396849 0.571250 0.028507 0.041500
0 0.392723 0.613750 0.029257 0.037500
0 0.382783 0.663000 0.028132 0.035000
0 0.364966 0.683000 0.032258 0.030000
0 0.385221 0.706500 0.024006 0.030000
0 0.408102 0.763000 0.029257 0.033000
0 0.421793 0.721000 0.028132 0.032000
0 0.409977 0.689250 0.030008 0.031500
0 0.448612 0.688500 0.024006 0.030000
0 0.448612 0.660250 0.029257 0.034500
0 0.416542 0.641750 0.026632 0.038500
0 0.449175 0.622750 0.028132 0.038500
0 0.453488 0.587250 0.025506 0.037500
0 0.424231 0.577250 0.026257 0.036500
0 0.419355 0.539750 0.029257 0.038500
0 0.446362 0.546750 0.028507 0.036500
0 0.441298 0.510750 0.028882 0.034500
0 0.412416 0.494750 0.026632 0.036500
0 0.396662 0.454250 0.031133 0.040500
0 0.427419 0.468250 0.028882 0.038500
0 0.396099 0.414000 0.030758 0.037000
0 0.424231 0.425750 0.026257 0.039500
0 0.415791 0.383250 0.025881 0.038500
0 0.436609 0.344750 0.029257 0.036500
0 0.446549 0.305750 0.026632 0.040500
0 0.452551 0.402500 0.027382 0.043000
0 0.467554 0.177000 0.030383 0.037000
0 0.468305 0.218000 0.028882 0.042000
0 0.518380 0.199500 0.026257 0.039000
0 0.502626 0.231500 0.031508 0.044000
0 0.517817 0.270250 0.028882 0.040500
0 0.488372 0.275000 0.028507 0.039000
0 0.472993 0.313000 0.028507 0.040000
0 0.469055 0.359500 0.026632 0.040000
0 0.497374 0.352000 0.026257 0.037000
0 0.511065 0.316000 0.029632 0.040000
0 0.487622 0.390750 0.027007 0.037500
0 0.522131 0.380500 0.031508 0.038000
0 0.480495 0.431000 0.026257 0.036000
0 0.511815 0.425750 0.030383 0.041500
0 0.536572 0.411500 0.028132 0.040000
0 0.471118 0.478500 0.033008 0.043000
0 0.496437 0.496250 0.028132 0.039500
0 0.515191 0.467250 0.028882 0.036500
0 0.472806 0.528250 0.028132 0.040500
0 0.505251 0.544000 0.029257 0.038000
0 0.524569 0.518000 0.029632 0.039000
0 0.533196 0.558000 0.026632 0.039000
0 0.482746 0.565750 0.028507 0.034500
0 0.507877 0.585750 0.029257 0.036500
0 0.535821 0.595750 0.028132 0.034500
0 0.482371 0.618250 0.028507 0.037500
0 0.514816 0.624000 0.028882 0.038000
0 0.478995 0.654500 0.028507 0.033000
0 0.518942 0.655500 0.028882 0.035000
0 0.473368 0.684000 0.024756 0.031000
0 0.502251 0.690000 0.027007 0.033000
0 0.456677 0.734500 0.027382 0.038000
0 0.488372 0.728500 0.027757 0.036000
0 0.434359 0.789750 0.029257 0.040500
0 0.461553 0.789500 0.026632 0.033000
0 0.516692 0.728250 0.022881 0.030500
0 0.526632 0.710000 0.027007 0.035000
0 0.497749 0.754500 0.028507 0.022000
0 0.547637 0.727000 0.023256 0.033000
0 0.548012 0.679000 0.024756 0.027000
0 0.576332 0.735500 0.029632 0.031000
0 0.574456 0.704750 0.031883 0.034500
0 0.569017 0.653750 0.026257 0.035500
0 0.566392 0.619000 0.032258 0.031000
0 0.541635 0.624250 0.024006 0.025500
0 0.578770 0.571500 0.027007 0.036000
0 0.560765 0.542750 0.031508 0.033500
0 0.593586 0.539250 0.027382 0.037500
0 0.576332 0.512500 0.029632 0.035000
0 0.547449 0.497500 0.028882 0.033000
0 0.544261 0.462750 0.028507 0.039500
0 0.573331 0.472250 0.027382 0.034500
0 0.594524 0.445750 0.028507 0.036500
0 0.567142 0.423500 0.028507 0.038000
0 0.592273 0.406500 0.028507 0.035000
0 0.563391 0.384000 0.030008 0.034000
0 0.575019 0.350250 0.028507 0.038500
0 0.536947 0.339250 0.027382 0.040500
0 0.545386 0.291250 0.030008 0.040500
0 0.557202 0.260500 0.028882 0.038000
0 0.545386 0.207750 0.028507 0.039500
0 0.610653 0.238250 0.028507 0.033500
0 0.590773 0.271250 0.027007 0.040500
0 0.580083 0.309250 0.031133 0.038500
0 0.608402 0.318750 0.028507 0.040500
0 0.603151 0.357000 0.030758 0.038000
0 0.621718 0.390250 0.032633 0.037500
0 0.635034 0.418250 0.030008 0.040500
0 0.621718 0.459500 0.025881 0.039000
0 0.603901 0.486250 0.029257 0.036500
0 0.621905 0.514500 0.027007 0.035000
0 0.623406 0.558000 0.029257 0.040000
0 0.596024 0.636750 0.027757 0.039500
0 0.621343 0.633750 0.025131 0.038500
0 0.618530 0.710250 0.025506 0.037500
0 0.624531 0.758500 0.027007 0.036000
0 0.653601 0.767250 0.026632 0.038500
0 0.680420 0.759250 0.025506 0.039500
0 0.705364 0.758500 0.022881 0.033000
0 0.726744 0.738750 0.027382 0.037500
0 0.753563 0.755250 0.029257 0.023500
0 0.747937 0.720000 0.027007 0.036000
0 0.775881 0.701000 0.028882 0.037000
0 0.796512 0.704000 0.022131 0.035000
0 0.662041 0.720000 0.027007 0.039000
0 0.691110 0.718750 0.028882 0.036500
0 0.646474 0.693250 0.031133 0.040500
0 0.704614 0.679250 0.026632 0.039500
0 0.739497 0.688500 0.030383 0.039000
0 0.761628 0.659500 0.029632 0.032000
0 0.788072 0.661750 0.024006 0.034500
0 0.647599 0.641000 0.027382 0.035000
0 0.673668 0.657750 0.028507 0.033500
0 0.650975 0.605250 0.027382 0.037500
0 0.674794 0.617750 0.027757 0.038500
0 0.720930 0.643250 0.027757 0.036500
0 0.750563 0.623500 0.028507 0.038000
0 0.780570 0.629250 0.028507 0.035500
0 0.723743 0.600000 0.031883 0.036000
0 0.686422 0.586250 0.028507 0.037500
0 0.652851 0.565250 0.032633 0.033500
0 0.699362 0.548500 0.030383 0.039000
0 0.730495 0.552250 0.029632 0.039500
0 0.786009 0.592250 0.029632 0.037500
0 0.806639 0.571000 0.029632 0.037000
0 0.765379 0.555750 0.028882 0.033500
0 0.779632 0.531250 0.028132 0.035500
0 0.782821 0.496000 0.034509 0.032000
0 0.783758 0.457000 0.022881 0.039000
0 0.656039 0.534250 0.035259 0.037500
0 0.679107 0.519250 0.027382 0.037500
0 0.714366 0.514750 0.028882 0.035500
0 0.736684 0.494000 0.027007 0.038000
0 0.758252 0.461000 0.028132 0.037000
0 0.649287 0.485750 0.028507 0.035500
0 0.678357 0.483000 0.028882 0.036000
0 0.703113 0.479750 0.028882 0.034500
0 0.659977 0.447250 0.028132 0.039500
0 0.696924 0.450000 0.030758 0.038000
0 0.748687 0.420750 0.032258 0.039500
0 0.665416 0.405000 0.030758 0.040000
0 0.695236 0.410750 0.031883 0.034500
0 0.757877 0.388250 0.029632 0.032500
0 0.744749 0.366250 0.029632 0.037500
0 0.656789 0.373750 0.033758 0.039500
0 0.697674 0.367500 0.029257 0.042000
0 0.746999 0.329250 0.028882 0.035500
0 0.716054 0.332000 0.030758 0.037000
0 0.638410 0.338250 0.031508 0.037500
0 0.674981 0.328750 0.028882 0.041500
0 0.649475 0.298500 0.029632 0.038000
0 0.624156 0.279250 0.033008 0.038500
0 0.697487 0.290000 0.031133 0.041000
0 0.751313 0.284500 0.030008 0.040000
0 0.667667 0.261750 0.024756 0.039500
0 0.645724 0.234000 0.030383 0.042000
0 0.691860 0.230500 0.025881 0.040000
0 0.722618 0.255750 0.032633 0.045500