0 0.141410 0.278000 0.088522 0.114000
0 0.121530 0.429750 0.083271 0.126500
0 0.223181 0.266750 0.088522 0.099500
0 0.192423 0.364750 0.085521 0.117500
0 0.196362 0.504250 0.082146 0.100500
0 0.170480 0.564250 0.080645 0.104500
0 0.307577 0.246500 0.090773 0.112000
0 0.278882 0.341500 0.093398 0.107000
0 0.264441 0.438250 0.090023 0.105500
0 0.259940 0.560250 0.072768 0.093500
0 0.377532 0.324000 0.079895 0.111000
0 0.352776 0.433750 0.076144 0.114500
0 0.328770 0.519000 0.062641 0.091000
0 0.295949 0.643500 0.077269 0.091000
0 0.292761 0.715750 0.064141 0.079500
0 0.277757 0.814000 0.070143 0.095000
0 0.469992 0.253750 0.081020 0.102500
0 0.430983 0.385250 0.080270 0.112500
0 0.405476 0.494000 0.074269 0.105000
0 0.360465 0.611000 0.058515 0.095000
0 0.345274 0.732000 0.079895 0.098000
0 0.362153 0.802500 0.076144 0.092000
0 0.327644 0.872750 0.077644 0.094500
0 0.386909 0.841000 0.064891 0.079000
0 0.429670 0.776000 0.064891 0.046000
0 0.429295 0.724500 0.075394 0.081000
0 0.428920 0.641750 0.076894 0.090500
0 0.459115 0.534250 0.070518 0.091500
0 0.502251 0.440250 0.072018 0.095500
0 0.496062 0.355000 0.074644 0.101000
0 0.569955 0.316750 0.076144 0.092500
0 0.611028 0.373500 0.070518 0.073000
0 0.571830 0.453750 0.069392 0.096500
0 0.532446 0.529500 0.061890 0.095000
0 0.503001 0.636250 0.072018 0.097500
0 0.499250 0.743250 0.069767 0.082500
0 0.471305 0.842250 0.064891 0.082500
0 0.539760 0.861500 0.062266 0.094000
0 0.549887 0.776000 0.069017 0.076000
0 0.556452 0.701000 0.067892 0.096000
0 0.575956 0.612250 0.067142 0.096500
0 0.620218 0.542000 0.066392 0.092000
0 0.643286 0.478000 0.067517 0.092000
0 0.678732 0.330000 0.068642 0.096000
0 0.717367 0.410250 0.065641 0.093500
0 0.722806 0.492750 0.069767 0.093500
0 0.695236 0.601500 0.072393 0.096000
0 0.629407 0.649250 0.061515 0.097500
0 0.618155 0.738500 0.067517 0.080000
0 0.594524 0.800000 0.060015 0.063000
0 0.662416 0.854750 0.069017 0.076500
0 0.675544 0.763250 0.059265 0.075500
0 0.688485 0.695250 0.065641 0.095500
0 0.771380 0.444750 0.058890 0.101500
0 0.776257 0.537000 0.066392 0.088000
0 0.755251 0.631250 0.061140 0.102500
0 0.753751 0.714000 0.066392 0.079000
0 0.730308 0.804750 0.066767 0.086500
0 0.823518 0.651500 0.067892 0.104000
0 0.816954 0.714500 0.068267 0.078000
0 0.793511 0.816750 0.067142 0.080500
0 0.788072 0.897250 0.061515 0.074500