0 0.101838 0.540250 0.043136 0.057500
0 0.141223 0.498750 0.047637 0.073500
0 0.153976 0.568500 0.051388 0.069000
0 0.152101 0.636000 0.057389 0.059000
0 0.195424 0.683750 0.044261 0.055500
0 0.239310 0.677500 0.052513 0.063000
0 0.195049 0.598500 0.052513 0.059000
0 0.237247 0.615500 0.046887 0.071000
0 0.292761 0.657250 0.052138 0.062500
0 0.312078 0.612250 0.045011 0.064500
0 0.343023 0.668750 0.045386 0.069500
0 0.383908 0.662250 0.051388 0.069500
0 0.441110 0.668000 0.056264 0.069000
0 0.392536 0.596500 0.056639 0.068000
0 0.324269 0.548500 0.053638 0.070000
0 0.284884 0.510000 0.056639 0.064000
0 0.278882 0.558750 0.051388 0.052500
0 0.227307 0.518750 0.053263 0.067500
0 0.195424 0.532250 0.052513 0.068500
0 0.206864 0.461750 0.046137 0.065500
0 0.237997 0.447250 0.057389 0.068500
0 0.295011 0.432250 0.060390 0.077500
0 0.182483 0.388000 0.049137 0.067000
0 0.139160 0.416750 0.046512 0.056500
0 0.186047 0.324250 0.054014 0.067500
0 0.235934 0.354000 0.055514 0.066000
0 0.287697 0.363000 0.057764 0.067000
0 0.253938 0.291250 0.058515 0.071500
0 0.193736 0.267500 0.058890 0.072000
0 0.162416 0.242000 0.045761 0.068000
0 0.195611 0.192000 0.048387 0.072000
0 0.231808 0.213750 0.060765 0.068500
0 0.232558 0.124750 0.065266 0.070500
0 0.299325 0.192000 0.054014 0.063000
0 0.320705 0.276750 0.052513 0.077500
0 0.367029 0.308250 0.057389 0.075500
0 0.351650 0.372250 0.055889 0.080500
0 0.391223 0.422750 0.058515 0.075500
0 0.432671 0.414250 0.056639 0.080500
0 0.447487 0.481500 0.056264 0.066000
0 0.340398 0.484000 0.052888 0.078000
0 0.394786 0.507000 0.055139 0.074000
0 0.446174 0.546500 0.048387 0.078000
0 0.478432 0.614250 0.050638 0.072500
0 0.522693 0.571250 0.049887 0.079500
0 0.509377 0.497250 0.057014 0.069500
0 0.492686 0.430500 0.057389 0.085000
0 0.477307 0.345750 0.060390 0.070500
0 0.420855 0.331000 0.051013 0.079000
0 0.376969 0.255000 0.063016 0.101000
0 0.350525 0.212750 0.055889 0.082500
0 0.345086 0.126750 0.057014 0.078500
0 0.391973 0.071250 0.060765 0.082500
0 0.447487 0.107000 0.062266 0.082000
0 0.402476 0.158250 0.048762 0.086500
0 0.449362 0.190500 0.063016 0.085000
0 0.464179 0.267250 0.063391 0.076500
0 0.516879 0.220000 0.060765 0.095000
0 0.517067 0.116750 0.064891 0.088500
0 0.585521 0.095250 0.067517 0.078500
0 0.564141 0.165500 0.062266 0.083000
0 0.637472 0.164500 0.067142 0.103000
0 0.594711 0.246500 0.063391 0.083000
0 0.562078 0.317000 0.064141 0.082000
0 0.647412 0.297500 0.057764 0.088000
0 0.702176 0.233250 0.057014 0.086500
0 0.701988 0.352250 0.057389 0.088500
0 0.619842 0.402250 0.063391 0.082500
0 0.546887 0.394750 0.052513 0.078500
0 0.581770 0.460000 0.064516 0.073000
0 0.640098 0.481000 0.062641 0.070000
0 0.686047 0.431750 0.057764 0.083500
0 0.571643 0.530250 0.052513 0.076500
0 0.628282 0.558750 0.056264 0.072500
0 0.620030 0.628250 0.055514 0.067500
0 0.677232 0.596500 0.056639 0.079000
0 0.662416 0.684250 0.061515 0.070500
0 0.729557 0.660750 0.060765 0.065500
0 0.788635 0.688000 0.062641 0.069000
0 0.834959 0.713000 0.058515 0.059000
0 0.734996 0.581250 0.057389 0.075500
0 0.742498 0.511000 0.066392 0.072000
0 0.801388 0.539250 0.058140 0.066500
0 0.803076 0.593750 0.060765 0.060500
0 0.762566 0.443000 0.065266 0.081000
0 0.815079 0.471750 0.065266 0.079500
0 0.760878 0.319500 0.061140 0.086000
0 0.829895 0.321000 0.070893 0.084000
0 0.832146 0.401000 0.072393 0.077000
0 0.864966 0.474500 0.052513 0.082000
0 0.873593 0.569000 0.054764 0.077000
0 0.927419 0.599750 0.055139 0.077500
0 0.904726 0.657250 0.066767 0.072500
0 0.895349 0.737250 0.052513 0.077500