0 0.153788 0.358000 0.078020 0.105000
0 0.254126 0.365000 0.073893 0.102000
0 0.107089 0.417000 0.071643 0.107000
0 0.535821 0.175250 0.079145 0.105500
0 0.461553 0.223000 0.087397 0.128000
0 0.601088 0.230750 0.079145 0.091500
0 0.669730 0.253250 0.070143 0.113500
0 0.541823 0.276250 0.085146 0.109500
0 0.454989 0.325250 0.088522 0.095500
0 0.376407 0.318250 0.076894 0.092500
0 0.604276 0.330000 0.072768 0.103000
0 0.701800 0.332500 0.075769 0.102000
0 0.774381 0.388000 0.079145 0.097000
0 0.655101 0.394500 0.082146 0.093000
0 0.540510 0.371750 0.088522 0.105500
0 0.335709 0.394000 0.072018 0.100000
0 0.392161 0.409500 0.080645 0.105000
0 0.467929 0.408500 0.079145 0.116000
0 0.588147 0.445750 0.084021 0.108500
0 0.712303 0.455750 0.075769 0.107500
0 0.799887 0.478500 0.089647 0.103000
0 0.739872 0.529000 0.083646 0.099000
0 0.651163 0.524500 0.084021 0.103000
0 0.518567 0.484750 0.079145 0.111500
0 0.196549 0.441750 0.086272 0.098500
0 0.274381 0.456500 0.076144 0.102000
0 0.141410 0.515000 0.087022 0.103000
0 0.238935 0.536500 0.087022 0.101000
0 0.185296 0.588000 0.075019 0.095000
0 0.202926 0.647750 0.063766 0.063500
0 0.250563 0.646750 0.076519 0.091500
0 0.348087 0.503250 0.078020 0.103500
0 0.415979 0.498250 0.079520 0.106500
0 0.306264 0.591250 0.061890 0.105500
0 0.382033 0.587000 0.079895 0.097000
0 0.461928 0.595500 0.070143 0.097000
0 0.541635 0.551500 0.072018 0.088000
0 0.835334 0.553250 0.083271 0.095500
0 0.854651 0.638000 0.078395 0.091000
0 0.746999 0.628500 0.076144 0.098000
0 0.680420 0.614500 0.072018 0.102000
0 0.583833 0.630500 0.073143 0.098000
0 0.515191 0.641000 0.067142 0.097000
0 0.240998 0.748750 0.081395 0.097500
0 0.334959 0.684750 0.067517 0.098500
0 0.398537 0.675250 0.073893 0.094500
0 0.473931 0.695500 0.073143 0.088000
0 0.634846 0.692000 0.080645 0.104000
0 0.534134 0.736500 0.070518 0.097000
0 0.595836 0.757000 0.073143 0.093000
0 0.695236 0.743500 0.080645 0.102000
0 0.772506 0.718500 0.078395 0.098000
0 0.836272 0.712250 0.068642 0.093500
0 0.315079 0.768750 0.076519 0.090500
0 0.393286 0.803250 0.071643 0.098500
0 0.494186 0.782250 0.070143 0.097500
0 0.431733 0.847250 0.074269 0.087500
0 0.483308 0.876500 0.046887 0.070000
0 0.527194 0.888000 0.078395 0.090000
0 0.593773 0.848250 0.077269 0.105500
0 0.658852 0.830250 0.079145 0.097500
0 0.741373 0.809750 0.070893 0.103500
0 0.745874 0.869500 0.075394 0.077000