0 0.065641 0.316000 0.065266 0.097000
0 0.168605 0.302750 0.067892 0.090500
0 0.126969 0.407250 0.063391 0.094500
0 0.185296 0.371000 0.075769 0.097000
0 0.162416 0.448000 0.071268 0.095000
0 0.246437 0.291250 0.069767 0.092500
0 0.294636 0.326500 0.084396 0.089000
0 0.275881 0.393000 0.075394 0.101000
0 0.231808 0.483250 0.072768 0.097500
0 0.178732 0.536000 0.074644 0.091000
0 0.210428 0.616250 0.066017 0.091500
0 0.260503 0.654500 0.073893 0.099000
0 0.266504 0.563000 0.071643 0.090000
0 0.299700 0.502750 0.075769 0.074500
0 0.341335 0.395750 0.075769 0.109500
0 0.388035 0.260000 0.080645 0.102000
0 0.466992 0.242000 0.080270 0.111000
0 0.404539 0.374000 0.082146 0.113000
0 0.373781 0.503500 0.078395 0.085000
0 0.331770 0.597500 0.074644 0.097000
0 0.326519 0.715000 0.067892 0.083000
0 0.379782 0.674500 0.077644 0.086000
0 0.400225 0.748000 0.066767 0.084000
0 0.454051 0.813250 0.076894 0.083500
0 0.406977 0.606750 0.078020 0.091500
0 0.474869 0.590250 0.077269 0.086500
0 0.451613 0.501500 0.082521 0.100000
0 0.477119 0.416500 0.077269 0.090000
0 0.503376 0.327000 0.078020 0.106000
0 0.548950 0.201250 0.083646 0.120500
0 0.631283 0.209000 0.084021 0.111000
0 0.586834 0.292250 0.088147 0.104500
0 0.557952 0.420500 0.073143 0.108000
0 0.536947 0.523750 0.079145 0.108500
0 0.455176 0.727750 0.081395 0.092500
0 0.507877 0.674500 0.075019 0.079000
0 0.516129 0.754000 0.075769 0.096000
0 0.530008 0.844500 0.066017 0.093000
0 0.590773 0.805000 0.069767 0.105000
0 0.584584 0.706750 0.075394 0.094500
0 0.564329 0.612750 0.079145 0.087500
0 0.608965 0.498500 0.085146 0.114000
0 0.643848 0.382250 0.090398 0.130500
0 0.689610 0.299500 0.084396 0.119000
0 0.713803 0.200250 0.080270 0.109500
0 0.776444 0.230500 0.075769 0.110000
0 0.759002 0.331500 0.079145 0.107000
0 0.869280 0.316000 0.085146 0.111000
0 0.707239 0.404500 0.082146 0.105000
0 0.700488 0.521750 0.081395 0.104500
0 0.704801 0.599500 0.087772 0.090000
0 0.639347 0.652000 0.070893 0.104000
0 0.703488 0.716250 0.076894 0.086500
0 0.661103 0.776750 0.076894 0.092500
0 0.783008 0.770250 0.078395 0.102500
0 0.837772 0.706000 0.085146 0.101000
0 0.780758 0.676500 0.085146 0.099000
0 0.914479 0.650250 0.086272 0.090500
0 0.784696 0.565500 0.089272 0.101000
0 0.782071 0.458250 0.090773 0.102500
0 0.897787 0.539000 0.106902 0.094000
0 0.919542 0.430750 0.082146 0.122500
0 0.716429 0.761000 0.062266 0.058000