0 0.201613 0.741500 0.061890 0.076000
0 0.178170 0.597250 0.046512 0.078500
0 0.220555 0.668000 0.054764 0.080000
0 0.265191 0.707000 0.060015 0.085000
0 0.283946 0.638000 0.050263 0.078000
0 0.242311 0.585250 0.051013 0.080500
0 0.212491 0.538250 0.051388 0.071500
0 0.258440 0.499500 0.049512 0.068000
0 0.293698 0.556250 0.056264 0.071500
0 0.220743 0.434500 0.052888 0.073000
0 0.259190 0.381750 0.059265 0.081500
0 0.291448 0.438250 0.058515 0.072500
0 0.344336 0.462750 0.060015 0.083500
0 0.355964 0.527500 0.057764 0.075000
0 0.351650 0.614500 0.043136 0.074000
0 0.413541 0.583500 0.055889 0.068000
0 0.433983 0.675500 0.055514 0.092000
0 0.397412 0.684250 0.030383 0.060500
0 0.406227 0.476750 0.054764 0.062500
0 0.449925 0.527000 0.054389 0.064000
0 0.293323 0.312500 0.052513 0.076000
0 0.327269 0.253250 0.058140 0.078500
0 0.359152 0.136250 0.062641 0.082500
0 0.378095 0.227750 0.047262 0.079500
0 0.425169 0.146000 0.064141 0.085000
0 0.487434 0.194750 0.053638 0.078500
0 0.441110 0.248250 0.051763 0.079500
0 0.422168 0.322250 0.053638 0.076500
0 0.411103 0.391500 0.049512 0.074000
0 0.355026 0.376250 0.052888 0.082500
0 0.479932 0.309500 0.054389 0.080000
0 0.532633 0.257500 0.063016 0.094000
0 0.556639 0.153000 0.060765 0.068000
0 0.643473 0.162750 0.065641 0.087500
0 0.627719 0.264500 0.061140 0.085000
0 0.669355 0.298000 0.058890 0.086000
0 0.565829 0.318000 0.046137 0.061000
0 0.527194 0.357250 0.058140 0.061500
0 0.476557 0.396250 0.057389 0.076500
0 0.477307 0.472000 0.066392 0.075000
0 0.524381 0.514250 0.057764 0.087500
0 0.539385 0.435250 0.046512 0.071500
0 0.590210 0.385500 0.052138 0.084000
0 0.623781 0.344000 0.060765 0.076000
0 0.630533 0.429000 0.059265 0.076000
0 0.587209 0.477750 0.050638 0.082500
0 0.498125 0.595750 0.055514 0.082500
0 0.499437 0.690500 0.055139 0.076000
0 0.562828 0.718000 0.055139 0.083000
0 0.618905 0.745250 0.061515 0.074500
0 0.547262 0.584750 0.051013 0.072500
0 0.598275 0.656000 0.054014 0.083000
0 0.635596 0.641000 0.040135 0.076000
0 0.601463 0.559500 0.053638 0.074000
0 0.654539 0.498000 0.056264 0.071000
0 0.681545 0.366500 0.057764 0.071000
0 0.688297 0.445750 0.060765 0.073500
0 0.706677 0.514250 0.064516 0.067500
0 0.670480 0.591000 0.052888 0.076000
0 0.717554 0.586250 0.051763 0.078500
0 0.704051 0.650000 0.048012 0.073000
0 0.681733 0.729250 0.049137 0.078500
0 0.720743 0.732500 0.052888 0.078000
0 0.770443 0.782250 0.051763 0.067500
0 0.755064 0.690750 0.055514 0.064500
0 0.766692 0.625250 0.054014 0.078500
0 0.829145 0.599250 0.058140 0.065500
0 0.834771 0.650750 0.055139 0.056500
0 0.832333 0.710750 0.060765 0.065500
0 0.906227 0.685250 0.052513 0.077500
0 0.768942 0.542250 0.056264 0.077500
0 0.882783 0.598000 0.061890 0.066000
0 0.903038 0.529500 0.059640 0.081000
0 0.827082 0.490000 0.065266 0.085000
0 0.889910 0.456250 0.065641 0.084500
0 0.764441 0.460000 0.063016 0.069000
0 0.742311 0.393000 0.060765 0.082000
0 0.816767 0.406250 0.066392 0.075500
0 0.802701 0.336250 0.058515 0.082500
0 0.742123 0.310750 0.064891 0.077500
0 0.753938 0.183000 0.064516 0.081000
0 0.794449 0.248250 0.063766 0.090500
0 0.876407 0.299250 0.061890 0.093500
0 0.934921 0.364500 0.061140 0.096000