0 0.145161 0.185500 0.045011 0.065000
0 0.178732 0.203250 0.045386 0.071500
0 0.187734 0.143000 0.050638 0.054000
0 0.223931 0.164250 0.048762 0.062500
0 0.271193 0.220500 0.039760 0.053000
0 0.288635 0.257250 0.055139 0.079500
0 0.319392 0.201000 0.038635 0.071000
0 0.354839 0.192250 0.057764 0.073500
0 0.387284 0.255000 0.064141 0.083000
0 0.331020 0.132500 0.055139 0.060000
0 0.420293 0.323000 0.055889 0.082000
0 0.454051 0.381500 0.055139 0.081000
0 0.509377 0.411000 0.053263 0.077000
0 0.558140 0.408750 0.060765 0.081500
0 0.607089 0.423750 0.055139 0.073500
0 0.679670 0.307500 0.056264 0.070000
0 0.668980 0.229500 0.054389 0.076000
0 0.716429 0.240250 0.053263 0.073500
0 0.737247 0.302000 0.058890 0.071000
0 0.778882 0.265250 0.056639 0.074500
0 0.708177 0.155000 0.060765 0.076000
0 0.765754 0.184000 0.059640 0.076000
0 0.856902 0.199000 0.063391 0.077000
0 0.905476 0.251500 0.060765 0.083000
0 0.956114 0.302750 0.062266 0.079500
0 0.947299 0.387000 0.059640 0.082000
0 0.865716 0.338750 0.064516 0.081500
0 0.806827 0.316500 0.058515 0.081000
0 0.767067 0.364250 0.060765 0.079500
0 0.820330 0.388250 0.057014 0.060500
0 0.878282 0.405250 0.067892 0.074500
0 0.843586 0.473750 0.056264 0.077500
0 0.910915 0.479250 0.055139 0.078500
0 0.918042 0.548000 0.058890 0.071000
0 0.852963 0.549750 0.053263 0.072500
0 0.880908 0.613000 0.058890 0.069000
0 0.764816 0.438250 0.048762 0.070500
0 0.791073 0.506250 0.057764 0.079500
0 0.799887 0.573750 0.050638 0.072500
0 0.824081 0.642250 0.049512 0.073500
0 0.705176 0.377250 0.050263 0.062500
0 0.719992 0.440750 0.049887 0.073500
0 0.737247 0.501750 0.046137 0.067500
0 0.748500 0.567250 0.050638 0.080500
0 0.775131 0.653750 0.053638 0.073500
0 0.717367 0.643250 0.055139 0.073500
0 0.693736 0.571000 0.055139 0.069000
0 0.692798 0.503500 0.053263 0.074000
0 0.668605 0.435250 0.051388 0.074500
0 0.638597 0.492500 0.055139 0.078000
0 0.569017 0.476750 0.057014 0.063500
0 0.589835 0.537750 0.056639 0.074500
0 0.625656 0.580500 0.056264 0.088000
0 0.657727 0.637750 0.058890 0.074500
0 0.515191 0.481000 0.058140 0.077000
0 0.539197 0.546000 0.055139 0.075000
0 0.564516 0.602750 0.051763 0.067500
0 0.604464 0.648250 0.049887 0.066500
0 0.549512 0.670250 0.050263 0.067500
0 0.488935 0.704000 0.054389 0.070000
0 0.491748 0.622750 0.057764 0.078500
0 0.480870 0.550500 0.052513 0.069000
0 0.462678 0.489000 0.049137 0.066000
0 0.380908 0.390750 0.057389 0.067500
0 0.366279 0.328500 0.060390 0.071000
0 0.419730 0.446250 0.053263 0.072500
0 0.408477 0.513500 0.057764 0.070000
0 0.433983 0.576250 0.048762 0.069500
0 0.446362 0.644500 0.047262 0.081000
0 0.307202 0.359250 0.057764 0.069500
0 0.343773 0.416500 0.047637 0.074000
0 0.364029 0.480500 0.050638 0.066000
0 0.369092 0.551000 0.048012 0.070000
0 0.382033 0.619000 0.059640 0.071000
0 0.402101 0.679500 0.047262 0.061000
0 0.226744 0.239750 0.050638 0.062500
0 0.234059 0.275500 0.061515 0.076000
0 0.152476 0.248250 0.045386 0.057500
0 0.171605 0.291750 0.054389 0.057500
0 0.125281 0.297250 0.054014 0.056500
0 0.206677 0.338250 0.061515 0.071500
0 0.248875 0.390500 0.055139 0.070000
0 0.297074 0.444250 0.052513 0.066500
0 0.311703 0.521250 0.061515 0.073500
0 0.322581 0.600500 0.054014 0.072000
0 0.338335 0.669250 0.068267 0.077500
0 0.355589 0.727500 0.051763 0.066000
0 0.298762 0.706000 0.051388 0.064000
0 0.270443 0.720500 0.035259 0.066000
0 0.228807 0.701500 0.048012 0.065000
0 0.224681 0.638500 0.048762 0.059000
0 0.260503 0.657000 0.037134 0.053000
0 0.281320 0.646000 0.048012 0.070000
0 0.269692 0.575000 0.053263 0.075000
0 0.262753 0.504750 0.046887 0.071500
0 0.229370 0.451000 0.054389 0.063000
0 0.170480 0.402250 0.058140 0.068500
0 0.170105 0.463000 0.060390 0.058000
0 0.185109 0.516750 0.058140 0.068500
0 0.206302 0.580000 0.048012 0.077000
0 0.161290 0.580750 0.048762 0.078500
0 0.110840 0.411250 0.058140 0.072500
0 0.096024 0.482750 0.048012 0.066500
0 0.124906 0.522500 0.049512 0.069000
0 0.033571 0.519500 0.052888 0.070000
0 0.040698 0.464000 0.046137 0.063000
0 0.084959 0.556500 0.049887 0.069000
0 0.082521 0.601500 0.048012 0.048000
0 0.122281 0.606500 0.042761 0.075000
0 0.103151 0.641500 0.042761 0.063000
0 0.142536 0.683500 0.048762 0.082000
0 0.129032 0.759250 0.052513 0.073500