0 0.113653 0.304500 0.047262 0.075000
0 0.111403 0.435750 0.051763 0.064500
0 0.143661 0.394500 0.052513 0.080000
0 0.174981 0.266500 0.050638 0.073000
0 0.208365 0.223000 0.049887 0.067000
0 0.215116 0.300500 0.056639 0.069000
0 0.186234 0.353750 0.052888 0.070500
0 0.099025 0.505250 0.050263 0.065500
0 0.180045 0.470000 0.054764 0.057000
0 0.157727 0.535250 0.046137 0.062500
0 0.138597 0.593500 0.052888 0.060000
0 0.100150 0.664500 0.053263 0.068000
0 0.138972 0.703750 0.049887 0.046500
0 0.161478 0.680500 0.052888 0.064000
0 0.170668 0.764000 0.054764 0.062000
0 0.207239 0.751250 0.049137 0.060500
0 0.209115 0.680250 0.056639 0.061500
0 0.207802 0.586250 0.048012 0.060500
0 0.199362 0.519750 0.052138 0.056500
0 0.277757 0.745500 0.046887 0.055000
0 0.260128 0.677750 0.048387 0.058500
0 0.271568 0.622750 0.053263 0.057500
0 0.293886 0.584750 0.052138 0.060500
0 0.252251 0.551500 0.054389 0.061000
0 0.241935 0.499500 0.050263 0.065000
0 0.289197 0.509250 0.048762 0.062500
0 0.309827 0.675000 0.044261 0.053000
0 0.318830 0.738250 0.051013 0.049500
0 0.370968 0.737250 0.045761 0.055500
0 0.352963 0.686000 0.042761 0.058000
0 0.328770 0.629500 0.046137 0.058000
0 0.222243 0.410500 0.047637 0.062000
0 0.240998 0.359000 0.045386 0.067000
0 0.269880 0.261000 0.045386 0.068000
0 0.299512 0.228750 0.049137 0.066500
0 0.372468 0.226250 0.059265 0.081500
0 0.328770 0.267500 0.052888 0.071000
0 0.298387 0.321750 0.055139 0.068500
0 0.292761 0.384500 0.052138 0.073000
0 0.273068 0.445500 0.054014 0.073000
0 0.320330 0.464000 0.047262 0.064000
0 0.348462 0.536000 0.051013 0.064000
0 0.390098 0.657000 0.045011 0.060000
0 0.406414 0.711500 0.048387 0.057000
0 0.398912 0.601750 0.047637 0.059500
0 0.400788 0.545000 0.049137 0.062000
0 0.371530 0.492500 0.049137 0.057000
0 0.349212 0.397750 0.054014 0.066500
0 0.347712 0.340250 0.051013 0.062500
0 0.389910 0.316250 0.046137 0.067500
0 0.424231 0.271500 0.044261 0.068000
0 0.436609 0.337750 0.054014 0.066500
0 0.401725 0.377500 0.044261 0.065000
0 0.388597 0.435750 0.050263 0.062500
0 0.469242 0.295250 0.049512 0.073500
0 0.488935 0.348750 0.046887 0.060500
0 0.442236 0.435000 0.048762 0.069000
0 0.422168 0.484000 0.048387 0.059000
0 0.498312 0.408750 0.055139 0.067500
0 0.475244 0.489000 0.045761 0.056000
0 0.450300 0.542750 0.046887 0.055500
0 0.448050 0.591500 0.041635 0.060000
0 0.475994 0.650500 0.037509 0.057000
0 0.450113 0.679250 0.043511 0.055500
0 0.484809 0.733250 0.049137 0.063500
0 0.508440 0.683750 0.043886 0.056500
0 0.522318 0.725250 0.042386 0.051500
0 0.503751 0.609000 0.045011 0.060000
0 0.497937 0.539500 0.045386 0.060000
0 0.519692 0.464750 0.048387 0.059500
0 0.528320 0.312000 0.045386 0.065000
0 0.567892 0.324500 0.042761 0.068000
0 0.568080 0.391250 0.055139 0.068500
0 0.558140 0.451250 0.048012 0.066500
0 0.542198 0.513500 0.046887 0.063000
0 0.540698 0.577500 0.048387 0.061000
0 0.540323 0.661500 0.049137 0.060000
0 0.563953 0.723000 0.048387 0.060000
0 0.611403 0.718750 0.045761 0.053500
0 0.592461 0.674750 0.052138 0.053500
0 0.575019 0.615500 0.045761 0.054000
0 0.592086 0.551000 0.046137 0.061000
0 0.625844 0.601250 0.047637 0.058500
0 0.629032 0.653250 0.039760 0.051500
0 0.642911 0.694250 0.042761 0.049500
0 0.618717 0.300750 0.041635 0.066500
0 0.623781 0.364500 0.044261 0.064000
0 0.612716 0.443000 0.050638 0.057000
0 0.610090 0.497000 0.043886 0.060000
0 0.645724 0.589250 0.035634 0.053500
0 0.645911 0.542500 0.043511 0.061000
0 0.682483 0.671500 0.043136 0.051000
0 0.714554 0.698250 0.038260 0.055500
0 0.734059 0.725500 0.037509 0.046000
0 0.734434 0.678000 0.030008 0.046000
0 0.693173 0.614750 0.039760 0.059500
0 0.689235 0.555750 0.043136 0.057500
0 0.674981 0.510750 0.044636 0.054500
0 0.656602 0.461750 0.048387 0.065500
0 0.649662 0.399250 0.041260 0.062500
0 0.683233 0.428500 0.041635 0.057000
0 0.657539 0.315250 0.046512 0.062500
0 0.683233 0.359250 0.043886 0.059500
0 0.722618 0.292750 0.041635 0.067500
0 0.732371 0.352250 0.046887 0.060500
0 0.740248 0.416000 0.048387 0.057000
0 0.722618 0.472750 0.043886 0.054500
0 0.718117 0.523000 0.040885 0.065000
0 0.738560 0.591500 0.046512 0.061000
0 0.730308 0.636000 0.040510 0.056000
0 0.774006 0.773250 0.038635 0.049500
0 0.789572 0.793750 0.030008 0.041500
0 0.820705 0.769000 0.036009 0.053000
0 0.794449 0.721250 0.043511 0.045500
0 0.767817 0.662000 0.033758 0.046000
0 0.765754 0.627750 0.044636 0.050500
0 0.798012 0.665250 0.034884 0.050500
0 0.773631 0.581500 0.039385 0.060000
0 0.805139 0.599500 0.042386 0.051000
0 0.809265 0.624250 0.042386 0.043500
0 0.770818 0.352250 0.038260 0.066500
0 0.770443 0.413000 0.039010 0.059000
0 0.817329 0.370000 0.048012 0.056000
0 0.817142 0.441500 0.041635 0.055000
0 0.780008 0.471750 0.043886 0.056500
0 0.833083 0.483000 0.039760 0.057000
0 0.909790 0.475250 0.033383 0.052500
0 0.862716 0.502000 0.035259 0.055000
0 0.792011 0.526500 0.043886 0.055000
0 0.816017 0.543750 0.037884 0.059500
0 0.839085 0.542250 0.033758 0.046500
0 0.900225 0.522000 0.039760 0.050000
0 0.868717 0.577750 0.036759 0.052500
0 0.902476 0.568500 0.039010 0.057000
0 0.846212 0.623000 0.037509 0.056000
0 0.899662 0.621500 0.041635 0.053000
0 0.872468 0.657000 0.037509 0.050000
0 0.842648 0.682750 0.044636 0.048500
0 0.859152 0.703500 0.038635 0.048000
0 0.844524 0.762250 0.036384 0.049500
0 0.876032 0.771000 0.040135 0.049000