0 0.069017 0.331000 0.056264 0.086000
0 0.098087 0.254750 0.074644 0.077500
0 0.129595 0.188750 0.068642 0.088500
0 0.177044 0.263750 0.063766 0.078500
0 0.207239 0.191750 0.059640 0.083500
0 0.209302 0.084500 0.066017 0.094000
0 0.288822 0.107500 0.070518 0.083000
0 0.353151 0.088000 0.063391 0.082000
0 0.388597 0.159750 0.048012 0.083500
0 0.339272 0.180500 0.070143 0.090000
0 0.277757 0.210500 0.055889 0.081000
0 0.312078 0.261250 0.051763 0.081500
0 0.378845 0.280000 0.059265 0.082000
0 0.238185 0.285000 0.063016 0.084000
0 0.208927 0.346000 0.060015 0.084000
0 0.145724 0.382000 0.062641 0.082000
0 0.084021 0.441000 0.057014 0.084000
0 0.155101 0.472000 0.060390 0.080000
0 0.149662 0.557250 0.048762 0.072500
0 0.207052 0.576750 0.057764 0.065500
0 0.214929 0.518250 0.058515 0.073500
0 0.219805 0.424500 0.054764 0.072000
0 0.256002 0.475750 0.053638 0.071500
0 0.276819 0.540000 0.049512 0.068000
0 0.328207 0.546250 0.048762 0.073500
0 0.322581 0.471750 0.051763 0.069500
0 0.367967 0.497500 0.054764 0.071000
0 0.374531 0.560750 0.046887 0.078500
0 0.410540 0.612250 0.053638 0.071500
0 0.417104 0.524750 0.052513 0.078500
0 0.275319 0.386000 0.054764 0.068000
0 0.343211 0.349000 0.045011 0.072000
0 0.386347 0.347250 0.056264 0.086500
0 0.364216 0.417500 0.052513 0.073000
0 0.412228 0.441250 0.055514 0.068500
0 0.440173 0.380250 0.056639 0.076500
0 0.422918 0.235750 0.056639 0.065500
0 0.456302 0.289750 0.056639 0.079500
0 0.485559 0.356250 0.051388 0.075500
0 0.497187 0.423500 0.052888 0.075000
0 0.465304 0.482500 0.049137 0.065000
0 0.531508 0.476000 0.051763 0.069000
0 0.559452 0.434500 0.054389 0.063000
0 0.462678 0.552250 0.053638 0.072500
0 0.468867 0.621000 0.051763 0.069000
0 0.488185 0.680500 0.056639 0.069000
0 0.530195 0.639750 0.055139 0.071500
0 0.560578 0.687000 0.055139 0.061000
0 0.519692 0.556500 0.052888 0.077000
0 0.584396 0.602250 0.056264 0.080500
0 0.576332 0.535000 0.053638 0.065000
0 0.545386 0.352000 0.046512 0.079000
0 0.525694 0.291000 0.057389 0.074000
0 0.486122 0.230500 0.056264 0.081000
0 0.447862 0.131500 0.060015 0.085000
0 0.508627 0.124250 0.053263 0.089500
0 0.542386 0.207000 0.057014 0.074000
0 0.594149 0.257250 0.056264 0.086500
0 0.641223 0.267750 0.061890 0.075500
0 0.667667 0.331250 0.052513 0.085500
0 0.705551 0.392500 0.057764 0.070000
0 0.752438 0.411000 0.054014 0.065000
0 0.583083 0.124500 0.058890 0.083000
0 0.599587 0.194000 0.056639 0.078000
0 0.618342 0.060500 0.058140 0.080000
0 0.685859 0.075250 0.061890 0.082500
0 0.706302 0.139750 0.050263 0.069500
0 0.671980 0.176500 0.058140 0.076000
0 0.715304 0.227000 0.057764 0.074000
0 0.772881 0.184000 0.044636 0.083000
0 0.794261 0.233500 0.044636 0.079000
0 0.762003 0.268000 0.045386 0.075000
0 0.753751 0.313250 0.061890 0.085500
0 0.796699 0.336250 0.051013 0.084500
0 0.834959 0.366250 0.058515 0.076500
0 0.853338 0.435500 0.057014 0.064000
0 0.839272 0.507750 0.064891 0.078500
0 0.857652 0.538000 0.040885 0.064000
0 0.613278 0.393750 0.053263 0.074500
0 0.625094 0.473000 0.054389 0.069000
0 0.661103 0.455750 0.046137 0.066500
0 0.728245 0.497250 0.059640 0.061500
0 0.768942 0.543500 0.056264 0.070000
0 0.804951 0.594500 0.054014 0.073000
0 0.865904 0.644250 0.058890 0.076500
0 0.627719 0.531750 0.043886 0.069500
0 0.665791 0.537250 0.048012 0.064500
0 0.714554 0.602500 0.054014 0.076000
0 0.760128 0.634250 0.058140 0.071500
0 0.827457 0.676500 0.054014 0.077000
0 0.640848 0.610250 0.048387 0.069500
0 0.663541 0.635000 0.052513 0.065000
0 0.624156 0.690750 0.057764 0.067500
0 0.663353 0.716750 0.052888 0.072500
0 0.691673 0.737250 0.043511 0.062500
0 0.715116 0.682000 0.054389 0.071000
0 0.763878 0.711500 0.049137 0.072000
0 0.754689 0.771500 0.052513 0.058000
0 0.815454 0.743750 0.054764 0.064500
0 0.891035 0.737250 0.061140 0.069500
0 0.881845 0.790250 0.052513 0.068500
0 0.822768 0.810750 0.052888 0.061500
0 0.814516 0.847500 0.042386 0.043000
0 0.763503 0.830250 0.054389 0.067500
0 0.712491 0.865000 0.055889 0.063000
0 0.665041 0.789000 0.057764 0.068000
0 0.607839 0.744000 0.052138 0.071000
0 0.593398 0.790250 0.052513 0.064500
0 0.540135 0.793250 0.051763 0.072500
0 0.649475 0.885000 0.057389 0.070000