0 0.160165 0.384500 0.078770 0.096000
0 0.123593 0.566000 0.081395 0.090000
0 0.122843 0.647750 0.075394 0.081500
0 0.164104 0.729000 0.063391 0.089000
0 0.144599 0.467250 0.072393 0.077500
0 0.232933 0.271000 0.081770 0.107000
0 0.237622 0.384750 0.083646 0.102500
0 0.204801 0.462000 0.083271 0.091000
0 0.200488 0.551000 0.074644 0.090000
0 0.185671 0.642500 0.074269 0.083000
0 0.229182 0.774500 0.066767 0.079000
0 0.244374 0.851250 0.068642 0.071500
0 0.246812 0.684250 0.067517 0.085500
0 0.300075 0.333500 0.081770 0.102000
0 0.302138 0.437000 0.075394 0.090000
0 0.263128 0.526250 0.079145 0.090500
0 0.257502 0.595000 0.073143 0.070000
0 0.288072 0.788750 0.065266 0.077500
0 0.311515 0.705500 0.073893 0.080000
0 0.313578 0.627500 0.065266 0.078000
0 0.345649 0.564500 0.070143 0.082000
0 0.380533 0.293750 0.085896 0.101500
0 0.367217 0.383250 0.074269 0.089500
0 0.362341 0.836250 0.068267 0.092500
0 0.352588 0.757500 0.067517 0.070000
0 0.381095 0.634750 0.068267 0.078500
0 0.392348 0.712250 0.065266 0.093500
0 0.410728 0.781250 0.056264 0.071500
0 0.433608 0.854250 0.055514 0.078500
0 0.405101 0.559250 0.060765 0.084500
0 0.428920 0.440000 0.074644 0.092000
0 0.439985 0.343750 0.083271 0.103500
0 0.453676 0.186000 0.079895 0.112000
0 0.457989 0.521000 0.072018 0.092000
0 0.481433 0.606000 0.068642 0.081000
0 0.441673 0.671250 0.074644 0.077500
0 0.448050 0.740000 0.067892 0.074000
0 0.471868 0.798500 0.059265 0.074000
0 0.490435 0.864000 0.059640 0.075000
0 0.519880 0.743000 0.064516 0.083000
0 0.513878 0.652250 0.060765 0.078500
0 0.558515 0.688500 0.059265 0.074000
0 0.574269 0.749750 0.055514 0.076500
0 0.564891 0.080000 0.084021 0.118000
0 0.563766 0.183750 0.075769 0.107500
0 0.496624 0.246750 0.075019 0.101500
0 0.517629 0.342250 0.079520 0.099500
0 0.513503 0.440250 0.065266 0.093500
0 0.540510 0.587500 0.062266 0.079000
0 0.523818 0.511500 0.065641 0.085000
0 0.562266 0.288250 0.059265 0.093500
0 0.565266 0.377500 0.069767 0.099000
0 0.582521 0.461500 0.065266 0.084000
0 0.589647 0.541750 0.060015 0.084500
0 0.592648 0.629500 0.054764 0.080000
0 0.623218 0.704500 0.052888 0.073000
0 0.656227 0.211250 0.079145 0.107500
0 0.689610 0.145750 0.071643 0.107500
0 0.634471 0.326500 0.070893 0.083000
0 0.643286 0.414000 0.066017 0.087000
0 0.650225 0.498750 0.066392 0.085500
0 0.650225 0.629250 0.058890 0.072500
0 0.649100 0.560750 0.059640 0.069500
0 0.698987 0.687250 0.059640 0.063500
0 0.734059 0.219750 0.066017 0.102500
0 0.710803 0.309500 0.066767 0.095000
0 0.716617 0.396000 0.067892 0.091000
0 0.805514 0.258500 0.069392 0.100000
0 0.862153 0.249000 0.058140 0.102000
0 0.777007 0.342250 0.059640 0.094500
0 0.705551 0.488000 0.054764 0.087000
0 0.698237 0.571000 0.055889 0.074000
0 0.748125 0.635000 0.058140 0.067000
0 0.770255 0.426500 0.066392 0.083000
0 0.780383 0.490750 0.061890 0.071500
0 0.755251 0.548500 0.063391 0.069000
0 0.826332 0.377000 0.055514 0.084000
0 0.833083 0.443750 0.056264 0.077500
0 0.814704 0.516750 0.062266 0.079500
0 0.881283 0.317000 0.062641 0.085000
0 0.899100 0.395250 0.062266 0.079500
0 0.885221 0.471000 0.051013 0.080000
0 0.536197 0.814750 0.064891 0.090500