0 0.251590 0.430750 0.047512 0.061500
0 0.271792 0.483750 0.049757 0.059500
0 0.319865 0.469250 0.048634 0.064500
0 0.304901 0.406750 0.047886 0.065500
0 0.341377 0.305250 0.052001 0.066500
0 0.379910 0.344250 0.043771 0.066500
0 0.372428 0.241250 0.050505 0.074500
0 0.423307 0.246000 0.043771 0.067000
0 0.419566 0.313000 0.051253 0.068000
0 0.465956 0.294750 0.047512 0.072500
0 0.453610 0.359250 0.044519 0.059500
0 0.418070 0.404500 0.047512 0.068000
0 0.447250 0.447250 0.046764 0.066500
0 0.493827 0.442000 0.043397 0.062000
0 0.468762 0.503250 0.045642 0.055500
0 0.316124 0.534750 0.046390 0.063500
0 0.350355 0.563000 0.043023 0.054000
0 0.308642 0.602000 0.050879 0.065000
0 0.299476 0.671000 0.043023 0.061000
0 0.307894 0.711750 0.038159 0.048500
0 0.413206 0.564500 0.042275 0.057000
0 0.423120 0.622250 0.044145 0.058500
0 0.378975 0.621250 0.044893 0.050500
0 0.356528 0.670000 0.047886 0.053000
0 0.343808 0.707750 0.038908 0.053500
0 0.402170 0.669500 0.041900 0.051000
0 0.396184 0.715500 0.045642 0.050000
0 0.456416 0.564000 0.036663 0.067000
0 0.466517 0.639750 0.042649 0.059500
0 0.447624 0.688250 0.040778 0.059500
0 0.489151 0.674000 0.040778 0.049000
0 0.481669 0.730750 0.043771 0.052500
0 0.439394 0.740000 0.043771 0.057000
0 0.296483 0.754750 0.040030 0.058500
0 0.333707 0.758000 0.041152 0.058000
0 0.313692 0.793250 0.040030 0.049500
0 0.340816 0.790250 0.039656 0.046500
0 0.377666 0.787250 0.042275 0.054500
0 0.416012 0.792000 0.044145 0.057000
0 0.333520 0.831250 0.034792 0.046500
0 0.363262 0.856000 0.040404 0.055000
0 0.347175 0.874000 0.040404 0.048000
0 0.387205 0.892250 0.042649 0.046500
0 0.393939 0.839250 0.045642 0.057500
0 0.419005 0.875000 0.043397 0.045000
0 0.460157 0.887250 0.041152 0.046500
0 0.456977 0.851250 0.046016 0.049500
0 0.465769 0.794250 0.043397 0.061500
0 0.499813 0.826750 0.044145 0.051500
0 0.498504 0.881250 0.042275 0.056500
0 0.536289 0.857000 0.040778 0.055000
0 0.551814 0.814750 0.047886 0.053500
0 0.575945 0.851500 0.038533 0.060000
0 0.591470 0.805250 0.037411 0.058500
0 0.510288 0.759000 0.037411 0.044000
0 0.524504 0.727750 0.047886 0.063500
0 0.566779 0.715250 0.040404 0.063500
0 0.595211 0.747750 0.041900 0.053500
0 0.498691 0.548500 0.049383 0.056000
0 0.501122 0.605000 0.052001 0.059000
0 0.521886 0.648750 0.044145 0.056500
0 0.555556 0.585750 0.049383 0.055500
0 0.567153 0.648250 0.044893 0.063500
0 0.604003 0.683000 0.042275 0.059000
0 0.557052 0.526250 0.048634 0.061500
0 0.604938 0.504500 0.037411 0.067000
0 0.603629 0.592500 0.045267 0.061000
0 0.470632 0.187000 0.047886 0.071000
0 0.501309 0.237750 0.050131 0.074500
0 0.513468 0.315500 0.053498 0.071000
0 0.509166 0.383500 0.044893 0.069000
0 0.572204 0.138000 0.043023 0.071000
0 0.622147 0.147000 0.054620 0.070000
0 0.605499 0.212000 0.052750 0.074000
0 0.561354 0.253250 0.046764 0.075500
0 0.601571 0.286500 0.054620 0.075000
0 0.566031 0.325500 0.048634 0.069000
0 0.569211 0.387500 0.049009 0.065000
0 0.544706 0.447250 0.041152 0.069500
0 0.590722 0.446750 0.041900 0.058500
0 0.637673 0.460750 0.042275 0.057500
0 0.637299 0.553250 0.048260 0.056500
0 0.666293 0.055000 0.051627 0.071000
0 0.726337 0.080000 0.049757 0.067000
0 0.772727 0.103000 0.048260 0.071000
0 0.679199 0.136750 0.049009 0.070500
0 0.733446 0.152500 0.046764 0.069000
0 0.771044 0.199250 0.045642 0.069500
0 0.687991 0.206750 0.047886 0.070500
0 0.841377 0.157000 0.055368 0.080000
0 0.865507 0.180500 0.036289 0.058000
0 0.847924 0.223250 0.059484 0.070500
0 0.888889 0.237750 0.047886 0.070500
0 0.760943 0.263000 0.053872 0.074000
0 0.802469 0.291750 0.054620 0.065500
0 0.655069 0.273000 0.050879 0.068000
0 0.713805 0.299500 0.053124 0.072000
0 0.767864 0.328500 0.050505 0.071000
0 0.872054 0.300500 0.047886 0.072000
0 0.855780 0.368750 0.049757 0.072500
0 0.802656 0.395750 0.051253 0.073500
0 0.742611 0.391750 0.050879 0.065500
0 0.653760 0.339250 0.051253 0.072500
0 0.687617 0.363000 0.044145 0.071000
0 0.647774 0.404000 0.050505 0.062000
0 0.695660 0.431250 0.048260 0.073500
0 0.739057 0.457000 0.042275 0.074000
0 0.791059 0.448500 0.049757 0.057000
0 0.689862 0.490750 0.042649 0.060500
0 0.684811 0.549750 0.043771 0.061500
0 0.745230 0.520250 0.044145 0.063500
0 0.655817 0.617750 0.044145 0.059500
0 0.705200 0.606000 0.044145 0.063000
0 0.702020 0.662000 0.047512 0.053000
0 0.653573 0.682000 0.044893 0.061000
0 0.631500 0.727250 0.037411 0.055500
0 0.639918 0.773750 0.039282 0.046500
0 0.756079 0.612250 0.050131 0.060500
0 0.776468 0.588500 0.034792 0.046000