0 0.182483 0.454250 0.056639 0.073500
0 0.171605 0.541250 0.052138 0.077500
0 0.216992 0.515500 0.055889 0.073000
0 0.191110 0.595250 0.043886 0.048500
0 0.229182 0.591500 0.057764 0.067000
0 0.231620 0.628500 0.058890 0.044000
0 0.269505 0.541750 0.051388 0.062500
0 0.295386 0.588750 0.049887 0.056500
0 0.230120 0.370750 0.053638 0.070500
0 0.251688 0.308250 0.057014 0.073500
0 0.294449 0.368250 0.054764 0.073500
0 0.269880 0.420250 0.050638 0.065500
0 0.316767 0.452000 0.052138 0.060000
0 0.335146 0.508250 0.045386 0.061500
0 0.347899 0.390250 0.058140 0.063500
0 0.369842 0.450250 0.048012 0.066500
0 0.382971 0.511250 0.044261 0.062500
0 0.347149 0.591000 0.046137 0.066000
0 0.339647 0.625500 0.043886 0.050000
0 0.384846 0.639000 0.042761 0.061000
0 0.417854 0.562500 0.048762 0.068000
0 0.194486 0.675250 0.050638 0.062500
0 0.222431 0.732750 0.058515 0.055500
0 0.248312 0.769750 0.048012 0.046500
0 0.273443 0.753250 0.049512 0.057500
0 0.252438 0.699500 0.054014 0.057000
0 0.310765 0.695250 0.052888 0.055500
0 0.360278 0.683250 0.044636 0.069500
0 0.389160 0.753500 0.053638 0.058000
0 0.418605 0.722250 0.052513 0.060500
0 0.439422 0.756500 0.047637 0.057000
0 0.434734 0.638250 0.051763 0.059500
0 0.473556 0.598250 0.046887 0.069500
0 0.474306 0.693000 0.053638 0.061000
0 0.485746 0.718250 0.047262 0.053500
0 0.163541 0.754750 0.045011 0.057500
0 0.192423 0.797000 0.051013 0.051000
0 0.224869 0.837500 0.051388 0.057000
0 0.222056 0.898500 0.043511 0.059000
0 0.293511 0.792000 0.049137 0.053000
0 0.334209 0.828500 0.040510 0.052000
0 0.321643 0.763750 0.044636 0.054500
0 0.357089 0.811500 0.048762 0.056000
0 0.388410 0.829250 0.051388 0.053500
0 0.281320 0.881750 0.052513 0.059500
0 0.296324 0.931000 0.050263 0.058000
0 0.332896 0.903250 0.047637 0.058500
0 0.373593 0.923000 0.046512 0.056000
0 0.419167 0.934750 0.052888 0.052500
0 0.452551 0.941500 0.045386 0.060000
0 0.441860 0.831000 0.045011 0.053000
0 0.481433 0.872750 0.046887 0.052500
0 0.488935 0.818500 0.045386 0.060000
0 0.527944 0.859750 0.047637 0.052500
0 0.536384 0.819250 0.043511 0.063500
0 0.503001 0.935000 0.048762 0.053000
0 0.542011 0.967750 0.048012 0.050500
0 0.558327 0.909250 0.043136 0.057500
0 0.579332 0.853250 0.046137 0.051500
0 0.606902 0.890250 0.047262 0.055500
0 0.589647 0.941500 0.040510 0.048000
0 0.640473 0.946250 0.038635 0.056500
0 0.653226 0.860500 0.048387 0.049000
0 0.664291 0.882500 0.036009 0.057000
0 0.694674 0.918750 0.037509 0.048500
0 0.715491 0.895250 0.050638 0.049500
0 0.698237 0.848000 0.047637 0.057000
0 0.663916 0.787000 0.042011 0.059000
0 0.609902 0.798750 0.043511 0.055500
0 0.619842 0.756500 0.043886 0.057000
0 0.566954 0.753500 0.049137 0.056000
0 0.581958 0.704500 0.051388 0.054000
0 0.530570 0.697000 0.047637 0.058000
0 0.661103 0.730250 0.052138 0.058500
0 0.724869 0.737250 0.048387 0.056500
0 0.724119 0.788750 0.045386 0.057500
0 0.764066 0.860750 0.041260 0.048500
0 0.782821 0.804000 0.048012 0.059000
0 0.834021 0.772000 0.046887 0.053000
0 0.858215 0.736000 0.057014 0.062000
0 0.780570 0.718000 0.047262 0.044000
0 0.786759 0.678250 0.049137 0.063500
0 0.727494 0.682250 0.049887 0.064500
0 0.646099 0.652000 0.046887 0.060000
0 0.696174 0.635500 0.048012 0.046000
0 0.747937 0.627250 0.042011 0.054500
0 0.801575 0.601750 0.048012 0.059500
0 0.829145 0.641500 0.046887 0.061000
0 0.753938 0.574750 0.048012 0.056500
0 0.690923 0.583000 0.051013 0.063000
0 0.627532 0.616750 0.050263 0.063500
0 0.565079 0.638000 0.048387 0.061000
0 0.515941 0.643750 0.040885 0.052500
0 0.519880 0.600000 0.048762 0.052000
0 0.502626 0.538250 0.051763 0.058500
0 0.441860 0.520750 0.049512 0.066500
0 0.436984 0.456000 0.051013 0.067000
0 0.476557 0.477250 0.052138 0.058500
0 0.539947 0.460500 0.049887 0.063000
0 0.551950 0.518250 0.052138 0.064500
0 0.579895 0.550750 0.047262 0.055500
0 0.607652 0.525250 0.051763 0.061500
0 0.657164 0.550000 0.052513 0.070000
0 0.701238 0.523750 0.055139 0.065500
0 0.761628 0.524750 0.054389 0.071500
0 0.806264 0.534750 0.048387 0.064500
0 0.807577 0.461000 0.055514 0.071000
0 0.754501 0.380250 0.060390 0.081500
0 0.777569 0.393500 0.046512 0.070000
0 0.706114 0.422750 0.048387 0.074500
0 0.741560 0.449750 0.059265 0.060500
0 0.665979 0.479250 0.054389 0.069500
0 0.591335 0.458250 0.052888 0.061500
0 0.633533 0.411500 0.055514 0.067000
0 0.680983 0.364750 0.059640 0.061500
0 0.627157 0.338250 0.047262 0.071500
0 0.583646 0.385750 0.056264 0.072500
0 0.529632 0.395750 0.057764 0.074500
0 0.487622 0.416500 0.051013 0.058000
0 0.437922 0.382000 0.050638 0.068000
0 0.394974 0.340750 0.051763 0.065500
0 0.508440 0.333500 0.056639 0.075000
0 0.570143 0.328250 0.057764 0.068500
0 0.307952 0.266250 0.058515 0.083500
0 0.351463 0.281250 0.053263 0.076500
0 0.344336 0.208000 0.057014 0.079000
0 0.405289 0.261750 0.055889 0.080500
0 0.457614 0.293750 0.056264 0.074500
0 0.428732 0.148500 0.057014 0.082000
0 0.455364 0.215500 0.059265 0.084000
0 0.483496 0.147250 0.058515 0.081500
0 0.531695 0.196500 0.053638 0.082000
0 0.503938 0.257500 0.044636 0.081000
0 0.557202 0.252500 0.056639 0.071000
0 0.536947 0.113500 0.057389 0.079000
0 0.595274 0.096250 0.054764 0.074500
0 0.656602 0.148000 0.055889 0.079000
0 0.595836 0.187000 0.053638 0.075000
0 0.627344 0.264250 0.058890 0.083500
0 0.686422 0.288000 0.053263 0.080000
0 0.678170 0.216750 0.063766 0.082500
0 0.740060 0.194250 0.063016 0.082500
0 0.742123 0.267000 0.061140 0.073000