0 0.159040 0.270500 0.033008 0.052000
0 0.111590 0.345000 0.034134 0.049000
0 0.172543 0.336500 0.037509 0.046000
0 0.187922 0.378750 0.032258 0.042500
0 0.157914 0.410750 0.035259 0.045500
0 0.194861 0.420250 0.034884 0.047500
0 0.208740 0.460250 0.038635 0.040500
0 0.178545 0.494500 0.032258 0.049000
0 0.171980 0.551250 0.035634 0.044500
0 0.146662 0.596000 0.035259 0.050000
0 0.191673 0.588750 0.036009 0.048500
0 0.207427 0.550000 0.033758 0.046000
0 0.225056 0.587750 0.028507 0.042500
0 0.250188 0.619000 0.032258 0.045000
0 0.189610 0.670750 0.038635 0.044500
0 0.247187 0.663500 0.037509 0.046000
0 0.268192 0.692250 0.036759 0.045500
0 0.286009 0.653000 0.033383 0.046000
0 0.288822 0.729500 0.032258 0.040000
0 0.308702 0.758500 0.041260 0.045000
0 0.326519 0.695750 0.033383 0.047500
0 0.351650 0.730500 0.030383 0.047000
0 0.372656 0.696000 0.037134 0.046000
0 0.382221 0.737750 0.034509 0.046500
0 0.368342 0.772750 0.033758 0.038500
0 0.364029 0.810000 0.039385 0.045000
0 0.360653 0.850000 0.034884 0.044000
0 0.336459 0.634250 0.036009 0.045500
0 0.302888 0.605250 0.034884 0.042500
0 0.345086 0.592500 0.036009 0.047000
0 0.310390 0.566500 0.034884 0.046000
0 0.274944 0.569750 0.030758 0.048500
0 0.250375 0.537750 0.028132 0.042500
0 0.293136 0.522750 0.034134 0.049500
0 0.343023 0.520000 0.031883 0.046000
0 0.221680 0.510000 0.036009 0.040000
0 0.261815 0.488500 0.029257 0.048000
0 0.303451 0.474000 0.036009 0.043000
0 0.346774 0.475500 0.039385 0.050000
0 0.310765 0.433500 0.034884 0.039000
0 0.345836 0.404250 0.033758 0.050500
0 0.362903 0.433500 0.030383 0.043000
0 0.247187 0.440500 0.036009 0.043000
0 0.248500 0.401000 0.038635 0.044000
0 0.293886 0.397750 0.033383 0.043500
0 0.233683 0.358750 0.036759 0.048500
0 0.277007 0.363500 0.032633 0.049000
0 0.313203 0.359500 0.033758 0.048000
0 0.348087 0.353500 0.035259 0.047000
0 0.260878 0.324750 0.035634 0.042500
0 0.225431 0.311500 0.036009 0.046000
0 0.248125 0.285000 0.028882 0.046000
0 0.276819 0.278750 0.035259 0.047500
0 0.277194 0.225250 0.041260 0.058500
0 0.311890 0.256250 0.031133 0.044500
0 0.323706 0.219750 0.039010 0.048500
0 0.341710 0.278000 0.036759 0.046000
0 0.329520 0.315750 0.035634 0.042500
0 0.377907 0.276500 0.033383 0.049000
0 0.397037 0.316250 0.035634 0.045500
0 0.416542 0.282500 0.037134 0.047000
0 0.439797 0.250000 0.033383 0.045000
0 0.441485 0.193000 0.039010 0.048000
0 0.478995 0.195750 0.036759 0.048500
0 0.520255 0.167500 0.032258 0.045000
0 0.555139 0.155500 0.032258 0.043000
0 0.594524 0.135750 0.033008 0.044500
0 0.471680 0.249500 0.031883 0.044000
0 0.490435 0.280000 0.031133 0.039000
0 0.438672 0.319000 0.034134 0.040000
0 0.469805 0.307500 0.034884 0.049000
0 0.459865 0.351750 0.031508 0.041500
0 0.425169 0.359250 0.034884 0.039500
0 0.384846 0.380250 0.036759 0.045500
0 0.420293 0.400500 0.036384 0.046000
0 0.454051 0.413750 0.031133 0.047500
0 0.438110 0.446000 0.034509 0.042000
0 0.421793 0.492000 0.033383 0.041000
0 0.389910 0.527500 0.033383 0.047000
0 0.406602 0.592000 0.033758 0.048000
0 0.420105 0.619500 0.033758 0.043000
0 0.428732 0.654250 0.030758 0.038500
0 0.411103 0.708250 0.030758 0.047500
0 0.421793 0.762000 0.033383 0.045000
0 0.407914 0.802000 0.034134 0.044000
0 0.411103 0.842250 0.033758 0.037500
0 0.418042 0.880250 0.029632 0.038500
0 0.439610 0.862750 0.029257 0.041500
0 0.452551 0.888250 0.030383 0.039500
0 0.431358 0.921000 0.030758 0.044000
0 0.432483 0.965250 0.032258 0.040500
0 0.469617 0.983000 0.035259 0.033000
0 0.469430 0.931750 0.030383 0.043500
0 0.500188 0.929500 0.030383 0.038000
0 0.487997 0.881500 0.028507 0.044000
0 0.494749 0.896500 0.027007 0.031000
0 0.512941 0.843250 0.031883 0.039500
0 0.521568 0.859750 0.028882 0.035500
0 0.474494 0.848750 0.032258 0.034500
0 0.476557 0.811000 0.028132 0.040000
0 0.446549 0.809750 0.031133 0.036500
0 0.463616 0.779000 0.033758 0.035000
0 0.446549 0.732750 0.028882 0.040500
0 0.476182 0.734500 0.031883 0.042000
0 0.515191 0.792750 0.032633 0.044500
0 0.532821 0.748750 0.031883 0.034500
0 0.515754 0.716750 0.030758 0.036500
0 0.494936 0.699250 0.024381 0.046500
0 0.465679 0.671000 0.031133 0.043000
0 0.468492 0.615250 0.035259 0.042500
0 0.499250 0.625750 0.032258 0.046500
0 0.517442 0.670500 0.030383 0.045000
0 0.539010 0.696250 0.032258 0.040500
0 0.548575 0.655750 0.033383 0.049500
0 0.432108 0.561000 0.033758 0.046000
0 0.472056 0.572250 0.033383 0.046500
0 0.503001 0.579750 0.028507 0.045500
0 0.451238 0.525000 0.035259 0.044000
0 0.480683 0.516500 0.031883 0.044000
0 0.461740 0.475750 0.036009 0.046500
0 0.502626 0.464250 0.029257 0.036500
0 0.522693 0.498250 0.035634 0.043500
0 0.528695 0.535500 0.034134 0.040000
0 0.547824 0.575000 0.031133 0.043000
0 0.553451 0.616500 0.032633 0.042000
0 0.484809 0.426250 0.034134 0.040500
0 0.493061 0.385000 0.033383 0.039000
0 0.517442 0.429750 0.030383 0.041500
0 0.545386 0.454000 0.031508 0.042000
0 0.533571 0.395250 0.033383 0.036500
0 0.492873 0.342250 0.035259 0.042500
0 0.519317 0.306000 0.032633 0.043000
0 0.524194 0.241750 0.039385 0.042500
0 0.545761 0.274500 0.033008 0.042000
0 0.557577 0.235250 0.034134 0.046500
0 0.553826 0.315250 0.032633 0.043500
0 0.545574 0.356000 0.035634 0.046000
0 0.571830 0.382750 0.034884 0.037500
0 0.565641 0.421250 0.033008 0.037500
0 0.574456 0.461000 0.030383 0.043000
0 0.558327 0.490750 0.033383 0.042500
0 0.560765 0.531750 0.033008 0.039500
0 0.595836 0.198500 0.033383 0.045000
0 0.631283 0.184750 0.035259 0.042500
0 0.657352 0.158250 0.035634 0.043500
0 0.699362 0.160000 0.034884 0.046000
0 0.676107 0.210750 0.031883 0.040500
0 0.619280 0.230250 0.030008 0.043500
0 0.644411 0.223750 0.027757 0.041500
0 0.641973 0.265500 0.033383 0.036000
0 0.588335 0.246500 0.031883 0.041000
0 0.588335 0.287500 0.030383 0.040000
0 0.582333 0.328000 0.029632 0.049000
0 0.613653 0.334000 0.031508 0.045000
0 0.617592 0.292750 0.029632 0.039500
0 0.653038 0.303250 0.030758 0.043500
0 0.645161 0.342500 0.032258 0.043000
0 0.600900 0.381000 0.030008 0.046000
0 0.627532 0.401250 0.030008 0.046500
0 0.598275 0.425750 0.031508 0.040500
0 0.604839 0.473750 0.028882 0.047500
0 0.588335 0.504000 0.028882 0.039000
0 0.598462 0.543000 0.035634 0.042000
0 0.590960 0.579750 0.034134 0.038500
0 0.599962 0.607250 0.031883 0.040500
0 0.585334 0.648000 0.031133 0.051000
0 0.569017 0.668750 0.024756 0.041500
0 0.557952 0.706500 0.027382 0.039000
0 0.592648 0.728750 0.034509 0.039500
0 0.607839 0.705500 0.029632 0.037000
0 0.603526 0.672250 0.032258 0.036500
0 0.636909 0.645500 0.033008 0.040000
0 0.637097 0.686750 0.028132 0.041500
0 0.666354 0.688000 0.030383 0.043000
0 0.659227 0.720250 0.031883 0.041500
0 0.612903 0.750000 0.027007 0.048000
0 0.580270 0.767500 0.031508 0.041000
0 0.570330 0.804000 0.031133 0.039000
0 0.558890 0.839000 0.030758 0.040000
0 0.551200 0.890500 0.031883 0.046000
0 0.561890 0.933000 0.033008 0.040000
0 0.588522 0.927250 0.029257 0.043500
0 0.583646 0.883750 0.032258 0.045500
0 0.599587 0.845000 0.030383 0.040000
0 0.600900 0.805500 0.027757 0.044000
0 0.627157 0.829500 0.027757 0.040000
0 0.613653 0.861000 0.028507 0.032000
0 0.632221 0.794250 0.030383 0.043500
0 0.649100 0.837500 0.027382 0.039000
0 0.616279 0.911750 0.030758 0.045500
0 0.642723 0.904250 0.026632 0.042500
0 0.664291 0.882250 0.027757 0.043500
0 0.688110 0.833500 0.030383 0.036000
0 0.698987 0.851750 0.031883 0.037500
0 0.673293 0.785500 0.033008 0.040000
0 0.654914 0.756500 0.030758 0.036000
0 0.682671 0.749250 0.027757 0.037500
0 0.702926 0.772750 0.029257 0.038500
0 0.711928 0.799000 0.032258 0.040000
0 0.695236 0.710750 0.029632 0.042500
0 0.730495 0.726250 0.031133 0.040500
0 0.750375 0.757750 0.034884 0.042500
0 0.682483 0.655750 0.033383 0.040500
0 0.675544 0.612750 0.034509 0.041500
0 0.704989 0.627250 0.027382 0.043500
0 0.722431 0.661500 0.033008 0.042000
0 0.727307 0.690500 0.023256 0.038000
0 0.620405 0.572000 0.030008 0.035000
0 0.637472 0.604000 0.028882 0.040000
0 0.656789 0.576250 0.029257 0.041500
0 0.627532 0.527500 0.031508 0.043000
0 0.657727 0.535750 0.030383 0.039500
0 0.680420 0.566750 0.025506 0.044500
0 0.629970 0.483000 0.027382 0.040000
0 0.657539 0.493000 0.029257 0.051000
0 0.644224 0.439500 0.037884 0.045000
0 0.663166 0.407750 0.033758 0.042500
0 0.676482 0.376500 0.033383 0.039000
0 0.675731 0.334750 0.031883 0.040500
0 0.681920 0.296000 0.029257 0.040000
0 0.670668 0.259750 0.027757 0.038500
0 0.698800 0.245750 0.032258 0.050500
0 0.711928 0.221250 0.032258 0.036500
0 0.740998 0.241750 0.028132 0.051500
0 0.717554 0.278750 0.029257 0.044500
0 0.734996 0.312750 0.031133 0.039500
0 0.708177 0.323000 0.030008 0.040000
0 0.701613 0.361000 0.028132 0.040000
0 0.691485 0.415250 0.026632 0.038500
0 0.719617 0.400500 0.032633 0.051000
0 0.731995 0.373250 0.032633 0.039500
0 0.746624 0.402500 0.028132 0.034000
0 0.725994 0.454000 0.029632 0.045000
0 0.691860 0.455750 0.034884 0.040500
0 0.703113 0.494500 0.037134 0.039000
0 0.686984 0.519000 0.031133 0.043000
0 0.713991 0.544750 0.031883 0.038500
0 0.706677 0.583000 0.032258 0.044000
0 0.730683 0.570250 0.030758 0.038500
0 0.741935 0.616000 0.033008 0.043000
0 0.746249 0.654500 0.029632 0.039000
0 0.766879 0.668750 0.029632 0.034500
0 0.770255 0.627250 0.025131 0.047500
0 0.758252 0.707000 0.034884 0.045000
0 0.759565 0.580250 0.024756 0.043500
0 0.777757 0.587000 0.020630 0.040000
0 0.748687 0.537750 0.029257 0.044500
0 0.783008 0.552500 0.031133 0.042000
0 0.737809 0.492000 0.032258 0.045000
0 0.774756 0.509500 0.034884 0.048000
0 0.808140 0.533750 0.030383 0.050500
0 0.816954 0.507000 0.030008 0.036000
0 0.756752 0.469750 0.031133 0.042500
0 0.788260 0.475000 0.029632 0.040000
0 0.818830 0.475250 0.030758 0.041500
0 0.768567 0.435000 0.037509 0.037000
0 0.804576 0.416750 0.034509 0.045500
0 0.837397 0.439500 0.036384 0.039000
0 0.763316 0.359250 0.036009 0.041500
0 0.777757 0.390250 0.032633 0.044500
0 0.781883 0.328750 0.037134 0.038500
0 0.804951 0.354750 0.029257 0.040500
0 0.831583 0.375500 0.036009 0.039000
0 0.855214 0.395250 0.030758 0.043500
0 0.845836 0.354000 0.034509 0.037000
0 0.792761 0.265250 0.034134 0.052500
0 0.758815 0.277250 0.030758 0.040500