0 0.317142 0.270500 0.050638 0.105000
0 0.264629 0.355000 0.046887 0.099000
0 0.363466 0.342000 0.056264 0.103000
0 0.345086 0.365250 0.045761 0.078500
0 0.262941 0.445250 0.043511 0.088500
0 0.304576 0.459000 0.048762 0.092000
0 0.350713 0.439750 0.055514 0.091500
0 0.294261 0.533500 0.041635 0.085000
0 0.347899 0.547250 0.046887 0.087500
0 0.385409 0.534000 0.055139 0.091000
0 0.418792 0.473750 0.059640 0.095500
0 0.286572 0.630750 0.045761 0.084500
0 0.353526 0.759250 0.050638 0.095500
0 0.331770 0.702750 0.048387 0.072500
0 0.399100 0.609750 0.044261 0.078500
0 0.429482 0.646250 0.054014 0.097500
0 0.462678 0.738500 0.055139 0.099000
0 0.419167 0.838250 0.058890 0.087500
0 0.515191 0.851750 0.064141 0.103500
0 0.529820 0.774500 0.063391 0.107000
0 0.547074 0.682000 0.067142 0.110000
0 0.506564 0.634250 0.058140 0.090500
0 0.515754 0.555500 0.066017 0.103000
0 0.471680 0.553250 0.049137 0.097500
0 0.503001 0.458250 0.060765 0.091500
0 0.452176 0.363500 0.058140 0.105000
0 0.512753 0.368750 0.066767 0.112500
0 0.562641 0.465250 0.068267 0.113500
0 0.493248 0.267500 0.063016 0.099000
0 0.497562 0.158000 0.073893 0.122000
0 0.606902 0.197000 0.085521 0.133000
0 0.577269 0.261750 0.072768 0.099500
0 0.597337 0.379000 0.079895 0.124000
0 0.640848 0.499750 0.079895 0.118500
0 0.605589 0.563750 0.074644 0.100500
0 0.631283 0.679500 0.081020 0.119000
0 0.718867 0.733000 0.093398 0.121000
0 0.669167 0.625500 0.096024 0.126000
0 0.803451 0.665250 0.099025 0.127500
0 0.757689 0.544500 0.096024 0.122000
0 0.868342 0.559000 0.109527 0.123000
0 0.800263 0.440250 0.104651 0.139500
0 0.770818 0.303250 0.101275 0.126500
0 0.689610 0.295250 0.079895 0.118500