0 0.101650 0.395500 0.090773 0.126000
0 0.198987 0.277750 0.094149 0.130500
0 0.214179 0.398250 0.084771 0.104500
0 0.289947 0.361000 0.087772 0.127000
0 0.098837 0.511750 0.091148 0.110500
0 0.179670 0.513750 0.085521 0.114500
0 0.264066 0.477250 0.091523 0.107500
0 0.357839 0.501000 0.088522 0.103000
0 0.142723 0.612750 0.078395 0.095500
0 0.168980 0.735250 0.081395 0.116500
0 0.247749 0.806000 0.085146 0.099000
0 0.326519 0.844250 0.088897 0.107500
0 0.409415 0.897750 0.088897 0.084500
0 0.487434 0.862750 0.079145 0.096500
0 0.226932 0.612750 0.084021 0.105500
0 0.306639 0.582000 0.096399 0.096000
0 0.299325 0.665500 0.078020 0.091000
0 0.372281 0.689250 0.084396 0.107500
0 0.433046 0.773000 0.079145 0.101000
0 0.518380 0.775000 0.081770 0.095000
0 0.400225 0.579250 0.073518 0.108500
0 0.455551 0.650500 0.082146 0.092000
0 0.533946 0.675250 0.082146 0.100500
0 0.618905 0.642750 0.089272 0.105500
0 0.476182 0.561750 0.084396 0.104500
0 0.380908 0.376500 0.085896 0.119000
0 0.445799 0.462250 0.082896 0.108500
0 0.417667 0.269250 0.085146 0.110500
0 0.463803 0.153500 0.095649 0.121000
0 0.519130 0.255000 0.088522 0.114000
0 0.599400 0.193750 0.098275 0.122500
0 0.637847 0.285750 0.083646 0.110500
0 0.726932 0.285750 0.094524 0.110500
0 0.484246 0.366750 0.085521 0.121500
0 0.574269 0.365500 0.090023 0.124000
0 0.531695 0.456500 0.082896 0.118000
0 0.562828 0.547000 0.087397 0.094000
0 0.614591 0.475750 0.083646 0.114500
0 0.668417 0.576000 0.087772 0.113000
0 0.707802 0.661000 0.087772 0.101000
0 0.761628 0.582250 0.083646 0.104500
0 0.727494 0.488500 0.082146 0.110000
0 0.801013 0.483500 0.078395 0.101000
0 0.659790 0.366750 0.073518 0.095500
0 0.775319 0.390500 0.087772 0.118000