0 0.212495 0.845500 0.038908 0.045000
0 0.279087 0.898750 0.044145 0.052500
0 0.333146 0.860500 0.040778 0.056000
0 0.267303 0.834500 0.036289 0.050000
0 0.274037 0.809500 0.040778 0.048000
0 0.390385 0.861500 0.035541 0.053000
0 0.359521 0.817500 0.044893 0.050000
0 0.324542 0.792000 0.037037 0.045000
0 0.345492 0.769500 0.040778 0.051000
0 0.317995 0.744250 0.036663 0.048500
0 0.245791 0.700500 0.047138 0.057000
0 0.212495 0.657750 0.038159 0.054500
0 0.246539 0.626500 0.039656 0.053000
0 0.296670 0.653750 0.039656 0.055500
0 0.303030 0.699750 0.035166 0.048500
0 0.332398 0.699500 0.040030 0.053000
0 0.333333 0.667500 0.042649 0.056000
0 0.371493 0.705000 0.043397 0.052000
0 0.377853 0.758750 0.044893 0.058500
0 0.395623 0.802000 0.040778 0.050000
0 0.431725 0.828250 0.041900 0.059500
0 0.437149 0.788500 0.045267 0.046000
0 0.472129 0.832750 0.044145 0.053500
0 0.510288 0.817750 0.041152 0.061500
0 0.548634 0.825000 0.037785 0.062000
0 0.481107 0.777250 0.043397 0.049500
0 0.534792 0.777250 0.046764 0.053500
0 0.573513 0.783500 0.036663 0.062000
0 0.453984 0.736250 0.040778 0.060500
0 0.405537 0.720250 0.043397 0.062500
0 0.435092 0.678500 0.044145 0.058000
0 0.478302 0.682750 0.043771 0.053500
0 0.505238 0.716500 0.046016 0.047000
0 0.523943 0.686500 0.044519 0.060000
0 0.400299 0.645000 0.041900 0.047000
0 0.350730 0.619000 0.039282 0.051000
0 0.318182 0.611000 0.040030 0.050000
0 0.282267 0.573500 0.040030 0.059000
0 0.317995 0.571250 0.044145 0.055500
0 0.243172 0.529000 0.046390 0.054000
0 0.281145 0.511500 0.043023 0.051000
0 0.209128 0.471750 0.048634 0.060500
0 0.196409 0.416250 0.048634 0.058500
0 0.227834 0.355250 0.040404 0.055500
0 0.261130 0.352750 0.050131 0.056500
0 0.270296 0.283500 0.038533 0.064000
0 0.311261 0.328750 0.044145 0.056500
0 0.322484 0.381750 0.050131 0.059500
0 0.371306 0.380250 0.041526 0.066500
0 0.367752 0.314000 0.047886 0.069000
0 0.356902 0.443250 0.047138 0.056500
0 0.338945 0.503000 0.049383 0.060000
0 0.383277 0.483000 0.050505 0.048000
0 0.372241 0.584250 0.047886 0.055500
0 0.399738 0.541000 0.043023 0.065000
0 0.414328 0.598750 0.045267 0.049500
0 0.441639 0.552500 0.044519 0.064000
0 0.442761 0.495750 0.043023 0.061500
0 0.486345 0.511750 0.040404 0.063500
0 0.451178 0.629000 0.044145 0.059000
0 0.482043 0.585000 0.040778 0.060000
0 0.494388 0.627000 0.042275 0.051000
0 0.531238 0.611750 0.044893 0.059500
0 0.520763 0.561500 0.050131 0.062000
0 0.528620 0.505500 0.045642 0.053000
0 0.508792 0.454750 0.044145 0.060500
0 0.495324 0.396250 0.047138 0.060500
0 0.475309 0.345500 0.046764 0.064000
0 0.449682 0.279250 0.047138 0.064500
0 0.420501 0.233750 0.047886 0.061500
0 0.456790 0.182000 0.052376 0.067000
0 0.491582 0.253750 0.054620 0.070500
0 0.509166 0.195250 0.047138 0.068500
0 0.511410 0.314500 0.048634 0.059000
0 0.536850 0.404000 0.043397 0.066000
0 0.586420 0.727250 0.039282 0.047500
0 0.562477 0.689000 0.040030 0.065000
0 0.576132 0.621000 0.046390 0.063000
0 0.572391 0.558500 0.049383 0.061000
0 0.606996 0.661000 0.042275 0.063000
0 0.624392 0.719750 0.042649 0.057500
0 0.622709 0.766750 0.040030 0.051500
0 0.617658 0.574750 0.045642 0.066500
0 0.585297 0.499500 0.047512 0.066000
0 0.586233 0.427500 0.043397 0.066000
0 0.563412 0.355500 0.050879 0.064000
0 0.538721 0.254500 0.049383 0.073000
0 0.579873 0.284250 0.053872 0.070500
0 0.580808 0.211000 0.056491 0.066000
0 0.560793 0.153750 0.047138 0.067500
0 0.659559 0.138750 0.042649 0.070500
0 0.633745 0.235750 0.048634 0.073500
0 0.627946 0.304500 0.049757 0.072000
0 0.620277 0.372000 0.049383 0.067000
0 0.630565 0.432000 0.047512 0.059000
0 0.635802 0.496250 0.043771 0.066500
0 0.658810 0.550250 0.048634 0.058500
0 0.664796 0.616000 0.044145 0.061000
0 0.654321 0.676500 0.045642 0.068000
0 0.685372 0.740000 0.044145 0.060000
0 0.666854 0.772500 0.043771 0.051000
0 0.738870 0.729500 0.047886 0.060000
0 0.703330 0.669000 0.047886 0.057000
0 0.712869 0.615500 0.048260 0.067000
0 0.750281 0.670000 0.035541 0.045000
0 0.764123 0.636500 0.044519 0.057000
0 0.706697 0.560500 0.041152 0.065000
0 0.766929 0.546000 0.047138 0.063000
0 0.719042 0.503750 0.046390 0.062500
0 0.670782 0.456750 0.048634 0.070500
0 0.696409 0.405000 0.054994 0.062000
0 0.735316 0.443750 0.039282 0.065500
0 0.771044 0.481250 0.041152 0.067500
0 0.739618 0.379500 0.038908 0.067000
0 0.709315 0.340500 0.051627 0.062000
0 0.669285 0.284250 0.050131 0.071500
0 0.683502 0.211750 0.051627 0.069500
0 0.719978 0.281000 0.049757 0.069000
0 0.783951 0.420000 0.054246 0.065000
0 0.820426 0.491500 0.049383 0.065000
0 0.840816 0.443250 0.048260 0.066500
0 0.893752 0.431250 0.047138 0.063500
0 0.817247 0.369000 0.049757 0.069000
0 0.771979 0.321250 0.056491 0.067500
0 0.820988 0.302500 0.051253 0.064000
0 0.857838 0.345500 0.051627 0.062000
0 0.762439 0.229750 0.055368 0.069500
0 0.710812 0.157250 0.046390 0.062500
0 0.760943 0.165500 0.046390 0.068000
0 0.760007 0.085750 0.046764 0.069500
0 0.815563 0.125500 0.047138 0.059000
0 0.810138 0.195250 0.046764 0.060500
0 0.839132 0.250750 0.047886 0.064500
0 0.853348 0.157500 0.048634 0.070000
0 0.913019 0.224250 0.050505 0.067500
0 0.929854 0.257750 0.035541 0.052500
0 0.907594 0.290750 0.059110 0.065500
0 0.943135 0.317250 0.045642 0.066500
0 0.916947 0.369750 0.051627 0.068500