0 0.083646 0.395750 0.073518 0.074500
0 0.101463 0.468000 0.061140 0.078000
0 0.120218 0.541500 0.063391 0.061000
0 0.170855 0.505500 0.058890 0.065000
0 0.195799 0.455500 0.066767 0.067000
0 0.149662 0.610500 0.059265 0.068000
0 0.191673 0.655000 0.051013 0.059000
0 0.237622 0.691250 0.054389 0.056500
0 0.212866 0.585250 0.045386 0.067500
0 0.260878 0.615500 0.051388 0.057000
0 0.298950 0.664250 0.053263 0.070500
0 0.305326 0.704500 0.052513 0.045000
0 0.359152 0.707750 0.044636 0.056500
0 0.384846 0.757500 0.046512 0.048000
0 0.416917 0.731500 0.055139 0.049000
0 0.399100 0.685000 0.050263 0.064000
0 0.347149 0.639500 0.046137 0.045000
0 0.320330 0.596000 0.056264 0.063000
0 0.371718 0.597250 0.042761 0.060500
0 0.223181 0.508750 0.060015 0.068500
0 0.282071 0.535750 0.051763 0.062500
0 0.336459 0.523750 0.053263 0.058500
0 0.401350 0.557500 0.054014 0.065000
0 0.419167 0.635500 0.051388 0.060000
0 0.452926 0.697250 0.055139 0.058500
0 0.467742 0.635750 0.049512 0.060500
0 0.520068 0.636000 0.055139 0.054000
0 0.496249 0.581750 0.058515 0.055500
0 0.422356 0.510750 0.054764 0.070500
0 0.474119 0.528250 0.051013 0.065500
0 0.312266 0.466250 0.059640 0.071500
0 0.270818 0.437250 0.055514 0.056500
0 0.239310 0.383000 0.066017 0.067000
0 0.176107 0.349750 0.067142 0.067500
0 0.145349 0.290500 0.064141 0.072000
0 0.216617 0.302250 0.061140 0.076500
0 0.183608 0.189000 0.062641 0.084000
0 0.220555 0.150750 0.065266 0.083500
0 0.231995 0.240750 0.064891 0.080500
0 0.291635 0.239000 0.060390 0.087000
0 0.290323 0.304750 0.071268 0.075500
0 0.313766 0.403500 0.058140 0.068000
0 0.367404 0.417000 0.061140 0.071000
0 0.379407 0.461250 0.060390 0.061500
0 0.335521 0.193000 0.059640 0.097000
0 0.368155 0.255250 0.069392 0.076500
0 0.355026 0.318000 0.064141 0.083000
0 0.439985 0.123750 0.062266 0.089500
0 0.476932 0.227250 0.057389 0.084500
0 0.438297 0.295500 0.058890 0.086000
0 0.424044 0.345750 0.055139 0.076500
0 0.436234 0.421750 0.054014 0.084500
0 0.477494 0.365250 0.054764 0.082500
0 0.507877 0.430000 0.062266 0.075000
0 0.514254 0.475500 0.055514 0.066000
0 0.530945 0.543500 0.052138 0.063000
0 0.562453 0.608500 0.052138 0.064000
0 0.562078 0.638000 0.036384 0.029000
0 0.610278 0.601500 0.048012 0.063000
0 0.579520 0.534000 0.051013 0.059000
0 0.599212 0.479500 0.049137 0.067000
0 0.582333 0.418250 0.056639 0.068500
0 0.534696 0.350000 0.058140 0.071000
0 0.506377 0.285250 0.057014 0.080500
0 0.549325 0.234250 0.064141 0.077500
0 0.566204 0.280250 0.056639 0.072500
0 0.516129 0.158000 0.063016 0.082000
0 0.543323 0.078500 0.062641 0.081000
0 0.575769 0.152500 0.055514 0.082000
0 0.636347 0.198500 0.060390 0.079000
0 0.626219 0.278000 0.059640 0.084000
0 0.622093 0.337750 0.055139 0.067500
0 0.637847 0.436250 0.054389 0.066500
0 0.689235 0.412500 0.051388 0.076000
0 0.625469 0.535000 0.052138 0.075000
0 0.672918 0.501250 0.054014 0.067500
0 0.662228 0.556750 0.049887 0.063500
0 0.666542 0.637250 0.050263 0.051500
0 0.699925 0.640000 0.041260 0.053000
0 0.730870 0.633250 0.041635 0.050500
0 0.695611 0.591750 0.044636 0.054500
0 0.705551 0.535750 0.053263 0.058500
0 0.744749 0.586500 0.051388 0.053000
0 0.762941 0.558000 0.051013 0.070000
0 0.805701 0.596500 0.052513 0.066000
0 0.791260 0.640500 0.053638 0.059000
0 0.842461 0.636750 0.042011 0.065500
0 0.864966 0.584750 0.048762 0.053500
0 0.843211 0.562500 0.049512 0.060000
0 0.831208 0.518500 0.053263 0.065000
0 0.787322 0.498000 0.046512 0.071000
0 0.738372 0.504000 0.053638 0.063000
0 0.730308 0.425000 0.049512 0.070000
0 0.794074 0.432750 0.051013 0.070500
0 0.715679 0.340750 0.055514 0.073500
0 0.763128 0.359750 0.047637 0.071500
0 0.711740 0.239250 0.058890 0.084500
0 0.709302 0.176500 0.063766 0.073000
0 0.778507 0.236000 0.052888 0.074000
0 0.757689 0.299500 0.057014 0.076000
0 0.836834 0.166500 0.062266 0.081000
0 0.842836 0.257750 0.054764 0.076500
0 0.819392 0.318000 0.060390 0.067000
0 0.839460 0.370750 0.050263 0.068500
0 0.908477 0.245000 0.055514 0.084000
0 0.876032 0.325250 0.052138 0.081500
0 0.851275 0.442750 0.049887 0.067500
0 0.894036 0.401250 0.052888 0.062500
0 0.963428 0.405750 0.050638 0.064500
0 0.899287 0.453000 0.046887 0.058000
0 0.953488 0.452500 0.049512 0.044000
0 0.907727 0.542500 0.055514 0.055000
0 0.944486 0.521500 0.042011 0.065000