0 0.123781 0.443750 0.054014 0.073500
0 0.180608 0.474500 0.054389 0.073000
0 0.147224 0.543000 0.050638 0.059000
0 0.195236 0.550500 0.058140 0.067000
0 0.194486 0.595250 0.061890 0.063500
0 0.238560 0.655500 0.056264 0.066000
0 0.246812 0.599000 0.053263 0.066000
0 0.283383 0.647000 0.050638 0.065000
0 0.329145 0.678500 0.053638 0.052000
0 0.297637 0.591500 0.054389 0.068000
0 0.342086 0.606750 0.057764 0.062500
0 0.385221 0.633250 0.048762 0.065500
0 0.351088 0.549250 0.064516 0.068500
0 0.430045 0.627500 0.057389 0.060000
0 0.410915 0.567500 0.056639 0.067000
0 0.283571 0.534250 0.063766 0.061500
0 0.239122 0.489750 0.056639 0.057500
0 0.204989 0.418000 0.060390 0.077000
0 0.257127 0.454000 0.061890 0.075000
0 0.140848 0.377250 0.066392 0.073500
0 0.186047 0.305000 0.053263 0.083000
0 0.222993 0.297000 0.070143 0.091000
0 0.252063 0.372250 0.062266 0.083500
0 0.314891 0.376000 0.060390 0.083000
0 0.318267 0.475500 0.064141 0.070000
0 0.382596 0.483250 0.058515 0.064500
0 0.370030 0.418250 0.062641 0.076500
0 0.293698 0.287250 0.059265 0.092500
0 0.353526 0.323500 0.062641 0.089000
0 0.400038 0.372750 0.067892 0.089500
0 0.407164 0.303500 0.067142 0.091000
0 0.448050 0.409750 0.063391 0.074500
0 0.473181 0.313500 0.063391 0.081000
0 0.516317 0.260250 0.069392 0.095500
0 0.549700 0.318000 0.066392 0.076000
0 0.516692 0.380750 0.062641 0.079500
0 0.485746 0.475250 0.054764 0.077500
0 0.431733 0.508500 0.064516 0.083000
0 0.478432 0.550750 0.054389 0.071500
0 0.482558 0.604500 0.055889 0.054000
0 0.530383 0.600750 0.059265 0.059500
0 0.590960 0.615000 0.056639 0.057000
0 0.583833 0.559000 0.055889 0.069000
0 0.531133 0.511250 0.049512 0.071500
0 0.553263 0.466250 0.057014 0.072500
0 0.620405 0.411250 0.064516 0.079500
0 0.586834 0.260000 0.070893 0.094000
0 0.617029 0.330500 0.074269 0.083000
0 0.613278 0.472000 0.066017 0.073000
0 0.642911 0.554000 0.062266 0.073000
0 0.650413 0.592000 0.056264 0.062000
0 0.680045 0.289250 0.078020 0.091500
0 0.713428 0.362000 0.069017 0.089000
0 0.681920 0.411750 0.063016 0.079500
0 0.694674 0.498250 0.065266 0.072500
0 0.714366 0.587000 0.066392 0.071000
0 0.696549 0.612750 0.060015 0.065500
0 0.762191 0.540250 0.067517 0.070500
0 0.757877 0.582750 0.048387 0.054500
0 0.803076 0.541750 0.047262 0.071500
0 0.837584 0.466750 0.063766 0.067500
0 0.843398 0.415500 0.073143 0.072000
0 0.766504 0.421500 0.076894 0.081000
0 0.797074 0.351500 0.078020 0.085000
0 0.762941 0.273250 0.069017 0.088500