0 0.316767 0.129000 0.046137 0.070000
0 0.364966 0.092750 0.051763 0.069500
0 0.429670 0.084000 0.043136 0.069000
0 0.472618 0.073500 0.048012 0.068000
0 0.506939 0.142500 0.055139 0.070000
0 0.439235 0.142750 0.047262 0.069500
0 0.459490 0.214750 0.049512 0.071500
0 0.405476 0.192250 0.045761 0.066500
0 0.361778 0.169500 0.046887 0.070000
0 0.330833 0.217500 0.051013 0.070000
0 0.368155 0.245750 0.049137 0.066500
0 0.282633 0.231750 0.040885 0.065500
0 0.304014 0.278000 0.044636 0.061000
0 0.337772 0.300500 0.049137 0.067000
0 0.383908 0.341500 0.051388 0.068000
0 0.415979 0.299000 0.053263 0.065000
0 0.434734 0.364750 0.046512 0.062500
0 0.239497 0.292250 0.046887 0.056500
0 0.258815 0.329750 0.045761 0.072500
0 0.222431 0.347750 0.042011 0.064500
0 0.209677 0.403500 0.037509 0.066000
0 0.229932 0.457250 0.050263 0.071500
0 0.266692 0.413000 0.045011 0.066000
0 0.301575 0.371750 0.042761 0.073500
0 0.350338 0.401000 0.051013 0.069000
0 0.408665 0.413500 0.047637 0.065000
0 0.366279 0.471000 0.052888 0.071000
0 0.314141 0.496250 0.046887 0.068500
0 0.268380 0.488000 0.042386 0.069000
0 0.147599 0.483000 0.038635 0.061000
0 0.181920 0.517750 0.048012 0.072500
0 0.228245 0.529750 0.044636 0.059500
0 0.161103 0.556750 0.040885 0.054500
0 0.191298 0.581250 0.048012 0.070500
0 0.118530 0.572500 0.034509 0.047000
0 0.128282 0.622500 0.043511 0.073000
0 0.183983 0.647000 0.046137 0.071000
0 0.138410 0.696250 0.045761 0.070500
0 0.150413 0.754750 0.045761 0.062500
0 0.195986 0.715750 0.044636 0.062500
0 0.205926 0.772250 0.043511 0.061500
0 0.242873 0.771250 0.045386 0.061500
0 0.239122 0.625250 0.041635 0.064500
0 0.242311 0.674750 0.042761 0.060500
0 0.280758 0.711500 0.049137 0.070000
0 0.278882 0.580500 0.045386 0.064000
0 0.315641 0.671750 0.046887 0.066500
0 0.345086 0.600750 0.046512 0.071500
0 0.376782 0.647250 0.046887 0.072500
0 0.400413 0.693000 0.049137 0.068000
0 0.340960 0.736000 0.049512 0.069000
0 0.376219 0.538500 0.054764 0.062000
0 0.392348 0.589000 0.049512 0.069000
0 0.429295 0.537500 0.052888 0.065000
0 0.425544 0.477250 0.048387 0.061500
0 0.467367 0.419500 0.051763 0.073000
0 0.487622 0.359500 0.054014 0.068000
0 0.469430 0.290250 0.052888 0.065500
0 0.519692 0.444500 0.053638 0.074000
0 0.472806 0.494500 0.048387 0.066000
0 0.484809 0.564750 0.050638 0.070500
0 0.441485 0.590500 0.051013 0.071000
0 0.471493 0.647500 0.054764 0.074000
0 0.459677 0.716000 0.046887 0.074000
0 0.492123 0.721500 0.057764 0.071000
0 0.405101 0.761750 0.044261 0.072500
0 0.382033 0.803750 0.051388 0.059500
0 0.300263 0.775250 0.047637 0.064500
0 0.281133 0.822500 0.046887 0.066000
0 0.349775 0.843750 0.040135 0.062500
0 0.388785 0.880500 0.053638 0.071000
0 0.436797 0.864000 0.055889 0.075000
0 0.446924 0.796250 0.048387 0.073500
0 0.502251 0.803500 0.051013 0.075000
0 0.494186 0.868750 0.053638 0.065500
0 0.526632 0.928250 0.048762 0.074500
0 0.578207 0.929500 0.046887 0.075000
0 0.624719 0.935250 0.055139 0.068500
0 0.602963 0.862500 0.059640 0.074000
0 0.553076 0.851750 0.050638 0.070500
0 0.557014 0.783000 0.057014 0.081000
0 0.546137 0.695750 0.046512 0.069500
0 0.531695 0.623250 0.049887 0.071500
0 0.584396 0.644000 0.054014 0.077000
0 0.597524 0.706750 0.058515 0.074500
0 0.643661 0.784750 0.051013 0.077500
0 0.656039 0.838750 0.045761 0.072500
0 0.704989 0.790250 0.057389 0.076500
0 0.720368 0.728000 0.049887 0.068000
0 0.660915 0.714250 0.052513 0.070500
0 0.638597 0.650500 0.052888 0.067000
0 0.696549 0.665000 0.050263 0.072000
0 0.560203 0.575500 0.052888 0.064000
0 0.613466 0.575750 0.053638 0.080500
0 0.667104 0.588750 0.050638 0.069500
0 0.525506 0.509000 0.051013 0.065000
0 0.586084 0.512750 0.054389 0.066500
0 0.649287 0.513000 0.053263 0.068000
0 0.614029 0.459750 0.054764 0.071500
0 0.566954 0.424500 0.048387 0.072000
0 0.552888 0.358500 0.048762 0.067000
0 0.519692 0.238500 0.049137 0.065000
0 0.528695 0.282250 0.049887 0.075500
0 0.571830 0.252750 0.048387 0.064500
0 0.593023 0.309250 0.047262 0.066500
0 0.620030 0.375750 0.048012 0.076500
0 0.663728 0.414000 0.052138 0.074000
0 0.691673 0.475750 0.049512 0.071500
0 0.703676 0.543250 0.057764 0.065500
0 0.741373 0.607250 0.047637 0.072500