0 0.315829 0.118750 0.045011 0.080500
0 0.307014 0.169250 0.034134 0.060500
0 0.323331 0.201500 0.045761 0.073000
0 0.364404 0.187500 0.032633 0.079000
0 0.385034 0.188750 0.044636 0.084500
0 0.297449 0.205750 0.012753 0.022500
0 0.307764 0.244000 0.040885 0.071000
0 0.440548 0.130250 0.056639 0.096500
0 0.547449 0.074000 0.065641 0.107000
0 0.488747 0.196500 0.054764 0.093000
0 0.549325 0.170500 0.062641 0.094000
0 0.364966 0.263000 0.042761 0.073000
0 0.397412 0.258500 0.035634 0.074000
0 0.423293 0.254250 0.037884 0.081500
0 0.488935 0.282250 0.048387 0.084500
0 0.553263 0.262000 0.045011 0.086000
0 0.524569 0.346500 0.055889 0.074000
0 0.480870 0.363250 0.045761 0.075500
0 0.432858 0.322250 0.051013 0.074500
0 0.323706 0.308750 0.037509 0.063500
0 0.305889 0.299000 0.031883 0.064000
0 0.273256 0.284500 0.035634 0.066000
0 0.268755 0.333750 0.028882 0.058500
0 0.293323 0.352000 0.035259 0.066000
0 0.338710 0.357000 0.036759 0.051000
0 0.365904 0.374000 0.035634 0.064000
0 0.412603 0.398500 0.036009 0.070000
0 0.445424 0.398500 0.044636 0.079000
0 0.487059 0.431500 0.040885 0.075000
0 0.545761 0.422250 0.047262 0.074500
0 0.285259 0.404750 0.026632 0.065500
0 0.326894 0.413500 0.030383 0.062000
0 0.357652 0.403750 0.028882 0.057500
0 0.352401 0.455750 0.034134 0.060500
0 0.384284 0.440500 0.042386 0.066000
0 0.449737 0.472750 0.042761 0.068500
0 0.493248 0.498000 0.041260 0.074000
0 0.533946 0.492750 0.042386 0.076500
0 0.307389 0.455500 0.030383 0.060000
0 0.333646 0.497250 0.028882 0.057500
0 0.324456 0.513750 0.031508 0.052500
0 0.372468 0.512250 0.031508 0.060500
0 0.388972 0.498750 0.033008 0.065500
0 0.415041 0.503000 0.041635 0.063000
0 0.466242 0.533000 0.044261 0.063000
0 0.523443 0.564000 0.048387 0.072000
0 0.367217 0.568500 0.035259 0.059000
0 0.397599 0.557250 0.035259 0.055500
0 0.421418 0.553750 0.042386 0.058500
0 0.397787 0.619250 0.038635 0.063500
0 0.430795 0.605750 0.039385 0.062500
0 0.468492 0.599000 0.040510 0.069000
0 0.498875 0.590000 0.037509 0.061000
0 0.435109 0.659500 0.039010 0.060000
0 0.468305 0.658750 0.039385 0.059500
0 0.506939 0.649000 0.035634 0.068000
0 0.546887 0.642500 0.047262 0.071000
0 0.452176 0.717500 0.034884 0.055000
0 0.495124 0.708500 0.041260 0.051000
0 0.446174 0.754000 0.032633 0.057000
0 0.462116 0.797250 0.033008 0.051500
0 0.487059 0.796500 0.038635 0.066000
0 0.503188 0.754500 0.034134 0.056000
0 0.534696 0.752750 0.039385 0.066500
0 0.533196 0.795750 0.040135 0.053500
0 0.528132 0.830500 0.034509 0.052000
0 0.580645 0.237500 0.064516 0.107000
0 0.640848 0.194500 0.077644 0.115000
0 0.670293 0.289750 0.073518 0.106500
0 0.594149 0.333000 0.058515 0.080000
0 0.586272 0.419500 0.057764 0.088000
0 0.653788 0.363500 0.066017 0.089000
0 0.749437 0.374000 0.082521 0.106000
0 0.644224 0.451750 0.066392 0.102500
0 0.577457 0.494250 0.054389 0.076500
0 0.707427 0.442000 0.072018 0.097000
0 0.823331 0.410000 0.090023 0.103000
0 0.858027 0.498750 0.086647 0.096500
0 0.766879 0.513000 0.079895 0.093000
0 0.691673 0.521750 0.074269 0.086500
0 0.636347 0.532750 0.057389 0.082500
0 0.581395 0.554250 0.051013 0.064500
0 0.577457 0.605750 0.049887 0.076500
0 0.634096 0.594500 0.050638 0.067000
0 0.703113 0.581250 0.067142 0.074500
0 0.770630 0.585250 0.070893 0.080500
0 0.856152 0.594000 0.076894 0.090000
0 0.822393 0.658000 0.074644 0.086000
0 0.747374 0.643250 0.070143 0.077500
0 0.690923 0.622750 0.046512 0.070500
0 0.629782 0.693500 0.056264 0.066000
0 0.686234 0.695000 0.059640 0.068000
0 0.566204 0.705500 0.043886 0.063000
0 0.576144 0.759750 0.045011 0.065500
0 0.565266 0.800500 0.039760 0.048000
0 0.597899 0.822750 0.049512 0.060500
0 0.608777 0.760750 0.054014 0.061500
0 0.659040 0.757250 0.053263 0.068500
0 0.666167 0.805750 0.051013 0.072500
0 0.716429 0.782000 0.053263 0.069000
0 0.761440 0.751750 0.057014 0.074500
0 0.816579 0.765500 0.066017 0.083000
0 0.878282 0.815750 0.073893 0.085500