0 0.106902 0.375500 0.078770 0.095000
0 0.136534 0.311000 0.078770 0.094000
0 0.194111 0.402000 0.061890 0.083000
0 0.235184 0.456750 0.062266 0.085500
0 0.249437 0.361750 0.071268 0.086500
0 0.223368 0.246750 0.073143 0.095500
0 0.305326 0.238500 0.074269 0.100000
0 0.361965 0.196500 0.067517 0.099000
0 0.402663 0.282250 0.066392 0.091500
0 0.458177 0.232500 0.055889 0.089000
0 0.467179 0.318500 0.064891 0.089000
0 0.536947 0.389500 0.079895 0.099000
0 0.562078 0.325750 0.059640 0.081500
0 0.560953 0.230250 0.067892 0.103500
0 0.606527 0.253750 0.052513 0.097500
0 0.651725 0.258000 0.063391 0.096000
0 0.700300 0.239500 0.062266 0.081000
0 0.706489 0.324250 0.071643 0.079500
0 0.613653 0.340500 0.056264 0.081000
0 0.638972 0.353250 0.050638 0.079500
0 0.689610 0.394250 0.061890 0.065500
0 0.750375 0.409500 0.059640 0.083000
0 0.789760 0.319500 0.058890 0.065000
0 0.802701 0.383500 0.052513 0.072000
0 0.811328 0.443750 0.049512 0.065500
0 0.810015 0.239250 0.070893 0.095500
0 0.842648 0.303250 0.050638 0.078500
0 0.844524 0.356250 0.041635 0.071500
0 0.335146 0.320750 0.061890 0.091500
0 0.409227 0.372000 0.061515 0.081000
0 0.341148 0.410500 0.058890 0.093000
0 0.307952 0.469000 0.065266 0.070000
0 0.122656 0.493250 0.075769 0.094500
0 0.194674 0.508750 0.071268 0.084500
0 0.243998 0.564750 0.068642 0.095500
0 0.215679 0.633500 0.066767 0.088000
0 0.286384 0.652250 0.068642 0.086500
0 0.301763 0.588500 0.076144 0.094000
0 0.358215 0.516000 0.062266 0.089000
0 0.391410 0.448750 0.059640 0.084500
0 0.454989 0.447000 0.062266 0.088000
0 0.449175 0.527750 0.063391 0.073500
0 0.399475 0.579500 0.066767 0.078000
0 0.371343 0.646250 0.061515 0.084500
0 0.361028 0.718000 0.058890 0.071000
0 0.419167 0.733500 0.059640 0.071000
0 0.450113 0.697000 0.070518 0.077000
0 0.475056 0.623250 0.067892 0.089500
0 0.501500 0.675750 0.057764 0.073500
0 0.521193 0.749750 0.058890 0.079500
0 0.590210 0.728750 0.064891 0.063500
0 0.584021 0.793250 0.051013 0.069500
0 0.606714 0.673500 0.059640 0.088000
0 0.512566 0.547250 0.055889 0.079500
0 0.555701 0.582750 0.059640 0.078500
0 0.513316 0.454500 0.054389 0.067000
0 0.550075 0.495000 0.053638 0.078000
0 0.575394 0.414750 0.049512 0.084500
0 0.624531 0.434250 0.061515 0.084500
0 0.635596 0.524500 0.058890 0.082000
0 0.623781 0.587750 0.052513 0.078500
0 0.717929 0.598000 0.056264 0.087000
0 0.690548 0.664500 0.057764 0.089000
0 0.657727 0.734250 0.060390 0.074500
0 0.729370 0.733750 0.050638 0.066500
0 0.804201 0.729000 0.069767 0.088000
0 0.871530 0.711750 0.063391 0.085500
0 0.874344 0.779250 0.063016 0.061500
0 0.848087 0.842000 0.054014 0.086000
0 0.734996 0.494250 0.058140 0.089500
0 0.791448 0.559000 0.064516 0.095000
0 0.830458 0.590750 0.060765 0.079500