0 0.384587 0.116500 0.041900 0.054000
0 0.429106 0.082000 0.036663 0.052000
0 0.463150 0.061500 0.045642 0.051000
0 0.369809 0.232250 0.046764 0.058500
0 0.398242 0.188000 0.044519 0.056000
0 0.427984 0.149250 0.041900 0.046500
0 0.465021 0.107250 0.045642 0.057500
0 0.508230 0.104500 0.038533 0.057000
0 0.463337 0.159500 0.048260 0.062000
0 0.527123 0.129500 0.042649 0.065000
0 0.605312 0.077500 0.047138 0.069000
0 0.566966 0.120250 0.040778 0.054500
0 0.635241 0.117000 0.038908 0.057000
0 0.518331 0.186500 0.041526 0.061000
0 0.565470 0.162500 0.043771 0.054000
0 0.622896 0.169750 0.045642 0.050500
0 0.642349 0.213750 0.042649 0.059500
0 0.583801 0.215000 0.043023 0.066000
0 0.416760 0.232500 0.042649 0.056000
0 0.475683 0.226500 0.045267 0.064000
0 0.506734 0.254250 0.044519 0.053500
0 0.542088 0.249500 0.036663 0.051000
0 0.454358 0.278500 0.044519 0.056000
0 0.533670 0.288000 0.047512 0.067000
0 0.576693 0.270750 0.049009 0.050500
0 0.613917 0.258000 0.043397 0.048000
0 0.656753 0.286500 0.043023 0.061000
0 0.412645 0.294250 0.043397 0.059500
0 0.328096 0.333000 0.048634 0.058000
0 0.373737 0.333750 0.045642 0.062500
0 0.415638 0.364250 0.043397 0.058500
0 0.448934 0.329750 0.044145 0.051500
0 0.607370 0.316750 0.044519 0.056500
0 0.711560 0.326500 0.043397 0.056000
0 0.640479 0.356500 0.046390 0.062000
0 0.679761 0.369500 0.043397 0.058000
0 0.710064 0.406250 0.044893 0.056500
0 0.561354 0.357500 0.046016 0.056000
0 0.659371 0.422250 0.041526 0.061500
0 0.747662 0.453250 0.045267 0.056500
0 0.487093 0.362750 0.047886 0.051500
0 0.526936 0.382250 0.042275 0.053500
0 0.568649 0.405500 0.046390 0.060000
0 0.613169 0.400500 0.041900 0.054000
0 0.611859 0.457500 0.043771 0.055000
0 0.693042 0.468250 0.045267 0.053500
0 0.763000 0.495000 0.038533 0.053000
0 0.327722 0.397500 0.050879 0.063000
0 0.377853 0.398250 0.047886 0.058500
0 0.293116 0.447500 0.046764 0.060000
0 0.352600 0.440000 0.043771 0.060000
0 0.448186 0.414750 0.047886 0.062500
0 0.503180 0.427000 0.048634 0.061000
0 0.549570 0.455500 0.047886 0.056000
0 0.401983 0.455750 0.044519 0.055500
0 0.468575 0.470000 0.047512 0.061000
0 0.276281 0.490250 0.034044 0.038500
0 0.306584 0.517000 0.047512 0.064000
0 0.348298 0.505250 0.047886 0.061500
0 0.399738 0.504500 0.046016 0.061000
0 0.440516 0.508000 0.043771 0.053000
0 0.483165 0.524500 0.046764 0.061000
0 0.525627 0.517250 0.044893 0.062500
0 0.581743 0.494000 0.042649 0.061000
0 0.621773 0.523000 0.045642 0.064000
0 0.660868 0.511250 0.046764 0.063500
0 0.709315 0.519250 0.044893 0.058500
0 0.742798 0.547250 0.037785 0.053500
0 0.560606 0.555500 0.043771 0.062000
0 0.599888 0.575000 0.043771 0.055000
0 0.665170 0.573250 0.047886 0.060500
0 0.700711 0.578000 0.041900 0.066000
0 0.738309 0.613500 0.044519 0.060000
0 0.713056 0.652750 0.041900 0.062500
0 0.644220 0.614500 0.045642 0.054000
0 0.508979 0.580500 0.047512 0.057000
0 0.556117 0.615750 0.050505 0.064500
0 0.594463 0.631500 0.037411 0.059000
0 0.619342 0.678000 0.046764 0.064000
0 0.658249 0.669250 0.040030 0.053500
0 0.692854 0.724250 0.044893 0.059500
0 0.732136 0.707500 0.044893 0.057000
0 0.329592 0.609250 0.051627 0.066500
0 0.258698 0.718500 0.049009 0.065000
0 0.369622 0.650750 0.047138 0.058500
0 0.479237 0.617750 0.045642 0.066500
0 0.308081 0.696000 0.043771 0.058000
0 0.400486 0.696250 0.041526 0.065500
0 0.443509 0.684750 0.042275 0.066500
0 0.489525 0.691500 0.048260 0.063000
0 0.518893 0.648000 0.045642 0.065000
0 0.298915 0.757250 0.048634 0.062500
0 0.279648 0.811250 0.044519 0.060500
0 0.297419 0.880000 0.047138 0.068000
0 0.342873 0.895250 0.048260 0.073500
0 0.410400 0.834000 0.047886 0.066000
0 0.430976 0.746000 0.049383 0.065000
0 0.534044 0.706250 0.046016 0.069500
0 0.575945 0.682500 0.052750 0.066000
0 0.502058 0.746250 0.053124 0.068500
0 0.599514 0.728250 0.049009 0.058500
0 0.647587 0.729750 0.049383 0.062500
0 0.404040 0.892000 0.045642 0.062000
0 0.466143 0.810250 0.049383 0.065500
0 0.518519 0.801750 0.047138 0.062500
0 0.560793 0.760000 0.043397 0.064000
0 0.452488 0.864000 0.049757 0.063000
0 0.495137 0.843500 0.049757 0.063000
0 0.515900 0.900250 0.045642 0.054500
0 0.542649 0.851750 0.049757 0.066500
0 0.589600 0.828000 0.041152 0.066000
0 0.616349 0.784500 0.046764 0.058000
0 0.679574 0.782500 0.043023 0.064000
0 0.726337 0.762750 0.043771 0.063500
0 0.567527 0.886250 0.041900 0.058500
0 0.553311 0.924000 0.049383 0.066000
0 0.631313 0.845500 0.049009 0.060000
0 0.622522 0.899250 0.043397 0.059500
0 0.591844 0.931500 0.041900 0.058000
0 0.631126 0.954500 0.043397 0.058000
0 0.668163 0.918250 0.044893 0.058500
0 0.671904 0.852000 0.043397 0.055000
0 0.708006 0.819000 0.043771 0.060000
0 0.344557 0.708000 0.050131 0.059000