0 0.166542 0.679750 0.048012 0.072500
0 0.177794 0.742250 0.045761 0.063500
0 0.221118 0.743000 0.055889 0.085000
0 0.177044 0.608250 0.049512 0.064500
0 0.230683 0.644750 0.065266 0.078500
0 0.264441 0.684000 0.052513 0.075000
0 0.276632 0.748500 0.052138 0.070000
0 0.319580 0.788000 0.062266 0.066000
0 0.393098 0.745250 0.051763 0.071500
0 0.317704 0.700500 0.057014 0.074000
0 0.377344 0.689000 0.054014 0.063000
0 0.435671 0.716250 0.058890 0.069500
0 0.474306 0.756750 0.052888 0.067500
0 0.527007 0.770250 0.057764 0.077500
0 0.493248 0.686500 0.060765 0.068000
0 0.480870 0.624250 0.054764 0.076500
0 0.424419 0.645750 0.056639 0.074500
0 0.371155 0.612500 0.052138 0.068000
0 0.303451 0.618000 0.060015 0.076000
0 0.258065 0.550250 0.060015 0.074500
0 0.198425 0.572000 0.057014 0.069000
0 0.222243 0.495000 0.063391 0.075000
0 0.232371 0.421000 0.061890 0.078000
0 0.259752 0.345000 0.055139 0.086000
0 0.301388 0.421500 0.058140 0.084000
0 0.286759 0.492500 0.060390 0.076000
0 0.318080 0.550250 0.057764 0.066500
0 0.367592 0.492000 0.063016 0.079000
0 0.379782 0.551250 0.054389 0.063500
0 0.431358 0.580250 0.068267 0.081500
0 0.441110 0.497250 0.058515 0.077500
0 0.360653 0.414750 0.061890 0.082500
0 0.330270 0.347000 0.061140 0.083000
0 0.303826 0.272750 0.055514 0.076500
0 0.353713 0.285500 0.062266 0.087000
0 0.407539 0.344250 0.057389 0.083500
0 0.454614 0.320500 0.064516 0.092000
0 0.424044 0.236000 0.057389 0.089000
0 0.455739 0.170000 0.069767 0.099000
0 0.507689 0.246000 0.061140 0.086000
0 0.556639 0.178000 0.070518 0.098000
0 0.591523 0.238000 0.054764 0.075000
0 0.593586 0.316500 0.054389 0.085000
0 0.531695 0.318500 0.056639 0.077000
0 0.500375 0.380500 0.046512 0.073000
0 0.440360 0.419500 0.064516 0.085000
0 0.490435 0.464750 0.055139 0.065500
0 0.544449 0.447000 0.060390 0.086000
0 0.597712 0.469000 0.055889 0.076000
0 0.593211 0.392750 0.058140 0.073500
0 0.651913 0.413750 0.059265 0.072500
0 0.650413 0.333000 0.060765 0.084000
0 0.661665 0.252500 0.067517 0.084000
0 0.619280 0.156000 0.060765 0.086000
0 0.671793 0.171250 0.055514 0.075500
0 0.493248 0.552750 0.054764 0.071500
0 0.546137 0.551250 0.056264 0.079500
0 0.602401 0.573750 0.064516 0.070500
0 0.540323 0.624500 0.061140 0.082000
0 0.552138 0.686000 0.055514 0.069000
0 0.609152 0.703000 0.054764 0.074000
0 0.581583 0.750750 0.052888 0.072500
0 0.634096 0.765000 0.058890 0.075000
0 0.677607 0.689500 0.061140 0.076000
0 0.695049 0.759250 0.055514 0.065500
0 0.661103 0.595000 0.057389 0.070000
0 0.648537 0.522750 0.066767 0.074500
0 0.702551 0.488500 0.063766 0.079000
0 0.718305 0.562750 0.064516 0.065500
0 0.719992 0.635750 0.059640 0.082500
0 0.710615 0.406250 0.052888 0.075500
0 0.713428 0.333750 0.063766 0.084500
0 0.764441 0.333250 0.045761 0.081500
0 0.739310 0.251500 0.063016 0.090000
0 0.787134 0.212000 0.057389 0.088000
0 0.835334 0.254750 0.052513 0.070500
0 0.894036 0.308500 0.061140 0.086000
0 0.850338 0.336000 0.059265 0.083000
0 0.841148 0.410250 0.052138 0.077500
0 0.822581 0.459250 0.070518 0.093500
0 0.770443 0.520750 0.054014 0.076500
0 0.830645 0.573750 0.058140 0.075500
0 0.788635 0.620000 0.067892 0.080000
0 0.802138 0.682250 0.053638 0.076500
0 0.732933 0.699000 0.063766 0.067000
0 0.749625 0.755500 0.053638 0.061000
0 0.804014 0.766500 0.049887 0.065000
0 0.852026 0.727750 0.048387 0.079500
0 0.875656 0.671750 0.065641 0.072500
0 0.906789 0.603250 0.068642 0.080500
0 0.928732 0.531000 0.068267 0.068000
0 0.894786 0.475000 0.058890 0.074000
0 0.832146 0.496250 0.066392 0.065500
0 0.609340 0.641250 0.059640 0.075500