0 0.121905 0.572000 0.076519 0.086000
0 0.167854 0.643500 0.070893 0.075000
0 0.227869 0.632500 0.072393 0.082000
0 0.282821 0.665250 0.066767 0.086500
0 0.329707 0.712250 0.060015 0.075500
0 0.318642 0.614750 0.058890 0.084500
0 0.184546 0.545000 0.070518 0.082000
0 0.231620 0.520500 0.062641 0.082000
0 0.322581 0.510250 0.078770 0.088500
0 0.130158 0.472500 0.072018 0.076000
0 0.133721 0.388500 0.079145 0.100000
0 0.183046 0.346250 0.076519 0.092500
0 0.241748 0.246250 0.076894 0.102500
0 0.278132 0.338250 0.067892 0.089500
0 0.264629 0.429250 0.072393 0.092500
0 0.333646 0.420000 0.067892 0.090000
0 0.348650 0.348000 0.067142 0.092000
0 0.311703 0.255750 0.072018 0.085500
0 0.268942 0.154250 0.074269 0.097500
0 0.353713 0.155000 0.066017 0.099000
0 0.388410 0.088000 0.065641 0.090000
0 0.460428 0.071000 0.078395 0.104000
0 0.422731 0.166500 0.064516 0.079000
0 0.378657 0.229250 0.074644 0.089500
0 0.455364 0.243000 0.071268 0.106000
0 0.422543 0.324250 0.070893 0.094500
0 0.389160 0.410750 0.063391 0.091500
0 0.450863 0.398000 0.064516 0.088000
0 0.415979 0.492250 0.057764 0.083500
0 0.402476 0.568500 0.061515 0.084000
0 0.378657 0.622000 0.059640 0.080000
0 0.421980 0.702500 0.061515 0.081000
0 0.481808 0.671250 0.055889 0.074500
0 0.532258 0.702500 0.061515 0.077000
0 0.470368 0.593750 0.056264 0.078500
0 0.521005 0.608000 0.051763 0.079000
0 0.504314 0.509500 0.049137 0.077000
0 0.476744 0.462250 0.056264 0.070500
0 0.524194 0.399250 0.061890 0.081500
0 0.496437 0.324250 0.063391 0.079500
0 0.520818 0.227750 0.059640 0.084500
0 0.569205 0.168500 0.066392 0.089000
0 0.608777 0.274000 0.057014 0.088000
0 0.580458 0.350750 0.064891 0.089500
0 0.566204 0.466250 0.055139 0.081500
0 0.577644 0.545250 0.057764 0.080500
0 0.577832 0.641750 0.058140 0.068500
0 0.624344 0.686500 0.051388 0.070000
0 0.681358 0.647000 0.055889 0.075000
0 0.723181 0.645250 0.046512 0.066500
0 0.634096 0.604250 0.056639 0.073500
0 0.677044 0.584500 0.049512 0.076000
0 0.635409 0.529500 0.057764 0.079000
0 0.625281 0.447750 0.052513 0.073500
0 0.683983 0.474000 0.049887 0.083000
0 0.738185 0.586750 0.053263 0.080500
0 0.717929 0.508000 0.054014 0.071000
0 0.630720 0.361500 0.056639 0.079000
0 0.682858 0.391750 0.061140 0.086500
0 0.743061 0.452500 0.058515 0.077000
0 0.746999 0.368750 0.055889 0.075500
0 0.671230 0.280750 0.061140 0.088500
0 0.729182 0.310250 0.059265 0.093500
0 0.661853 0.188500 0.067142 0.095000
0 0.721118 0.207250 0.064141 0.089500
0 0.755251 0.147500 0.061140 0.093000
0 0.830270 0.213000 0.059640 0.084000
0 0.791073 0.303500 0.057764 0.085000
0 0.808702 0.372750 0.065266 0.090500
0 0.804951 0.457500 0.055514 0.091000
0 0.787697 0.539000 0.066767 0.076000
0 0.847524 0.294500 0.068642 0.085000
0 0.863278 0.431500 0.055139 0.072000
0 0.920105 0.475750 0.059265 0.074500
0 0.838335 0.477250 0.052513 0.071500
0 0.862341 0.547250 0.052513 0.077500
0 0.912416 0.564000 0.052888 0.080000
0 0.900788 0.629000 0.057389 0.065000
0 0.836834 0.630250 0.051013 0.065500
0 0.780383 0.592750 0.061890 0.065500
0 0.958927 0.634250 0.047637 0.072500