0 0.100525 0.642000 0.062266 0.066000
0 0.178920 0.647500 0.064516 0.063000
0 0.265004 0.654250 0.056639 0.074500
0 0.338897 0.719500 0.055139 0.074000
0 0.389347 0.661000 0.049512 0.063000
0 0.414104 0.706250 0.048762 0.064500
0 0.463428 0.723250 0.052138 0.067500
0 0.481058 0.655750 0.049887 0.075500
0 0.513503 0.688500 0.047262 0.066000
0 0.509940 0.771500 0.049137 0.071000
0 0.491560 0.582750 0.057389 0.067500
0 0.431733 0.605000 0.057014 0.064000
0 0.377532 0.604500 0.057389 0.079000
0 0.320330 0.613250 0.051763 0.083500
0 0.145349 0.574000 0.061890 0.073000
0 0.142911 0.493750 0.064516 0.080500
0 0.210615 0.571250 0.067892 0.072500
0 0.255064 0.502000 0.064516 0.077000
0 0.278320 0.569250 0.062266 0.080500
0 0.322206 0.525750 0.060765 0.071500
0 0.407352 0.512250 0.057014 0.082500
0 0.457989 0.535250 0.054764 0.069500
0 0.503563 0.507000 0.053638 0.061000
0 0.521755 0.438750 0.052513 0.075500
0 0.529632 0.349000 0.049512 0.081000
0 0.483496 0.374750 0.056264 0.083500
0 0.458177 0.440750 0.056639 0.079500
0 0.399100 0.421000 0.060015 0.076000
0 0.349400 0.455250 0.062641 0.078500
0 0.287134 0.439000 0.057389 0.075000
0 0.210615 0.421000 0.062641 0.074000
0 0.149475 0.402750 0.067142 0.078500
0 0.191673 0.337750 0.062266 0.093500
0 0.230870 0.279500 0.058140 0.090000
0 0.259377 0.367500 0.059640 0.080000
0 0.322393 0.373750 0.065641 0.085500
0 0.384659 0.352250 0.058140 0.074500
0 0.300075 0.288500 0.070518 0.093000
0 0.370218 0.273000 0.060015 0.085000
0 0.851088 0.430750 0.053263 0.065500
0 0.803263 0.449250 0.053638 0.061500
0 0.775131 0.374250 0.055139 0.072500
0 0.729745 0.374250 0.052138 0.077500
0 0.659040 0.363000 0.051013 0.074000
0 0.601463 0.429500 0.054389 0.083000
0 0.559077 0.471750 0.046887 0.074500
0 0.689797 0.436250 0.051013 0.063500
0 0.747749 0.434750 0.049887 0.077500
0 0.864779 0.499750 0.048387 0.067500
0 0.816954 0.517500 0.047262 0.067000
0 0.758627 0.498750 0.040885 0.066500
0 0.689797 0.511000 0.051013 0.080000
0 0.634659 0.491000 0.054014 0.073000
0 0.555701 0.550000 0.061140 0.075000
0 0.624531 0.561500 0.046512 0.074000
0 0.660353 0.578750 0.044636 0.066500
0 0.729932 0.556750 0.046512 0.070500
0 0.783196 0.577000 0.051763 0.068000
0 0.845836 0.567000 0.045011 0.069000
0 0.888785 0.526000 0.044636 0.070000
0 0.882971 0.583750 0.045011 0.064500
0 0.847899 0.627250 0.040885 0.063500
0 0.809265 0.626750 0.043886 0.063500
0 0.746624 0.616750 0.043886 0.068500
0 0.707427 0.613750 0.039760 0.072500
0 0.624719 0.631750 0.049137 0.072500
0 0.582146 0.604750 0.053263 0.068500
0 0.532258 0.634000 0.053263 0.072000
0 0.567704 0.668000 0.050638 0.063000
0 0.614404 0.690250 0.050263 0.062500
0 0.671980 0.664500 0.053638 0.073000
0 0.719055 0.672500 0.040510 0.071000
0 0.781695 0.683750 0.043511 0.063500
0 0.824269 0.679250 0.043886 0.066500
0 0.742123 0.728750 0.038635 0.058500
0 0.702551 0.735250 0.042011 0.062500
0 0.648537 0.719000 0.048012 0.066000
0 0.599587 0.750500 0.048387 0.064000
0 0.551575 0.721500 0.052888 0.058000
0 0.663916 0.792000 0.045011 0.060000