0 0.044824 0.378750 0.063391 0.084500
0 0.076144 0.452750 0.058515 0.078500
0 0.087022 0.323500 0.057014 0.083000
0 0.112153 0.409750 0.060765 0.079500
0 0.116279 0.493750 0.061515 0.083500
0 0.077082 0.548000 0.058890 0.071000
0 0.085146 0.635500 0.060765 0.082000
0 0.079145 0.726000 0.060015 0.082000
0 0.156227 0.718250 0.063391 0.078500
0 0.175544 0.641500 0.046512 0.082000
0 0.142536 0.575750 0.065266 0.068500
0 0.177419 0.513000 0.062266 0.071000
0 0.170855 0.447500 0.058890 0.070000
0 0.185484 0.382750 0.066392 0.078500
0 0.170105 0.306500 0.062641 0.082000
0 0.180983 0.233250 0.060390 0.083500
0 0.240810 0.240500 0.064516 0.076000
0 0.266879 0.315750 0.058890 0.077500
0 0.253751 0.396000 0.059640 0.088000
0 0.316579 0.405250 0.062266 0.103500
0 0.373781 0.407000 0.058890 0.085000
0 0.416542 0.451000 0.068642 0.087000
0 0.278132 0.155000 0.059640 0.083000
0 0.341148 0.180750 0.069392 0.103500
0 0.312266 0.250250 0.067892 0.080500
0 0.338522 0.322500 0.064141 0.076000
0 0.377157 0.270750 0.060390 0.080500
0 0.412041 0.344250 0.058140 0.085500
0 0.440548 0.202000 0.067892 0.088000
0 0.451425 0.288500 0.058890 0.082000
0 0.464929 0.372750 0.064141 0.079500
0 0.505251 0.261750 0.060015 0.094500
0 0.517817 0.341750 0.058140 0.085500
0 0.509002 0.409250 0.052513 0.066500
0 0.261628 0.487000 0.058890 0.087000
0 0.245499 0.534750 0.055139 0.061500
0 0.318455 0.490750 0.051763 0.077500
0 0.344149 0.572250 0.058140 0.073500
0 0.308140 0.580250 0.041635 0.073500
0 0.222993 0.630500 0.063391 0.075000
0 0.276444 0.657750 0.050263 0.071500
0 0.227494 0.703500 0.054389 0.076000
0 0.292198 0.725500 0.053263 0.064000
0 0.330645 0.678750 0.050638 0.069500
0 0.343398 0.722500 0.046887 0.064000
0 0.373593 0.658500 0.057014 0.070000
0 0.397224 0.743500 0.060765 0.071000
0 0.393098 0.799250 0.054014 0.055500
0 0.454801 0.801750 0.050638 0.067500
0 0.506002 0.820000 0.056264 0.070000
0 0.559452 0.811250 0.052138 0.067500
0 0.500375 0.743750 0.053263 0.062500
0 0.438485 0.688250 0.048762 0.055500
0 0.447299 0.640250 0.058140 0.062500
0 0.490248 0.674500 0.057014 0.064000
0 0.499437 0.609250 0.051388 0.066500
0 0.400788 0.599250 0.055139 0.067500
0 0.407914 0.530250 0.060390 0.074500
0 0.454614 0.560750 0.054014 0.077500
0 0.505251 0.543500 0.050263 0.070000
0 0.546324 0.587750 0.049887 0.071500
0 0.547637 0.673250 0.052513 0.073500
0 0.570330 0.724000 0.050638 0.071000
0 0.606527 0.774500 0.048762 0.076000
0 0.600338 0.673250 0.054389 0.063500
0 0.653226 0.729500 0.053638 0.065000
0 0.651725 0.777750 0.052138 0.050500
0 0.708552 0.754000 0.048762 0.069000
0 0.752626 0.739500 0.047637 0.071000
0 0.601088 0.614000 0.059640 0.064000
0 0.648162 0.639000 0.048762 0.077000
0 0.693736 0.649750 0.051388 0.055500
0 0.746249 0.638500 0.053638 0.064000
0 0.807764 0.636250 0.053638 0.073500
0 0.740248 0.580750 0.055889 0.067500
0 0.686422 0.590750 0.044261 0.067500
0 0.776819 0.577000 0.053263 0.056000
0 0.786947 0.534250 0.057764 0.064500
0 0.643098 0.563250 0.058140 0.060500
0 0.647224 0.502500 0.055889 0.071000
0 0.683421 0.505000 0.044261 0.056000
0 0.720743 0.459750 0.046887 0.055500
0 0.705176 0.421500 0.051763 0.066000
0 0.632971 0.406750 0.053638 0.082500
0 0.573331 0.508000 0.058890 0.069000
0 0.478620 0.482750 0.054014 0.069500
0 0.530570 0.467750 0.055889 0.084500
0 0.581020 0.438250 0.054764 0.066500
0 0.574456 0.366250 0.066392 0.082500
0 0.633533 0.322250 0.053263 0.082500
0 0.681920 0.358000 0.060015 0.076000
0 0.577644 0.278500 0.053263 0.079000
0 0.767067 0.405250 0.054764 0.074500
0 0.733683 0.325250 0.054014 0.079500
0 0.692423 0.280500 0.054014 0.074000
0 0.643661 0.222750 0.059265 0.079500
0 0.536947 0.144250 0.061140 0.095500
0 0.580270 0.187000 0.060015 0.092000
0 0.581583 0.093750 0.053638 0.088500
0 0.628470 0.143250 0.054389 0.085500
0 0.688297 0.166750 0.057764 0.090500
0 0.745874 0.233250 0.065641 0.079500
0 0.767442 0.155500 0.061515 0.088000
0 0.806077 0.202500 0.056264 0.081000
0 0.789760 0.287250 0.057389 0.081500
0 0.835146 0.269750 0.046887 0.071500
0 0.888410 0.292000 0.049137 0.081000
0 0.858965 0.117000 0.057014 0.090000
0 0.874344 0.197500 0.055514 0.088000
0 0.936234 0.192500 0.057014 0.082000
0 0.833083 0.401250 0.054014 0.072500
0 0.927044 0.380000 0.055139 0.081000
0 0.967367 0.504000 0.060015 0.090000
0 0.909227 0.545000 0.069767 0.096000