0 0.160728 0.518250 0.044636 0.070500
0 0.181170 0.572000 0.055514 0.077000
0 0.210803 0.504000 0.048012 0.076000
0 0.245499 0.542250 0.053638 0.078500
0 0.180045 0.645500 0.049512 0.077000
0 0.209302 0.695750 0.048012 0.082500
0 0.225806 0.619000 0.048762 0.082000
0 0.206489 0.423000 0.046137 0.076000
0 0.251688 0.380750 0.049512 0.075500
0 0.259565 0.311500 0.047262 0.067000
0 0.302326 0.336000 0.055514 0.076000
0 0.296137 0.407250 0.052888 0.073500
0 0.253563 0.464500 0.050263 0.082000
0 0.300075 0.487500 0.052513 0.076000
0 0.334021 0.459750 0.058140 0.078500
0 0.332896 0.532500 0.055889 0.078000
0 0.295011 0.575000 0.050638 0.080000
0 0.269692 0.648500 0.051763 0.087000
0 0.252813 0.731750 0.054764 0.073500
0 0.311328 0.689000 0.055514 0.078000
0 0.353901 0.737500 0.054389 0.090000
0 0.407539 0.741750 0.060390 0.091500
0 0.382033 0.651750 0.055139 0.090500
0 0.326519 0.611750 0.061890 0.082500
0 0.387097 0.494500 0.057014 0.086000
0 0.403601 0.569250 0.062266 0.084500
0 0.353526 0.315250 0.054389 0.077500
0 0.384096 0.394250 0.054014 0.084500
0 0.424419 0.429500 0.059640 0.074000
0 0.418230 0.306250 0.055514 0.075500
0 0.452551 0.351000 0.056639 0.091000
0 0.482371 0.429250 0.054014 0.087500
0 0.450300 0.505250 0.057389 0.081500
0 0.472993 0.577000 0.070518 0.085000
0 0.444486 0.660000 0.063016 0.091000
0 0.483496 0.744250 0.066017 0.094500
0 0.510503 0.662500 0.054764 0.100000
0 0.542573 0.584250 0.061890 0.086500
0 0.511628 0.508500 0.063766 0.090000
0 0.517629 0.312250 0.054764 0.083500
0 0.533383 0.385500 0.059265 0.088000
0 0.556452 0.443000 0.065641 0.098000
0 0.580270 0.321750 0.057764 0.090500
0 0.617779 0.385500 0.063766 0.094000
0 0.679295 0.356250 0.073518 0.091500
0 0.727119 0.410000 0.065641 0.102000
0 0.669355 0.494000 0.074644 0.094000
0 0.601838 0.508750 0.073893 0.093500
0 0.607464 0.594250 0.064891 0.095500
0 0.572018 0.670500 0.064516 0.095000
0 0.549512 0.754750 0.066017 0.086500
0 0.623593 0.781000 0.071643 0.100000
0 0.691860 0.783000 0.076894 0.099000
0 0.635221 0.682750 0.070143 0.099500
0 0.668980 0.594750 0.067142 0.104500
0 0.731808 0.540500 0.073518 0.089000
0 0.782821 0.465750 0.076519 0.088500
0 0.842273 0.425250 0.081395 0.098500
0 0.804951 0.552000 0.077269 0.100000
0 0.712303 0.678000 0.066017 0.098000
0 0.778695 0.642000 0.075769 0.091000
0 0.769130 0.737750 0.076894 0.096500
0 0.749625 0.849750 0.079145 0.110500
0 0.851463 0.707750 0.080270 0.112500
0 0.898725 0.638750 0.087772 0.103500
0 0.886347 0.526250 0.087022 0.092500
0 0.900600 0.484500 0.052513 0.056000