0 0.096587 0.069000 0.078395 0.118000
0 0.033383 0.195250 0.065266 0.107500
0 0.063953 0.286500 0.067142 0.102000
0 0.099400 0.231750 0.063766 0.110500
0 0.102963 0.363250 0.078395 0.112500
0 0.105964 0.457000 0.061140 0.098000
0 0.135034 0.547500 0.062266 0.085000
0 0.129782 0.605250 0.070518 0.076500
0 0.218680 0.605000 0.066767 0.086000
0 0.222431 0.508000 0.062266 0.096000
0 0.158665 0.448500 0.076519 0.085000
0 0.167104 0.313500 0.073893 0.090000
0 0.211365 0.216250 0.072393 0.112500
0 0.177982 0.171250 0.050638 0.082500
0 0.276444 0.099500 0.079520 0.121000
0 0.302888 0.186500 0.084396 0.113000
0 0.291823 0.296500 0.070518 0.091000
0 0.268755 0.396750 0.065641 0.101500
0 0.304764 0.490750 0.070893 0.090500
0 0.293511 0.554500 0.064141 0.086000
0 0.263316 0.664250 0.067517 0.076500
0 0.335334 0.694750 0.070518 0.085500
0 0.373781 0.758500 0.060390 0.066000
0 0.344711 0.616750 0.066017 0.076500
0 0.336834 0.433500 0.072018 0.092000
0 0.353901 0.328000 0.078395 0.090000
0 0.376407 0.092250 0.075394 0.110500
0 0.490998 0.056250 0.070518 0.110500
0 0.456302 0.154750 0.072393 0.097500
0 0.400413 0.244750 0.073893 0.097500
0 0.454239 0.297500 0.069767 0.095000
0 0.395724 0.389000 0.064516 0.100000
0 0.471680 0.396750 0.081395 0.093500
0 0.428920 0.473000 0.058890 0.095000
0 0.427232 0.571500 0.065266 0.068000
0 0.417854 0.673000 0.054014 0.086000
0 0.432296 0.769250 0.053638 0.081500
0 0.445799 0.832750 0.052888 0.072500
0 0.508627 0.877750 0.068267 0.065500
0 0.558327 0.867250 0.046137 0.075500
0 0.617217 0.877250 0.057389 0.066500
0 0.504314 0.817750 0.056639 0.073500
0 0.568830 0.812250 0.058140 0.070500
0 0.526819 0.736500 0.064141 0.085000
0 0.600900 0.710250 0.068267 0.073500
0 0.619842 0.775000 0.058140 0.068000
0 0.478807 0.663250 0.062641 0.086500
0 0.561890 0.639000 0.069017 0.086000
0 0.476182 0.552500 0.057389 0.095000
0 0.550075 0.564000 0.076894 0.091000
0 0.508252 0.478250 0.073518 0.078500
0 0.590398 0.492500 0.072018 0.098000
0 0.592461 0.396750 0.070143 0.101500
0 0.559265 0.281000 0.069017 0.080000
0 0.500563 0.218500 0.062641 0.088000
0 0.530383 0.114750 0.069767 0.107500
0 0.633346 0.098500 0.079145 0.096000
0 0.591523 0.189500 0.075769 0.100000
0 0.632783 0.274750 0.068267 0.103500
0 0.653601 0.366750 0.076144 0.107500
0 0.709490 0.165250 0.080645 0.115500
0 0.753938 0.104750 0.073518 0.102500
0 0.775881 0.194750 0.081395 0.108500
0 0.789197 0.292750 0.066767 0.089500
0 0.726744 0.415750 0.075394 0.098500
0 0.827269 0.414250 0.080645 0.099500
0 0.760315 0.476250 0.066017 0.084500
0 0.826332 0.539500 0.075769 0.087000
0 0.695799 0.509750 0.073518 0.089500
0 0.633908 0.571250 0.069017 0.099500
0 0.723368 0.592500 0.077644 0.094000
0 0.758627 0.636500 0.067142 0.085000
0 0.651725 0.650250 0.082896 0.087500
0 0.681920 0.699250 0.075019 0.072500
0 0.774944 0.748500 0.076519 0.088000
0 0.833083 0.703750 0.050263 0.082500
0 0.697862 0.781000 0.059640 0.076000
0 0.653976 0.838750 0.060390 0.079500
0 0.687547 0.911000 0.063766 0.080000
0 0.734809 0.927250 0.066767 0.077500
0 0.731058 0.859250 0.059265 0.081500
0 0.781883 0.787500 0.061890 0.077000