0 0.275346 0.285000 0.039656 0.059000
0 0.324168 0.371500 0.040778 0.056000
0 0.365133 0.400250 0.041152 0.054500
0 0.397681 0.449500 0.036663 0.056000
0 0.417695 0.489250 0.039282 0.053500
0 0.441077 0.448500 0.038159 0.053000
0 0.419940 0.407750 0.042275 0.052500
0 0.362327 0.337500 0.040030 0.059000
0 0.406846 0.348000 0.037037 0.055000
0 0.367939 0.277250 0.043023 0.057500
0 0.395997 0.262500 0.037037 0.051000
0 0.437523 0.292750 0.043023 0.054500
0 0.457912 0.332750 0.038908 0.049500
0 0.457725 0.254500 0.034792 0.044000
0 0.492518 0.276000 0.035541 0.045000
0 0.500561 0.220750 0.038908 0.047500
0 0.532922 0.147750 0.040030 0.052500
0 0.557800 0.195000 0.036663 0.052000
0 0.535915 0.240500 0.037037 0.049000
0 0.534605 0.296250 0.039656 0.051500
0 0.512346 0.322250 0.037037 0.051500
0 0.548822 0.345750 0.037411 0.050500
0 0.492518 0.370250 0.038533 0.048500
0 0.530677 0.388000 0.040030 0.054000
0 0.481107 0.450500 0.040404 0.049000
0 0.508792 0.440750 0.031425 0.046500
0 0.544706 0.448000 0.038159 0.050000
0 0.515152 0.489500 0.038908 0.050000
0 0.462776 0.502000 0.035915 0.052000
0 0.485223 0.541750 0.038908 0.052500
0 0.448560 0.562250 0.043397 0.058500
0 0.407594 0.600500 0.037785 0.060000
0 0.436214 0.638000 0.037411 0.061000
0 0.472129 0.657250 0.036663 0.061500
0 0.478489 0.602500 0.039656 0.056000
0 0.518893 0.599250 0.041900 0.062500
0 0.530303 0.536750 0.036289 0.051500
0 0.569959 0.540500 0.033296 0.054000
0 0.565844 0.487000 0.038533 0.052000
0 0.604003 0.572250 0.039282 0.055500
0 0.615226 0.519500 0.035541 0.058000
0 0.635802 0.567000 0.030303 0.054000
0 0.566031 0.411000 0.028432 0.041000
0 0.584736 0.448000 0.037411 0.050000
0 0.618780 0.465000 0.037411 0.056000
0 0.607370 0.413750 0.035541 0.054500
0 0.446315 0.724750 0.039656 0.059500
0 0.426113 0.777000 0.044145 0.054000
0 0.430228 0.840250 0.038908 0.062500
0 0.471380 0.833000 0.043397 0.060000
0 0.509353 0.871750 0.046016 0.057500
0 0.471380 0.905750 0.042649 0.054500
0 0.560232 0.834000 0.041526 0.056000
0 0.560793 0.913000 0.044893 0.065000
0 0.582305 0.950000 0.039282 0.058000
0 0.615975 0.921000 0.039282 0.063000
0 0.471942 0.772500 0.042275 0.059000
0 0.509914 0.765250 0.044893 0.053500
0 0.511223 0.719250 0.040778 0.057500
0 0.516835 0.656000 0.041526 0.058000
0 0.549009 0.628750 0.040030 0.055500
0 0.554807 0.681000 0.041152 0.055000
0 0.587916 0.687500 0.034044 0.062000
0 0.586794 0.632000 0.035541 0.050000
0 0.629630 0.628250 0.033670 0.054500
0 0.625889 0.692250 0.036663 0.048500
0 0.607370 0.742000 0.037037 0.057000
0 0.617284 0.799000 0.040404 0.061000
0 0.640105 0.742000 0.032174 0.059000
0 0.664796 0.699000 0.036663 0.054000
0 0.668163 0.648500 0.036663 0.051000
0 0.695099 0.667500 0.033670 0.054000
0 0.677142 0.593000 0.037411 0.051000
0 0.719978 0.605500 0.037037 0.050000
0 0.669473 0.537000 0.035541 0.042000
0 0.699588 0.554000 0.034418 0.051000
0 0.734568 0.553000 0.036289 0.052000
0 0.697905 0.504250 0.037037 0.053500
0 0.719603 0.494250 0.031799 0.045500
0 0.649645 0.499750 0.038533 0.053500
0 0.779087 0.538500 0.037037 0.054000
0 0.769734 0.488500 0.033296 0.054000
0 0.650393 0.419000 0.035541 0.051000
0 0.614291 0.358000 0.035915 0.053000
0 0.665544 0.385750 0.033670 0.048500
0 0.691171 0.431500 0.031799 0.048000
0 0.693790 0.400500 0.028807 0.040000
0 0.575196 0.320500 0.034792 0.051000
0 0.565282 0.277250 0.037411 0.049500
0 0.598578 0.292000 0.033670 0.047000
0 0.580434 0.232750 0.039282 0.045500
0 0.602507 0.196000 0.034792 0.050000
0 0.632248 0.193250 0.032922 0.046500
0 0.657688 0.221250 0.041900 0.051500
0 0.670969 0.201750 0.032548 0.041500
0 0.622896 0.248500 0.041152 0.054000
0 0.633184 0.290250 0.034792 0.050500
0 0.664048 0.271750 0.036663 0.046500
0 0.695660 0.243500 0.036289 0.046000
0 0.713618 0.219250 0.035541 0.041500
0 0.720726 0.275250 0.033296 0.043500
0 0.750281 0.238000 0.034044 0.043000
0 0.698279 0.297250 0.037785 0.047500
0 0.639357 0.339000 0.035915 0.051000
0 0.667041 0.337750 0.030677 0.044500
0 0.696970 0.357500 0.031425 0.050000
0 0.734755 0.342500 0.038159 0.046000
0 0.754583 0.304250 0.039656 0.049500
0 0.770483 0.342000 0.033296 0.050000
0 0.742611 0.416000 0.041900 0.048000
0 0.752338 0.399250 0.031425 0.041500
0 0.793678 0.232250 0.037037 0.051500
0 0.788440 0.284000 0.034792 0.049000
0 0.817808 0.326000 0.035915 0.044000
0 0.839132 0.365000 0.034418 0.045000
0 0.796483 0.367500 0.034418 0.041000
0 0.797980 0.401500 0.033670 0.047000
0 0.826973 0.407000 0.031799 0.046000
0 0.783577 0.439250 0.038533 0.039500
0 0.803779 0.454750 0.031051 0.043500
0 0.800973 0.496500 0.033670 0.053000
0 0.462028 0.389250 0.040404 0.055500