0 0.142911 0.469000 0.077269 0.091000
0 0.155851 0.545000 0.076144 0.085000
0 0.167292 0.619250 0.069017 0.079500
0 0.131095 0.730000 0.076144 0.066000
0 0.204614 0.767500 0.079145 0.079000
0 0.276444 0.786250 0.064516 0.080500
0 0.224869 0.670750 0.062641 0.076500
0 0.292573 0.678000 0.066767 0.082000
0 0.339835 0.722500 0.062266 0.073000
0 0.246812 0.582000 0.062266 0.083000
0 0.229745 0.504000 0.061890 0.085000
0 0.210240 0.405500 0.063391 0.088000
0 0.185296 0.315750 0.063016 0.109500
0 0.233496 0.199250 0.079895 0.095500
0 0.268192 0.296500 0.072018 0.087000
0 0.303076 0.385750 0.072768 0.109500
0 0.301388 0.487000 0.066392 0.093000
0 0.324644 0.578250 0.063391 0.087500
0 0.377344 0.595000 0.052513 0.079000
0 0.385596 0.673250 0.056264 0.059500
0 0.405851 0.774500 0.060015 0.075000
0 0.465866 0.726000 0.057014 0.072000
0 0.447862 0.662750 0.060015 0.084500
0 0.387284 0.517500 0.059640 0.088000
0 0.349212 0.448250 0.055514 0.078500
0 0.362341 0.369500 0.053263 0.085000
0 0.326894 0.290000 0.058890 0.098000
0 0.364591 0.161250 0.065266 0.083500
0 0.392723 0.271000 0.063766 0.102000
0 0.455364 0.059000 0.049512 0.085000
0 0.431545 0.137250 0.065641 0.091500
0 0.453113 0.221750 0.051013 0.090500
0 0.436797 0.348750 0.059640 0.087500
0 0.421230 0.441750 0.066767 0.085500
0 0.475431 0.427500 0.052138 0.066000
0 0.451613 0.546500 0.058515 0.080000
0 0.492686 0.487500 0.050638 0.070000
0 0.500188 0.556000 0.052138 0.071000
0 0.539010 0.617750 0.047262 0.070500
0 0.503938 0.681000 0.052138 0.078000
0 0.578207 0.706000 0.055139 0.084000
0 0.632783 0.666750 0.052513 0.086500
0 0.551388 0.530500 0.053263 0.068000
0 0.599025 0.528000 0.034509 0.069000
0 0.552701 0.455000 0.053638 0.077000
0 0.606902 0.470500 0.048762 0.068000
0 0.547262 0.368250 0.055514 0.070500
0 0.525506 0.303000 0.048012 0.094000
0 0.586647 0.302500 0.060765 0.083000
0 0.507127 0.200000 0.060015 0.064000
0 0.493248 0.119000 0.054764 0.087000
0 0.561328 0.101000 0.051388 0.085000
0 0.575956 0.208000 0.059640 0.094000
0 0.600150 0.254000 0.042761 0.068000
0 0.609527 0.355000 0.042011 0.078000
0 0.635034 0.608500 0.042011 0.056000
0 0.682483 0.680000 0.044636 0.076000
0 0.669542 0.724250 0.041260 0.047500
0 0.686422 0.755750 0.042011 0.058500
0 0.715491 0.780000 0.037884 0.058000
0 0.759565 0.793750 0.043511 0.049500
0 0.742123 0.735000 0.046887 0.056000
0 0.770630 0.726000 0.028132 0.065000
0 0.796324 0.671750 0.039010 0.066500
0 0.819955 0.678250 0.027757 0.062500
0 0.837959 0.623500 0.040510 0.062000
0 0.803826 0.591250 0.048012 0.076500
0 0.732933 0.623500 0.050263 0.066000
0 0.696174 0.655000 0.027757 0.047000
0 0.666917 0.589250 0.044261 0.056500
0 0.713428 0.560000 0.044261 0.062000
0 0.681733 0.539000 0.035634 0.071000
0 0.659790 0.471250 0.047262 0.072500
0 0.705926 0.489000 0.045011 0.071000
0 0.751500 0.446500 0.049887 0.061000
0 0.762003 0.501250 0.043886 0.064500
0 0.818080 0.465750 0.043511 0.063500
0 0.667104 0.376000 0.052138 0.066000
0 0.689610 0.402750 0.040135 0.062500
0 0.795011 0.417750 0.045386 0.073500
0 0.653601 0.304500 0.042386 0.075000
0 0.716429 0.340000 0.048762 0.080000
0 0.757314 0.346500 0.046512 0.074000
0 0.831208 0.358000 0.042761 0.075000
0 0.761815 0.284000 0.044261 0.069000
0 0.678170 0.216000 0.042761 0.076000
0 0.699550 0.261000 0.030758 0.068000
0 0.780008 0.174750 0.059640 0.079500
0 0.654539 0.150000 0.042761 0.074000
0 0.639910 0.074250 0.047262 0.080500