0 0.430045 0.120250 0.097149 0.140500
0 0.517817 0.133750 0.105401 0.130500
0 0.587209 0.238250 0.103901 0.139500
0 0.690360 0.255750 0.099400 0.134500
0 0.799512 0.229500 0.109152 0.138000
0 0.860278 0.314000 0.100150 0.137000
0 0.898350 0.444750 0.096774 0.142500
0 0.932483 0.571250 0.100525 0.129500
0 0.840773 0.628250 0.100900 0.118500
0 0.781883 0.749000 0.100150 0.121000
0 0.695986 0.801000 0.094899 0.123000
0 0.609715 0.870250 0.097899 0.121500
0 0.520818 0.892500 0.094149 0.111000
0 0.430795 0.893500 0.090398 0.093000
0 0.348275 0.865000 0.085146 0.101000
0 0.251125 0.874500 0.090398 0.114000
0 0.199362 0.787750 0.088147 0.121500
0 0.171418 0.689750 0.093023 0.135500
0 0.192611 0.542500 0.096399 0.123000
0 0.221118 0.408500 0.091148 0.119000
0 0.301950 0.356750 0.094524 0.115500
0 0.287322 0.249750 0.089272 0.129500
0 0.349587 0.208250 0.104276 0.129500
0 0.478620 0.258750 0.094524 0.112500
0 0.378095 0.328250 0.102776 0.141500
0 0.462303 0.407250 0.094899 0.136500
0 0.357652 0.506250 0.097149 0.118500
0 0.283946 0.574500 0.116279 0.114000
0 0.274194 0.724000 0.098275 0.105000
0 0.367404 0.818000 0.099400 0.120000
0 0.466617 0.804750 0.093023 0.106500
0 0.554576 0.780750 0.099400 0.122500
0 0.639910 0.699000 0.095274 0.128000
0 0.744936 0.657500 0.108027 0.134000
0 0.787134 0.487500 0.092648 0.127000
0 0.759190 0.356750 0.096774 0.131500
0 0.700488 0.462750 0.082896 0.127500
0 0.624719 0.571000 0.098650 0.119000
0 0.530945 0.632500 0.095649 0.125000
0 0.450300 0.673500 0.094899 0.103000
0 0.348837 0.671500 0.100525 0.118000
0 0.448237 0.556500 0.093773 0.132000
0 0.534884 0.487500 0.101275 0.125000
0 0.621343 0.425500 0.101650 0.128000
0 0.541260 0.357500 0.096024 0.133000