0 0.120780 0.506250 0.047262 0.074500
0 0.128657 0.433500 0.039010 0.071000
0 0.162041 0.446250 0.048012 0.067500
0 0.166542 0.510000 0.048012 0.065000
0 0.203676 0.493750 0.040510 0.073500
0 0.218867 0.541250 0.049887 0.077500
0 0.199925 0.564250 0.031508 0.055500
0 0.174606 0.575000 0.035634 0.065000
0 0.152101 0.647000 0.046137 0.076000
0 0.189985 0.692000 0.049887 0.067000
0 0.209865 0.628750 0.046137 0.080500
0 0.253376 0.646250 0.049887 0.079500
0 0.286759 0.566750 0.055139 0.081500
0 0.266879 0.500500 0.046137 0.080000
0 0.305889 0.485250 0.053638 0.075500
0 0.249437 0.442000 0.039760 0.069000
0 0.227494 0.421500 0.037884 0.069000
0 0.162978 0.370250 0.040885 0.072500
0 0.185484 0.318750 0.046137 0.073500
0 0.165791 0.303250 0.044261 0.075500
0 0.229932 0.265000 0.048012 0.076000
0 0.229557 0.200250 0.043511 0.069500
0 0.256564 0.224750 0.043511 0.073500
0 0.273818 0.149750 0.045011 0.072500
0 0.319767 0.170000 0.043136 0.094000
0 0.347337 0.191000 0.048012 0.083000
0 0.361778 0.115250 0.055139 0.078500
0 0.401163 0.173000 0.050638 0.088000
0 0.441485 0.207000 0.066017 0.088000
0 0.412978 0.088250 0.060015 0.079500
0 0.458177 0.147750 0.055889 0.063500
0 0.515004 0.156750 0.052513 0.067500
0 0.566392 0.160250 0.062266 0.084500
0 0.658102 0.167500 0.076144 0.106000
0 0.729557 0.134750 0.079520 0.092500
0 0.748875 0.240500 0.075394 0.117000
0 0.657914 0.261750 0.070518 0.091500
0 0.596024 0.233250 0.066017 0.100500
0 0.514441 0.233750 0.063391 0.091500
0 0.533758 0.296500 0.057014 0.094000
0 0.592648 0.342250 0.057014 0.086500
0 0.677044 0.350250 0.070518 0.097500
0 0.753563 0.366000 0.078770 0.105000
0 0.727307 0.462250 0.082521 0.102500
0 0.603526 0.432750 0.078770 0.096500
0 0.545574 0.410000 0.056639 0.101000
0 0.474869 0.303000 0.053263 0.093000
0 0.500750 0.373000 0.057764 0.093000
0 0.462116 0.413000 0.053263 0.088000
0 0.419730 0.310500 0.060765 0.088000
0 0.394036 0.255000 0.068642 0.090000
0 0.315266 0.272500 0.054389 0.077000
0 0.274006 0.298250 0.049887 0.073500
0 0.247187 0.363750 0.051763 0.078500
0 0.301575 0.414500 0.048762 0.070000
0 0.333083 0.352250 0.044261 0.072500
0 0.373031 0.329000 0.041635 0.082000
0 0.397037 0.385750 0.051388 0.086500
0 0.357464 0.409250 0.048012 0.073500
0 0.381283 0.461000 0.052138 0.083000
0 0.416542 0.490000 0.054389 0.088000
0 0.380908 0.539500 0.055139 0.076000
0 0.357277 0.619000 0.051388 0.093000
0 0.319392 0.633500 0.038635 0.081000
0 0.354839 0.692750 0.053263 0.087500
0 0.298762 0.718500 0.055139 0.094000
0 0.261065 0.798250 0.056264 0.081500
0 0.279257 0.894000 0.055889 0.095000
0 0.325019 0.842000 0.058890 0.088000
0 0.348275 0.795750 0.058890 0.086500
0 0.418792 0.857250 0.058890 0.098500
0 0.409415 0.612500 0.055889 0.084000
0 0.407539 0.690250 0.045386 0.083500
0 0.448987 0.701750 0.057764 0.103500
0 0.502626 0.665000 0.061515 0.093000
0 0.430983 0.763750 0.048762 0.073500
0 0.464366 0.787250 0.057764 0.091500
0 0.514441 0.854750 0.072393 0.096500
0 0.525131 0.751500 0.056264 0.095000
0 0.572206 0.816250 0.072393 0.091500
0 0.633908 0.807250 0.071268 0.109500
0 0.578207 0.728250 0.076894 0.098500
0 0.658852 0.706750 0.073143 0.108500
0 0.719055 0.802500 0.075019 0.105000
0 0.683796 0.888500 0.078770 0.089000
0 0.736684 0.689000 0.075769 0.102000
0 0.768005 0.589000 0.080645 0.110000
0 0.681545 0.601000 0.075769 0.093000
0 0.597524 0.625250 0.083271 0.095500
0 0.525506 0.586750 0.067517 0.095500
0 0.456864 0.552250 0.060765 0.084500
0 0.517817 0.489500 0.063391 0.094000
0 0.580645 0.530500 0.062266 0.099000
0 0.651350 0.509500 0.073143 0.105000