0 0.269505 0.343500 0.085146 0.139000
0 0.344149 0.332000 0.101650 0.129000
0 0.419542 0.240250 0.098650 0.143500
0 0.509940 0.254500 0.106902 0.133000
0 0.467929 0.354750 0.096399 0.106500
0 0.578020 0.361500 0.097524 0.124000
0 0.674231 0.372000 0.106902 0.124000
0 0.782446 0.362000 0.106527 0.129000
0 0.834584 0.428750 0.097524 0.124500
0 0.738560 0.472500 0.099025 0.121000
0 0.221118 0.510000 0.088897 0.104000
0 0.295386 0.461250 0.085896 0.106500
0 0.377532 0.456500 0.106152 0.122000
0 0.456864 0.516000 0.093773 0.119000
0 0.532633 0.477750 0.092273 0.116500
0 0.609152 0.518250 0.093023 0.125500
0 0.681545 0.543000 0.076519 0.117000
0 0.759752 0.568250 0.090398 0.111500
0 0.863841 0.551250 0.090773 0.120500
0 0.886722 0.658250 0.088522 0.105500
0 0.800825 0.708000 0.092273 0.094000
0 0.718680 0.760500 0.093773 0.105000
0 0.746249 0.808000 0.085146 0.091000
0 0.609527 0.669000 0.093773 0.098000
0 0.621905 0.770250 0.086272 0.098500
0 0.667854 0.850750 0.083646 0.096500
0 0.527007 0.582750 0.096024 0.105500
0 0.523443 0.716750 0.085896 0.104500
0 0.543511 0.838000 0.087772 0.095000
0 0.592648 0.906250 0.088522 0.082500
0 0.446549 0.656000 0.084396 0.112000
0 0.450300 0.744500 0.086647 0.082000
0 0.467554 0.849750 0.085896 0.085500
0 0.514066 0.913000 0.079895 0.090000
0 0.434734 0.912250 0.085521 0.074500
0 0.381283 0.873500 0.086647 0.090000
0 0.355589 0.754000 0.090023 0.092000
0 0.359902 0.600250 0.090398 0.105500
0 0.288822 0.663250 0.091523 0.105500
0 0.201425 0.639250 0.092273 0.108500
0 0.195799 0.776250 0.094524 0.106500
0 0.289010 0.778500 0.086647 0.092000
0 0.225056 0.840500 0.087772 0.084000
0 0.275131 0.906750 0.082896 0.087500
0 0.348650 0.888750 0.055889 0.080500