0 0.203143 0.131250 0.053124 0.063500
0 0.137860 0.220000 0.054246 0.055000
0 0.072765 0.277000 0.039282 0.066000
0 0.138795 0.279500 0.046390 0.061000
0 0.207071 0.242500 0.047512 0.070000
0 0.254583 0.205250 0.046016 0.069500
0 0.292555 0.248000 0.038908 0.067000
0 0.334830 0.183250 0.050879 0.076500
0 0.245791 0.267750 0.045642 0.063500
0 0.282080 0.314750 0.044893 0.063500
0 0.323793 0.274500 0.047512 0.072000
0 0.183689 0.327500 0.046390 0.059000
0 0.230640 0.323250 0.043023 0.066500
0 0.112046 0.322250 0.053498 0.059500
0 0.163487 0.369500 0.053124 0.063000
0 0.222409 0.380000 0.047512 0.064000
0 0.269173 0.368250 0.049757 0.063500
0 0.319678 0.351750 0.047512 0.060500
0 0.304527 0.430000 0.045642 0.071000
0 0.266741 0.449000 0.043397 0.058000
0 0.225963 0.454500 0.045642 0.052000
0 0.148148 0.450750 0.046390 0.062500
0 0.089039 0.438250 0.040404 0.065500
0 0.101197 0.511250 0.046016 0.061500
0 0.176207 0.492000 0.050131 0.057000
0 0.248410 0.509500 0.047138 0.059000
0 0.288440 0.501250 0.048634 0.054500
0 0.340441 0.529250 0.046390 0.061500
0 0.292742 0.563000 0.047512 0.058000
0 0.206322 0.556750 0.041526 0.060500
0 0.157127 0.535750 0.046390 0.063500
0 0.187430 0.587750 0.047886 0.054500
0 0.217172 0.617500 0.051253 0.058000
0 0.292181 0.636500 0.050131 0.060000
0 0.254209 0.672250 0.039282 0.055500
0 0.172840 0.680000 0.051627 0.054000
0 0.257202 0.738250 0.046764 0.058500
0 0.314628 0.745500 0.045642 0.063000
0 0.355219 0.763500 0.050505 0.059000
0 0.318556 0.674500 0.047512 0.068000
0 0.367003 0.714000 0.044145 0.056000
0 0.369622 0.650750 0.043397 0.051500
0 0.406098 0.680500 0.046764 0.061000
0 0.451740 0.693250 0.041526 0.056500
0 0.471193 0.751250 0.038533 0.058500
0 0.515900 0.744250 0.038159 0.049500
0 0.555556 0.716000 0.040404 0.057000
0 0.446689 0.632500 0.042649 0.053000
0 0.507295 0.632000 0.044145 0.054000
0 0.520576 0.683000 0.042275 0.059000
0 0.559110 0.655500 0.042275 0.060000
0 0.546203 0.591500 0.042649 0.052000
0 0.498504 0.573500 0.044519 0.057000
0 0.422746 0.560750 0.051627 0.059500
0 0.382155 0.575250 0.045267 0.061500
0 0.351104 0.466000 0.046016 0.060000
0 0.385709 0.512250 0.035166 0.062500
0 0.423120 0.511000 0.047138 0.058000
0 0.368500 0.395000 0.044893 0.061000
0 0.395623 0.436750 0.047512 0.071500
0 0.432473 0.411250 0.046390 0.061500
0 0.455668 0.468500 0.045642 0.053000
0 0.495511 0.483500 0.048260 0.058000
0 0.484474 0.426000 0.039656 0.055000
0 0.534792 0.454750 0.044519 0.048500
0 0.518893 0.405250 0.040404 0.058500
0 0.459222 0.364250 0.040030 0.051500
0 0.358212 0.331500 0.043771 0.059000
0 0.405724 0.333250 0.041526 0.062500
0 0.434343 0.298500 0.047886 0.060000
0 0.362701 0.236000 0.046016 0.066000
0 0.368313 0.150500 0.047512 0.067000
0 0.399177 0.185000 0.042649 0.064000
0 0.447437 0.241000 0.042649 0.071000
0 0.500561 0.262250 0.044145 0.054500
0 0.534418 0.347750 0.042275 0.058500
0 0.543397 0.278750 0.043023 0.059500
0 0.526375 0.233500 0.051627 0.057000
0 0.499065 0.186750 0.044145 0.063500
0 0.452114 0.135250 0.046764 0.063500
0 0.492331 0.116750 0.047138 0.064500
0 0.591283 0.124750 0.043771 0.068500
0 0.630378 0.099000 0.040404 0.063000
0 0.665357 0.130250 0.043771 0.062500
0 0.622896 0.176000 0.044145 0.061000
0 0.679948 0.176500 0.045267 0.048000
0 0.634119 0.227750 0.047886 0.050500
0 0.602694 0.255750 0.039656 0.059500
0 0.634493 0.283750 0.042649 0.050500
0 0.680322 0.262750 0.041526 0.060500
0 0.734942 0.268750 0.048260 0.054500
0 0.799476 0.214750 0.035166 0.061500
0 0.581182 0.334000 0.037785 0.058000
0 0.561915 0.389750 0.040404 0.060500
0 0.616536 0.364250 0.040404 0.058500
0 0.685372 0.324750 0.038159 0.061500
0 0.719790 0.355500 0.040404 0.056000
0 0.759446 0.321750 0.044893 0.065500
0 0.811261 0.323250 0.037785 0.056500
0 0.857464 0.243000 0.044893 0.065000
0 0.699776 0.404000 0.045267 0.060000
0 0.757202 0.389500 0.034418 0.056000
0 0.786756 0.414500 0.049383 0.062000
0 0.823419 0.400000 0.040404 0.060000
0 0.772914 0.471750 0.043397 0.056500
0 0.731201 0.448500 0.041526 0.061000
0 0.679948 0.436250 0.043023 0.052500
0 0.638234 0.448500 0.042649 0.065000
0 0.579873 0.476000 0.041900 0.061000
0 0.571829 0.521500 0.046764 0.047000
0 0.662364 0.498750 0.045267 0.055500
0 0.699214 0.485000 0.044893 0.049000
0 0.733446 0.509500 0.041526 0.055000
0 0.838945 0.514250 0.038533 0.063500
0 0.828470 0.589750 0.043023 0.076500
0 0.709877 0.553500 0.046016 0.054000
0 0.644968 0.561750 0.042649 0.049500
0 0.596147 0.570750 0.038533 0.050500
0 0.592406 0.626250 0.037037 0.054500
0 0.632248 0.601500 0.038908 0.054000
0 0.674336 0.592250 0.041526 0.057500
0 0.763562 0.638250 0.041152 0.050500
0 0.827722 0.656000 0.035541 0.062000
0 0.591470 0.680500 0.032922 0.055000
0 0.636177 0.683750 0.045267 0.048500
0 0.688739 0.671750 0.037411 0.054500
0 0.739431 0.689500 0.039282 0.054000
0 0.782454 0.685750 0.043771 0.055500
0 0.769921 0.730750 0.034418 0.059500
0 0.684063 0.744500 0.043023 0.054000
0 0.598391 0.732000 0.038533 0.053000
0 0.620090 0.782250 0.042275 0.053500
0 0.569585 0.771750 0.039282 0.057500
0 0.873176 0.627750 0.036663 0.062500
0 0.924242 0.599000 0.043771 0.059000
0 0.878227 0.545500 0.043023 0.066000
0 0.952675 0.539000 0.034044 0.072000
0 0.961654 0.463000 0.037037 0.068000
0 0.868687 0.445000 0.041152 0.049000
0 0.938646 0.399500 0.039656 0.061000