0 0.176482 0.255750 0.067892 0.079500
0 0.136909 0.332000 0.069017 0.065000
0 0.148350 0.409250 0.070893 0.071500
0 0.242123 0.249250 0.064891 0.078500
0 0.212678 0.330250 0.069767 0.077500
0 0.221680 0.404500 0.063016 0.085000
0 0.209115 0.470250 0.055139 0.067500
0 0.246999 0.515500 0.060390 0.067000
0 0.279820 0.410000 0.051013 0.076000
0 0.280195 0.322500 0.057014 0.076000
0 0.328395 0.278500 0.064891 0.075000
0 0.356152 0.213000 0.064141 0.078000
0 0.393098 0.285500 0.066767 0.085000
0 0.382221 0.355500 0.058515 0.082000
0 0.328582 0.368500 0.060765 0.076000
0 0.337959 0.443750 0.063766 0.070500
0 0.297262 0.471750 0.058140 0.066500
0 0.303076 0.534750 0.060015 0.060500
0 0.349775 0.507500 0.055139 0.062000
0 0.352963 0.557500 0.054014 0.053000
0 0.413728 0.573500 0.054014 0.068000
0 0.410540 0.517000 0.050638 0.069000
0 0.400413 0.447500 0.055889 0.069000
0 0.438485 0.387750 0.059265 0.074500
0 0.450863 0.313250 0.060015 0.070500
0 0.432108 0.220500 0.057764 0.087000
0 0.479557 0.255500 0.057389 0.094000
0 0.527569 0.192000 0.065641 0.081000
0 0.529445 0.315000 0.059640 0.082000
0 0.513316 0.388500 0.052138 0.074000
0 0.482558 0.440000 0.052138 0.069000
0 0.462303 0.486500 0.052888 0.061000
0 0.502063 0.509000 0.048387 0.054000
0 0.460803 0.542500 0.055139 0.059000
0 0.465866 0.591500 0.054014 0.059000
0 0.505626 0.617250 0.048762 0.057500
0 0.503938 0.569500 0.047637 0.059000
0 0.536947 0.656250 0.046887 0.056500
0 0.551575 0.576750 0.045386 0.064500
0 0.558890 0.524750 0.052513 0.056500
0 0.534509 0.446250 0.051763 0.064500
0 0.594149 0.213000 0.058515 0.082000
0 0.584021 0.293250 0.054764 0.077500
0 0.579145 0.361250 0.059265 0.074500
0 0.590773 0.427500 0.057764 0.068000
0 0.608215 0.482500 0.050638 0.059000
0 0.597524 0.543000 0.049512 0.066000
0 0.599587 0.603500 0.043136 0.060000
0 0.587022 0.650500 0.052513 0.054000
0 0.630345 0.633750 0.045386 0.050500
0 0.642911 0.586750 0.041260 0.055500
0 0.649475 0.452000 0.049137 0.053000
0 0.640098 0.391500 0.048387 0.067000
0 0.647412 0.300500 0.060015 0.086000
0 0.650975 0.206000 0.063391 0.086000
0 0.696737 0.236750 0.058890 0.078500
0 0.683233 0.336750 0.050638 0.073500
0 0.704051 0.387250 0.052513 0.060500
0 0.717554 0.440500 0.060765 0.066000
0 0.684546 0.497750 0.047262 0.061500
0 0.687734 0.562750 0.046887 0.060500
0 0.672356 0.631750 0.040885 0.060500
0 0.720555 0.644000 0.036009 0.043000
0 0.714366 0.602750 0.050638 0.053500
0 0.755439 0.600250 0.034509 0.059500
0 0.741748 0.538750 0.045386 0.051500
0 0.742123 0.488750 0.045386 0.065500
0 0.735559 0.298500 0.054764 0.084000
0 0.759940 0.205750 0.059265 0.082500
0 0.811515 0.250500 0.067142 0.077000
0 0.790135 0.327250 0.055889 0.078500
0 0.769880 0.393500 0.055139 0.066000
0 0.844711 0.390500 0.057014 0.074000
0 0.783571 0.443500 0.054764 0.062000
0 0.852588 0.452500 0.057764 0.062000
0 0.795011 0.499750 0.052888 0.057500
0 0.838522 0.503750 0.047637 0.054500
0 0.796699 0.560250 0.053263 0.050500
0 0.846212 0.565250 0.040510 0.063500
0 0.805326 0.602250 0.051763 0.049500