0 0.066017 0.271250 0.061515 0.101500
0 0.160915 0.264500 0.065266 0.089000
0 0.254314 0.164250 0.078020 0.103500
0 0.337584 0.244000 0.071268 0.088000
0 0.243248 0.259750 0.068642 0.096500
0 0.234809 0.329000 0.068267 0.092000
0 0.293511 0.355000 0.064891 0.086000
0 0.223556 0.394000 0.055514 0.080000
0 0.270630 0.420500 0.068642 0.075000
0 0.110090 0.393750 0.062641 0.081500
0 0.182858 0.424250 0.057389 0.078500
0 0.084959 0.480000 0.055889 0.074000
0 0.129970 0.465750 0.058140 0.073500
0 0.200300 0.493000 0.057014 0.082000
0 0.249625 0.510250 0.058890 0.080500
0 0.297449 0.507250 0.063016 0.089500
0 0.129970 0.558500 0.055889 0.078000
0 0.173481 0.626000 0.062641 0.071000
0 0.234059 0.577250 0.048012 0.070500
0 0.290135 0.595500 0.061140 0.080000
0 0.258815 0.657250 0.066767 0.069500
0 0.206302 0.694250 0.051013 0.064500
0 0.263316 0.727000 0.051013 0.052000
0 0.313766 0.727750 0.049887 0.053500
0 0.169167 0.675250 0.042761 0.051500
0 0.363278 0.738000 0.063391 0.074000
0 0.417667 0.756750 0.055889 0.067500
0 0.459490 0.715250 0.055514 0.071500
0 0.316392 0.682000 0.059640 0.065000
0 0.345836 0.630000 0.060015 0.081000
0 0.394974 0.616250 0.061515 0.078500
0 0.405476 0.679500 0.058515 0.070000
0 0.454614 0.646750 0.059265 0.078500
0 0.345274 0.564000 0.061140 0.078000
0 0.399850 0.503000 0.066767 0.079000
0 0.439047 0.561750 0.062641 0.086500
0 0.348650 0.448250 0.065641 0.072500
0 0.394786 0.396250 0.065641 0.077500
0 0.385784 0.319500 0.067892 0.090000
0 0.404539 0.232000 0.064141 0.100000
0 0.472993 0.222500 0.062266 0.094000
0 0.536197 0.183250 0.061890 0.100500
0 0.475619 0.315750 0.065266 0.103500
0 0.456864 0.416250 0.063766 0.083500
0 0.470368 0.496500 0.062266 0.083000
0 0.495311 0.591000 0.063391 0.074000
0 0.516317 0.652000 0.054389 0.074000
0 0.506752 0.766500 0.058515 0.084000
0 0.554764 0.800500 0.057764 0.054000
0 0.569017 0.765500 0.051013 0.048000
0 0.554014 0.722750 0.049512 0.064500
0 0.575581 0.666250 0.053638 0.070500
0 0.602776 0.699000 0.062266 0.075000
0 0.644224 0.737000 0.056639 0.054000
0 0.665791 0.693250 0.058515 0.082500
0 0.548387 0.573500 0.055514 0.072000
0 0.619280 0.614500 0.058515 0.073000
0 0.675919 0.605000 0.057014 0.073000
0 0.680045 0.536500 0.062266 0.075000
0 0.529632 0.514000 0.057764 0.077000
0 0.590023 0.539250 0.059265 0.079500
0 0.549137 0.446000 0.066767 0.080000
0 0.638972 0.458000 0.064141 0.075000
0 0.586647 0.380000 0.063016 0.083000
0 0.564329 0.285500 0.066392 0.085000
0 0.656414 0.332250 0.066767 0.086500
0 0.688672 0.244000 0.069017 0.097000
0 0.726557 0.337250 0.068267 0.080500
0 0.684734 0.412500 0.061140 0.091000
0 0.719617 0.478000 0.065641 0.092000
0 0.729182 0.580250 0.061515 0.082500
0 0.729182 0.664750 0.062266 0.065500
0 0.782258 0.626750 0.064891 0.074500
0 0.772881 0.526250 0.068642 0.078500
0 0.762191 0.418250 0.069017 0.085500
0 0.808890 0.349750 0.067892 0.091500
0 0.768942 0.244500 0.067517 0.101000
0 0.753563 0.145500 0.070518 0.098000
0 0.837959 0.245500 0.064516 0.096000
0 0.917292 0.324750 0.069392 0.097500
0 0.859902 0.373000 0.064891 0.085000
0 0.910540 0.423750 0.061140 0.096500
0 0.821080 0.450000 0.065266 0.080000
0 0.872843 0.490000 0.068267 0.081000
0 0.942986 0.519000 0.067517 0.081000
0 0.904351 0.582000 0.059265 0.077000
0 0.849212 0.564000 0.063016 0.083000
0 0.847337 0.652500 0.069017 0.088000