0 0.188485 0.401500 0.068642 0.092000
0 0.223181 0.475250 0.078020 0.092500
0 0.203676 0.562250 0.072768 0.092500
0 0.250375 0.626000 0.071643 0.099000
0 0.315829 0.676750 0.081020 0.089500
0 0.285634 0.542500 0.073143 0.096000
0 0.346024 0.584000 0.076894 0.101000
0 0.394786 0.636500 0.077644 0.092000
0 0.270443 0.399500 0.075019 0.089000
0 0.317142 0.455000 0.074644 0.085000
0 0.377719 0.506750 0.069767 0.096500
0 0.423293 0.554250 0.070893 0.088500
0 0.490060 0.610000 0.068642 0.098000
0 0.451988 0.697000 0.068267 0.099000
0 0.515004 0.707000 0.066767 0.101000
0 0.275319 0.303750 0.063766 0.093500
0 0.337959 0.274250 0.066017 0.084500
0 0.350525 0.198000 0.064891 0.081000
0 0.408477 0.245250 0.071268 0.081500
0 0.391223 0.324500 0.065266 0.086000
0 0.335146 0.371500 0.070143 0.097000
0 0.392536 0.411500 0.070893 0.086000
0 0.447674 0.390750 0.067892 0.091500
0 0.479370 0.244500 0.066017 0.088000
0 0.543511 0.258750 0.062266 0.084500
0 0.499625 0.336250 0.069017 0.089500
0 0.545199 0.386500 0.067892 0.083000
0 0.503376 0.444750 0.065266 0.087500
0 0.439422 0.470000 0.070143 0.081000
0 0.522318 0.526000 0.067142 0.092000
0 0.589272 0.317000 0.063016 0.091000
0 0.641035 0.300750 0.058515 0.082500
0 0.665229 0.372500 0.061140 0.083000
0 0.705739 0.330250 0.055889 0.090500
0 0.738935 0.400250 0.056264 0.089500
0 0.682108 0.436500 0.063391 0.090000
0 0.601088 0.404750 0.056639 0.085500
0 0.565641 0.470500 0.065266 0.080000
0 0.636534 0.488000 0.067517 0.091000
0 0.590773 0.548750 0.071268 0.081500
0 0.656227 0.568250 0.067892 0.084500
0 0.560953 0.629750 0.067892 0.091500
0 0.619280 0.643250 0.063766 0.097500
0 0.590210 0.719250 0.067142 0.096500
0 0.655664 0.738500 0.066767 0.080000
0 0.686234 0.660250 0.064891 0.090500
0 0.724494 0.766750 0.065641 0.097500
0 0.720930 0.593750 0.059265 0.093500
0 0.716242 0.513500 0.065641 0.084000
0 0.775506 0.510750 0.058140 0.087500
0 0.787322 0.388750 0.053263 0.083500
0 0.822018 0.444500 0.051388 0.088000
0 0.869092 0.506250 0.058515 0.079500
0 0.910353 0.486000 0.054764 0.080000
0 0.825581 0.563000 0.059265 0.078000
0 0.880158 0.585250 0.057389 0.085500
0 0.935109 0.575750 0.059265 0.077500
0 0.773068 0.600500 0.055514 0.088000
0 0.743811 0.678250 0.060765 0.089500
0 0.797262 0.681250 0.052138 0.089500
0 0.847899 0.658750 0.057389 0.074500
0 0.779820 0.773750 0.059265 0.089500
0 0.834584 0.740000 0.055514 0.082000
0 0.903601 0.723750 0.060765 0.090500
0 0.934171 0.669500 0.055139 0.084000