0 0.125844 0.443750 0.068642 0.083500
0 0.145536 0.521500 0.064516 0.087000
0 0.208365 0.417750 0.051388 0.084500
0 0.219805 0.512750 0.066017 0.088500
0 0.169542 0.595000 0.067517 0.080000
0 0.224306 0.641500 0.058515 0.073000
0 0.260503 0.701250 0.056639 0.087500
0 0.296324 0.747500 0.061515 0.085000
0 0.358402 0.794500 0.065641 0.073000
0 0.244561 0.593000 0.063766 0.086000
0 0.284696 0.530250 0.057764 0.088500
0 0.257127 0.456250 0.063391 0.073500
0 0.268005 0.393250 0.059640 0.078500
0 0.309640 0.425250 0.063391 0.087500
0 0.346024 0.492500 0.067892 0.081000
0 0.317517 0.603000 0.053638 0.088000
0 0.313578 0.676000 0.072018 0.080000
0 0.421980 0.855500 0.062266 0.085000
0 0.410353 0.756000 0.063766 0.082000
0 0.358965 0.719000 0.065266 0.083000
0 0.375656 0.640250 0.056639 0.082500
0 0.375844 0.569500 0.070518 0.079000
0 0.430983 0.543750 0.065266 0.087500
0 0.396849 0.474250 0.064516 0.074500
0 0.356902 0.376250 0.065641 0.091500
0 0.339272 0.261000 0.066392 0.079000
0 0.395161 0.235000 0.056639 0.088000
0 0.406039 0.326000 0.060390 0.088000
0 0.430045 0.401500 0.047637 0.083000
0 0.467742 0.476000 0.060765 0.088000
0 0.455926 0.614750 0.061890 0.084500
0 0.425169 0.674250 0.067892 0.079500
0 0.469617 0.741750 0.060765 0.083500
0 0.495874 0.799250 0.062266 0.073500
0 0.532258 0.748750 0.065266 0.085500
0 0.497187 0.671000 0.064891 0.080000
0 0.563391 0.668250 0.057014 0.076500
0 0.516317 0.594500 0.061140 0.072000
0 0.501125 0.520500 0.058515 0.083000
0 0.599587 0.620000 0.061140 0.078000
0 0.569205 0.564750 0.059640 0.072500
0 0.646474 0.587000 0.058140 0.083000
0 0.669917 0.525750 0.057014 0.081500
0 0.607277 0.510000 0.057764 0.078000
0 0.548200 0.496250 0.057389 0.068500
0 0.453301 0.228500 0.059640 0.079000
0 0.462116 0.316750 0.064516 0.088500
0 0.487434 0.382750 0.059640 0.088500
0 0.549137 0.413500 0.064516 0.075000
0 0.607089 0.432500 0.063391 0.077000
0 0.506752 0.189750 0.063766 0.080500
0 0.512941 0.261250 0.063391 0.095500
0 0.536384 0.341000 0.061515 0.086000
0 0.596399 0.369500 0.058515 0.079000
0 0.674794 0.450000 0.053263 0.084000
0 0.731245 0.483000 0.072393 0.078000
0 0.735559 0.412000 0.060765 0.070000
0 0.667292 0.372000 0.053263 0.082000
0 0.685671 0.271750 0.062266 0.079500
0 0.757127 0.324750 0.066392 0.086500
0 0.572206 0.229500 0.061890 0.090000
0 0.607464 0.292750 0.050638 0.088500