0 0.131283 0.676750 0.054014 0.049500
0 0.148350 0.637000 0.051388 0.051000
0 0.154914 0.573000 0.055514 0.056000
0 0.182858 0.684500 0.049887 0.066000
0 0.221305 0.713750 0.053263 0.050500
0 0.270818 0.704000 0.054764 0.050000
0 0.207989 0.635750 0.052888 0.060500
0 0.258065 0.644250 0.051763 0.057500
0 0.313016 0.654500 0.048387 0.057000
0 0.231995 0.587250 0.052138 0.054500
0 0.289760 0.591250 0.052888 0.066500
0 0.203113 0.534500 0.058140 0.067000
0 0.262191 0.520000 0.058515 0.068000
0 0.318642 0.504000 0.057389 0.069000
0 0.334584 0.566250 0.054014 0.063500
0 0.231808 0.443500 0.056264 0.070000
0 0.285071 0.437500 0.061515 0.072000
0 0.274756 0.339750 0.055139 0.075500
0 0.326894 0.373000 0.058890 0.074000
0 0.343773 0.447250 0.054389 0.070500
0 0.377344 0.505000 0.054014 0.073000
0 0.401538 0.558750 0.048387 0.061500
0 0.383346 0.615000 0.048762 0.057000
0 0.363091 0.663750 0.046512 0.056500
0 0.419917 0.658250 0.056639 0.053500
0 0.469055 0.670750 0.050638 0.068500
0 0.436234 0.596500 0.046512 0.060000
0 0.483683 0.615750 0.050638 0.056500
0 0.475431 0.562500 0.049137 0.059000
0 0.446737 0.518250 0.051013 0.065500
0 0.416354 0.461000 0.050263 0.067000
0 0.387659 0.397000 0.058890 0.075000
0 0.378845 0.326250 0.054764 0.074500
0 0.429295 0.352750 0.052138 0.070500
0 0.449737 0.404750 0.054014 0.059500
0 0.480870 0.329750 0.054014 0.061500
0 0.525506 0.285250 0.056264 0.078500
0 0.510503 0.362750 0.046512 0.055500
0 0.557389 0.333750 0.049512 0.071500
0 0.502626 0.439250 0.049512 0.059500
0 0.549325 0.454750 0.048387 0.062500
0 0.585709 0.394500 0.047637 0.068000
0 0.503751 0.513500 0.050263 0.065000
0 0.545761 0.514000 0.047262 0.062000
0 0.528132 0.579750 0.045761 0.059500
0 0.578207 0.595500 0.046137 0.062000
0 0.527007 0.639250 0.044261 0.056500
0 0.575206 0.647500 0.046887 0.052000
0 0.528132 0.692000 0.042011 0.058000
0 0.570330 0.715250 0.042386 0.057500
0 0.621530 0.746250 0.043511 0.052500
0 0.611403 0.670750 0.041260 0.053500
0 0.657539 0.655250 0.047262 0.062500
0 0.608777 0.561750 0.042011 0.062500
0 0.664666 0.584000 0.046512 0.056000
0 0.672543 0.536500 0.056264 0.059000
0 0.634096 0.520250 0.050638 0.071500
0 0.587209 0.483250 0.044636 0.063500
0 0.630345 0.447750 0.047637 0.068500
0 0.677044 0.462250 0.052513 0.059500
0 0.628845 0.366000 0.050638 0.068000
0 0.685109 0.344750 0.051388 0.070500
0 0.740998 0.319750 0.054389 0.075500
0 0.814516 0.344250 0.049887 0.067500
0 0.855401 0.326250 0.047637 0.062500
0 0.700300 0.391000 0.054014 0.067000
0 0.774194 0.397750 0.048012 0.065500
0 0.849962 0.392500 0.039010 0.065000
0 0.727119 0.452500 0.052138 0.066000
0 0.785071 0.441250 0.043511 0.061500
0 0.744749 0.499750 0.048387 0.059500
0 0.812453 0.482750 0.044261 0.057500
0 0.867779 0.472500 0.043886 0.055000
0 0.715304 0.555000 0.039760 0.058000
0 0.773818 0.526500 0.048012 0.059000
0 0.846399 0.535250 0.051388 0.056500
0 0.805514 0.587000 0.050638 0.059000
0 0.713803 0.607250 0.048012 0.059500
0 0.771193 0.629250 0.039760 0.058500
0 0.694861 0.671750 0.047637 0.051500