0 0.019130 0.672750 0.037509 0.063500
0 0.045011 0.601000 0.046512 0.065000
0 0.091710 0.647750 0.043886 0.050500
0 0.106339 0.706250 0.048387 0.066500
0 0.139535 0.696250 0.047262 0.061500
0 0.102401 0.626250 0.045011 0.058500
0 0.144036 0.626000 0.052513 0.057000
0 0.090960 0.539000 0.049887 0.058000
0 0.053076 0.451500 0.049137 0.061000
0 0.112528 0.490250 0.042011 0.058500
0 0.159602 0.543500 0.044636 0.055000
0 0.070518 0.385500 0.047262 0.062000
0 0.100713 0.349250 0.046887 0.078500
0 0.073706 0.259750 0.046887 0.070500
0 0.168042 0.191250 0.045761 0.061500
0 0.140848 0.232750 0.040885 0.071500
0 0.171230 0.263250 0.049137 0.062500
0 0.143286 0.313750 0.044261 0.067500
0 0.228995 0.236750 0.042386 0.061500
0 0.257502 0.207250 0.042386 0.056500
0 0.300263 0.200000 0.053638 0.068000
0 0.275131 0.242000 0.051388 0.062000
0 0.250563 0.292250 0.048762 0.061500
0 0.193923 0.323500 0.044261 0.070000
0 0.177607 0.375000 0.047637 0.061000
0 0.132408 0.426500 0.049512 0.060000
0 0.152476 0.476250 0.049137 0.057500
0 0.217742 0.706750 0.043886 0.054500
0 0.258065 0.701500 0.045011 0.053000
0 0.303451 0.708250 0.043511 0.059500
0 0.339272 0.686750 0.050638 0.053500
0 0.201988 0.635500 0.037884 0.060000
0 0.249625 0.641750 0.043886 0.049500
0 0.289385 0.656750 0.039385 0.061500
0 0.322768 0.630250 0.047637 0.059500
0 0.209865 0.583250 0.049887 0.055500
0 0.266879 0.594750 0.043886 0.054500
0 0.337022 0.578750 0.047637 0.057500
0 0.231620 0.544500 0.047637 0.063000
0 0.199175 0.510750 0.048012 0.055500
0 0.190173 0.461500 0.045011 0.066000
0 0.235371 0.474250 0.042386 0.063500
0 0.290323 0.507000 0.042761 0.061000
0 0.218305 0.406750 0.049512 0.066500
0 0.262566 0.428250 0.043511 0.060500
0 0.315454 0.465500 0.043511 0.052000
0 0.341898 0.522750 0.045386 0.059500
0 0.384659 0.516750 0.045386 0.060500
0 0.244374 0.352250 0.043886 0.068500
0 0.294636 0.369500 0.051388 0.060000
0 0.293886 0.312000 0.048387 0.064000
0 0.335709 0.295500 0.045761 0.060000
0 0.348462 0.353500 0.042761 0.067000
0 0.332896 0.410500 0.047637 0.064000
0 0.373781 0.252250 0.044636 0.065500
0 0.374531 0.316000 0.053638 0.061000
0 0.412791 0.275750 0.044636 0.069500
0 0.431358 0.331750 0.045761 0.062500
0 0.382971 0.412750 0.039760 0.068500
0 0.363091 0.458500 0.048012 0.064000
0 0.387472 0.572500 0.044261 0.059000
0 0.406789 0.630750 0.040885 0.061500
0 0.389910 0.662250 0.045386 0.054500
0 0.414104 0.718250 0.051763 0.065500
0 0.458365 0.712000 0.042011 0.058000
0 0.438860 0.671750 0.048012 0.054500
0 0.471680 0.652000 0.046887 0.061000
0 0.495311 0.716750 0.047637 0.065500
0 0.434359 0.595250 0.045761 0.061500
0 0.413541 0.468500 0.048387 0.060000
0 0.436047 0.523750 0.045386 0.061500
0 0.432483 0.391750 0.053263 0.071500
0 0.473368 0.298000 0.043511 0.067000
0 0.512566 0.314250 0.042386 0.067500
0 0.505439 0.380500 0.050638 0.064000
0 0.452551 0.448750 0.049887 0.059500
0 0.497562 0.443000 0.050638 0.068000
0 0.477869 0.504500 0.049512 0.062000
0 0.478807 0.567000 0.047637 0.060000
0 0.511628 0.610250 0.048762 0.052500
0 0.522131 0.668250 0.052513 0.057500
0 0.542011 0.718250 0.048762 0.055500
0 0.583833 0.701000 0.042386 0.056000
0 0.569580 0.655500 0.045386 0.053000
0 0.555889 0.597000 0.053263 0.062000
0 0.522881 0.542000 0.055514 0.058000
0 0.549325 0.490250 0.047637 0.061500
0 0.581583 0.542750 0.047637 0.056500
0 0.591335 0.594500 0.040885 0.054000
0 0.549325 0.435250 0.052138 0.060500
0 0.563578 0.356000 0.048387 0.065000
0 0.560953 0.295000 0.042386 0.071000
0 0.604464 0.313250 0.050638 0.069500
0 0.631658 0.358250 0.048012 0.064500
0 0.592836 0.396500 0.048387 0.062000
0 0.595274 0.459500 0.051013 0.064000
0 0.630533 0.428750 0.044261 0.067500
0 0.617404 0.514000 0.047262 0.061000
0 0.635596 0.563750 0.046137 0.055500
0 0.635034 0.624250 0.046512 0.063500
0 0.623593 0.682500 0.045386 0.054000
0 0.656789 0.714750 0.041260 0.057500
0 0.695236 0.751500 0.040135 0.050000
0 0.695799 0.703000 0.038260 0.049000
0 0.675544 0.653000 0.045761 0.066000
0 0.682296 0.604750 0.048762 0.057500
0 0.669167 0.533500 0.044261 0.065000
0 0.670668 0.478750 0.048762 0.061500
0 0.688485 0.421750 0.052138 0.058500
0 0.682108 0.355000 0.049887 0.064000
0 0.674981 0.292000 0.047637 0.072000
0 0.725619 0.359000 0.042386 0.069000
0 0.722618 0.421500 0.044636 0.066000
0 0.732371 0.484250 0.047637 0.061500
0 0.741748 0.540750 0.052888 0.058500
0 0.722993 0.599500 0.046137 0.059000
0 0.720743 0.650000 0.049137 0.057000
0 0.725056 0.685500 0.042011 0.058000
0 0.760315 0.697500 0.039010 0.049000
0 0.773631 0.651000 0.041635 0.052000
0 0.762941 0.622750 0.045011 0.056500
0 0.770255 0.564500 0.042386 0.057000
0 0.809265 0.569750 0.041635 0.052500
0 0.834396 0.529500 0.039385 0.057000
0 0.793323 0.501750 0.046512 0.060500
0 0.774569 0.452000 0.043511 0.064000
0 0.773256 0.379500 0.050638 0.059000