0 0.108215 0.315250 0.041635 0.059500
0 0.187359 0.345000 0.040885 0.047000
0 0.216054 0.385750 0.039010 0.050500
0 0.234809 0.435000 0.038260 0.047000
0 0.257689 0.403750 0.035259 0.049500
0 0.241185 0.334250 0.035259 0.046500
0 0.220368 0.298250 0.037134 0.043500
0 0.211178 0.471000 0.039010 0.048000
0 0.234996 0.487750 0.034134 0.050500
0 0.217554 0.524000 0.035259 0.036000
0 0.251125 0.531000 0.037134 0.049000
0 0.129595 0.502250 0.040135 0.054500
0 0.164291 0.532750 0.050263 0.063500
0 0.179482 0.589250 0.041635 0.043500
0 0.276819 0.567500 0.040510 0.046000
0 0.264629 0.616000 0.042386 0.063000
0 0.305889 0.657750 0.042386 0.052500
0 0.321080 0.604250 0.039760 0.055500
0 0.362153 0.636000 0.034884 0.050000
0 0.353901 0.685500 0.034884 0.057000
0 0.403976 0.677500 0.041260 0.057000
0 0.397974 0.614000 0.042011 0.047000
0 0.375469 0.591500 0.035259 0.045000
0 0.339835 0.557750 0.036009 0.055500
0 0.378470 0.535500 0.039010 0.051000
0 0.316579 0.541500 0.036759 0.046000
0 0.280570 0.504500 0.037509 0.047000
0 0.274194 0.449750 0.039010 0.046500
0 0.300075 0.422750 0.039760 0.049500
0 0.326332 0.454750 0.037509 0.041500
0 0.333458 0.494000 0.035259 0.055000
0 0.359527 0.436250 0.037134 0.047500
0 0.391598 0.490000 0.040510 0.044000
0 0.314141 0.377000 0.037134 0.044000
0 0.352588 0.393500 0.036759 0.049000
0 0.395161 0.403500 0.036384 0.040000
0 0.380345 0.353500 0.036009 0.045000
0 0.347337 0.336250 0.036759 0.043500
0 0.287134 0.342750 0.038635 0.047500
0 0.308890 0.307500 0.040135 0.043000
0 0.259940 0.284750 0.039010 0.042500
0 0.237622 0.249000 0.037134 0.044000
0 0.259752 0.210750 0.040885 0.045500
0 0.282821 0.246250 0.037509 0.045500
0 0.281320 0.172500 0.036759 0.045000
0 0.323143 0.187000 0.033383 0.043000
0 0.310390 0.233000 0.030383 0.043000
0 0.356152 0.250500 0.032633 0.042000
0 0.347524 0.289750 0.034134 0.044500
0 0.385221 0.310500 0.035259 0.043000
0 0.384471 0.262500 0.033758 0.045000
0 0.378470 0.200500 0.039760 0.046000
0 0.355401 0.157000 0.041635 0.041000
0 0.418792 0.221500 0.034134 0.046000
0 0.458177 0.228250 0.037884 0.046500
0 0.429670 0.276500 0.039385 0.043000
0 0.464366 0.287000 0.035259 0.042000
0 0.485559 0.307500 0.038635 0.047000
0 0.510128 0.274250 0.039010 0.047500
0 0.421418 0.322000 0.033383 0.043000
0 0.452551 0.331250 0.037134 0.042500
0 0.485371 0.353500 0.039010 0.045000
0 0.523818 0.348000 0.037884 0.045000
0 0.422543 0.377250 0.031133 0.045500
0 0.457052 0.386000 0.033383 0.043000
0 0.490435 0.404250 0.037134 0.039500
0 0.505251 0.442750 0.036759 0.049500
0 0.464929 0.428750 0.038635 0.048500
0 0.426857 0.424250 0.036009 0.049500
0 0.404164 0.455000 0.037134 0.046000
0 0.430233 0.488000 0.033008 0.047000
0 0.424981 0.530000 0.035259 0.045000
0 0.452926 0.511500 0.035634 0.045000
0 0.450488 0.558000 0.037509 0.049000
0 0.412603 0.573750 0.034509 0.043500
0 0.439235 0.611250 0.038260 0.050500
0 0.470930 0.634250 0.031133 0.056500
0 0.438672 0.659250 0.037134 0.049500
0 0.494749 0.672250 0.034509 0.051500
0 0.450675 0.720000 0.037134 0.056000
0 0.493436 0.732000 0.040135 0.055000
0 0.530570 0.738750 0.032633 0.052500
0 0.533383 0.687250 0.035259 0.052500
0 0.515941 0.635500 0.037884 0.048000
0 0.491185 0.582500 0.038635 0.049000
0 0.494186 0.533750 0.036384 0.049500
0 0.493623 0.482500 0.039010 0.045000
0 0.520630 0.508000 0.036759 0.043000
0 0.535634 0.557500 0.035259 0.052000
0 0.547074 0.602750 0.037134 0.046500
0 0.557952 0.647500 0.040885 0.055000
0 0.609340 0.720500 0.050638 0.064000
0 0.596212 0.670500 0.036384 0.045000
0 0.631283 0.646750 0.036759 0.045500
0 0.663166 0.685750 0.039760 0.051500
0 0.591335 0.615500 0.034884 0.050000
0 0.572768 0.575000 0.036759 0.052000
0 0.606714 0.580250 0.034884 0.042500
0 0.646287 0.596000 0.041260 0.046000
0 0.602026 0.520750 0.039010 0.048500
0 0.557577 0.515750 0.036384 0.049500
0 0.571268 0.473250 0.033008 0.045500
0 0.539197 0.458250 0.034134 0.045500
0 0.560578 0.420750 0.035634 0.049500
0 0.526819 0.404000 0.033383 0.045000
0 0.558140 0.385750 0.034509 0.038500
0 0.594524 0.399750 0.038260 0.046500
0 0.578770 0.318000 0.039760 0.051000
0 0.596774 0.355750 0.033758 0.048500
0 0.628470 0.340750 0.037884 0.039500
0 0.620030 0.291000 0.034509 0.041000
0 0.654539 0.294000 0.038260 0.041000
0 0.678545 0.258250 0.031508 0.043500
0 0.701613 0.288500 0.035634 0.042000
0 0.658290 0.371250 0.039010 0.039500
0 0.671980 0.401750 0.035634 0.052500
0 0.626032 0.399250 0.033758 0.041500
0 0.626032 0.436750 0.040510 0.051500
0 0.653788 0.447500 0.037509 0.052000
0 0.632408 0.487500 0.037509 0.048000
0 0.667292 0.500250 0.036759 0.047500
0 0.688485 0.463250 0.034134 0.045500
0 0.702176 0.505500 0.034509 0.046000
0 0.667292 0.567000 0.038260 0.047000
0 0.692236 0.558250 0.034134 0.039500
0 0.733121 0.540000 0.038635 0.049000
0 0.741373 0.593000 0.036384 0.049000
0 0.734246 0.473500 0.036384 0.042000
0 0.709115 0.397750 0.038635 0.044500
0 0.731995 0.427500 0.029632 0.049000
0 0.759565 0.439750 0.033758 0.048500
0 0.728807 0.384500 0.031508 0.041000
0 0.756377 0.395250 0.035634 0.045500
0 0.774381 0.369000 0.032633 0.037000
0 0.694674 0.352750 0.039010 0.048500
0 0.722431 0.335250 0.035259 0.046500
0 0.740060 0.293000 0.036009 0.047000
0 0.766129 0.318000 0.039385 0.049000
0 0.772506 0.284500 0.029632 0.042000
0 0.716429 0.245750 0.033008 0.047500
0 0.757502 0.233500 0.034134 0.042000
0 0.773631 0.228250 0.027382 0.043500
0 0.803076 0.209750 0.030008 0.039500
0 0.806827 0.240250 0.033758 0.039500
0 0.807389 0.281500 0.034884 0.045000
0 0.822581 0.318500 0.033758 0.045000
0 0.836272 0.331750 0.022881 0.040500
0 0.866467 0.323000 0.032258 0.044000
0 0.838147 0.279750 0.031883 0.043500
0 0.864029 0.263000 0.034134 0.042000
0 0.845274 0.224250 0.031133 0.041500
0 0.829520 0.184000 0.034884 0.036000
0 0.877344 0.137500 0.032258 0.039000
0 0.907914 0.163750 0.028132 0.037500
0 0.883158 0.205000 0.031133 0.047000
0 0.883158 0.185500 0.034134 0.034000
0 0.915604 0.203500 0.028507 0.046000
0 0.960803 0.155500 0.027382 0.044000
0 0.940735 0.121750 0.026257 0.036500
0 0.975431 0.195750 0.037134 0.032500
0 0.949175 0.227250 0.033383 0.041500
0 0.963803 0.259000 0.031133 0.039000
0 0.912041 0.252250 0.032633 0.042500
0 0.892161 0.281000 0.031883 0.044000
0 0.926294 0.295000 0.028882 0.039000
0 0.911478 0.331500 0.032258 0.043000
0 0.902851 0.365750 0.036009 0.041500
0 0.951800 0.390000 0.034134 0.041000
0 0.850525 0.365750 0.028882 0.038500
0 0.852401 0.401000 0.029632 0.044000
0 0.867779 0.438000 0.034134 0.052000
0 0.875094 0.399250 0.027757 0.044500
0 0.825206 0.365000 0.033758 0.046000
0 0.801575 0.394750 0.033008 0.050500
0 0.801575 0.456500 0.033758 0.036000