0 0.184734 0.240000 0.045386 0.061000
0 0.227869 0.196250 0.049137 0.068500
0 0.144974 0.319750 0.045386 0.066500
0 0.139910 0.387500 0.051013 0.058000
0 0.162228 0.443750 0.056639 0.060500
0 0.198237 0.503500 0.049137 0.061000
0 0.227307 0.430250 0.053263 0.058500
0 0.221305 0.378500 0.053263 0.064000
0 0.219992 0.303250 0.048387 0.065500
0 0.239122 0.253750 0.053638 0.070500
0 0.300450 0.193500 0.046512 0.063000
0 0.285071 0.249000 0.048012 0.068000
0 0.263316 0.319250 0.042011 0.066500
0 0.299512 0.330000 0.053638 0.072000
0 0.280570 0.378500 0.050263 0.068000
0 0.278882 0.441250 0.050638 0.059500
0 0.256939 0.481250 0.050263 0.059500
0 0.239685 0.553000 0.044261 0.058000
0 0.274194 0.603500 0.049512 0.047000
0 0.314891 0.603500 0.043886 0.056000
0 0.313766 0.663250 0.048387 0.055500
0 0.347712 0.692000 0.045011 0.047000
0 0.383908 0.710750 0.040135 0.047500
0 0.390285 0.679750 0.042386 0.051500
0 0.365341 0.630500 0.043511 0.055000
0 0.414104 0.653750 0.043511 0.052500
0 0.283571 0.531250 0.038260 0.060500
0 0.321643 0.548250 0.039385 0.063500
0 0.301200 0.489250 0.046512 0.058500
0 0.330083 0.442500 0.045761 0.061000
0 0.366279 0.461000 0.046887 0.063000
0 0.352776 0.504000 0.042386 0.057000
0 0.355401 0.577250 0.045386 0.055500
0 0.327832 0.379750 0.048762 0.060500
0 0.390473 0.538000 0.044261 0.062000
0 0.400038 0.584750 0.040135 0.053500
0 0.435109 0.601000 0.048762 0.060000
0 0.429107 0.684750 0.035259 0.035500
0 0.450675 0.675750 0.042386 0.053500
0 0.427232 0.757250 0.043511 0.049500
0 0.447299 0.763000 0.027382 0.041000
0 0.467929 0.708500 0.042386 0.049000
0 0.489497 0.717250 0.027007 0.043500
0 0.487997 0.808250 0.041260 0.051500
0 0.524944 0.779500 0.032633 0.046000
0 0.557014 0.818000 0.034509 0.046000
0 0.558890 0.777000 0.036009 0.048000
0 0.525131 0.728250 0.037509 0.047500
0 0.561140 0.734750 0.039760 0.046500
0 0.486872 0.648000 0.028507 0.038000
0 0.472243 0.614250 0.042761 0.046500
0 0.508440 0.636750 0.043886 0.055500
0 0.508627 0.675250 0.024006 0.038500
0 0.525319 0.667250 0.034134 0.044500
0 0.549512 0.693500 0.032258 0.043000
0 0.571830 0.689250 0.049137 0.044500
0 0.593398 0.697000 0.035259 0.039000
0 0.608777 0.737500 0.039010 0.045000
0 0.609527 0.795000 0.043511 0.041000
0 0.354839 0.264500 0.045761 0.065000
0 0.380533 0.200250 0.048387 0.063500
0 0.403601 0.256250 0.042761 0.062500
0 0.388035 0.307000 0.047637 0.062000
0 0.374906 0.387500 0.046887 0.064000
0 0.420105 0.362250 0.054014 0.064500
0 0.407352 0.495250 0.042761 0.054500
0 0.439422 0.525250 0.040135 0.051500
0 0.426107 0.440250 0.045761 0.060500
0 0.457614 0.488250 0.047262 0.057500
0 0.485746 0.540250 0.039760 0.050500
0 0.517817 0.566250 0.045386 0.052500
0 0.556827 0.609750 0.038635 0.051500
0 0.591898 0.624500 0.040510 0.054000
0 0.602213 0.654750 0.040135 0.038500
0 0.624531 0.665250 0.032258 0.045500
0 0.647787 0.699250 0.037509 0.047500
0 0.651163 0.741250 0.036009 0.048500
0 0.591898 0.816250 0.035259 0.042500
0 0.616654 0.823750 0.021005 0.034500
0 0.635034 0.821250 0.039010 0.044500
0 0.650788 0.848000 0.041260 0.036000
0 0.667667 0.803250 0.041260 0.053500
0 0.697112 0.835750 0.035634 0.042500
0 0.722056 0.818000 0.033758 0.043000
0 0.744186 0.805000 0.031508 0.035000
0 0.734059 0.781250 0.042011 0.039500
0 0.694861 0.763500 0.036384 0.032000
0 0.696362 0.744750 0.041635 0.048500
0 0.724681 0.742250 0.038260 0.046500
0 0.752438 0.741750 0.032258 0.046500
0 0.764254 0.769500 0.035634 0.040000
0 0.786384 0.806500 0.032633 0.047000
0 0.854839 0.805750 0.038260 0.046500
0 0.798012 0.754500 0.043886 0.044000
0 0.780195 0.721000 0.036759 0.045000
0 0.736872 0.704000 0.037884 0.046000
0 0.692798 0.688250 0.039760 0.047500
0 0.666354 0.666250 0.040135 0.049500
0 0.640848 0.629750 0.046137 0.042500
0 0.596774 0.576750 0.045011 0.064500
0 0.625281 0.596250 0.035259 0.047500
0 0.557389 0.541750 0.043511 0.049500
0 0.504876 0.485250 0.041260 0.049500
0 0.536947 0.503000 0.042386 0.047000
0 0.486309 0.438750 0.048387 0.053500
0 0.460615 0.387000 0.047262 0.060000
0 0.456302 0.331500 0.042386 0.057000
0 0.499625 0.358750 0.042011 0.057500
0 0.536759 0.393500 0.045011 0.061000
0 0.537697 0.447000 0.042386 0.067000
0 0.572581 0.437500 0.040885 0.052000
0 0.583458 0.515750 0.043886 0.058500
0 0.452926 0.157500 0.045386 0.061000
0 0.428170 0.208500 0.046887 0.062000
0 0.452363 0.252250 0.051013 0.066500
0 0.496812 0.246750 0.043886 0.059500
0 0.542198 0.122000 0.043136 0.064000
0 0.523631 0.206250 0.045011 0.060500
0 0.535634 0.271250 0.047262 0.070500
0 0.497562 0.305000 0.045386 0.059000
0 0.537134 0.332250 0.044261 0.055500
0 0.576519 0.181750 0.045011 0.061500
0 0.569955 0.242000 0.044636 0.060000
0 0.571643 0.296250 0.045011 0.049500
0 0.572768 0.353250 0.042761 0.056500
0 0.611965 0.161750 0.042386 0.062500
0 0.603338 0.217500 0.039385 0.056000
0 0.610278 0.269250 0.044261 0.059500
0 0.603526 0.325000 0.042011 0.052000
0 0.606152 0.384250 0.042761 0.068500
0 0.614779 0.448500 0.036759 0.058000
0 0.641598 0.447250 0.034134 0.057500
0 0.623593 0.509000 0.040885 0.056000
0 0.633533 0.556750 0.048762 0.058500
0 0.662041 0.517000 0.045011 0.064000
0 0.664666 0.592000 0.039760 0.053000
0 0.683983 0.564000 0.044636 0.042000
0 0.693173 0.608750 0.036759 0.047500
0 0.698237 0.645500 0.037134 0.044000
0 0.820893 0.724500 0.037884 0.044000
0 0.855776 0.713500 0.036384 0.042000
0 0.740998 0.650750 0.040135 0.043500
0 0.775881 0.677750 0.048387 0.049500
0 0.808515 0.677250 0.035634 0.046500
0 0.854651 0.684000 0.041635 0.047000
0 0.730120 0.614500 0.043886 0.053000
0 0.767254 0.619250 0.037884 0.049500
0 0.810578 0.631750 0.045011 0.057500
0 0.848650 0.621750 0.041635 0.048500
0 0.706302 0.564500 0.030758 0.058000
0 0.739310 0.569000 0.039760 0.049000
0 0.777757 0.580000 0.038635 0.053000
0 0.816954 0.577250 0.045011 0.048500
0 0.859152 0.576000 0.043886 0.048000
0 0.689422 0.494750 0.046512 0.058500
0 0.717179 0.517750 0.038260 0.048500
0 0.757314 0.524750 0.038260 0.053500
0 0.793323 0.534000 0.044261 0.048000
0 0.837584 0.539250 0.051013 0.058500
0 0.651163 0.222750 0.047262 0.062500
0 0.647037 0.272500 0.045011 0.058000
0 0.693923 0.237000 0.045011 0.063000
0 0.696362 0.294750 0.053638 0.054500
0 0.659040 0.330000 0.045761 0.060000
0 0.647412 0.388000 0.044261 0.058000
0 0.694299 0.381750 0.045761 0.054500
0 0.679857 0.429750 0.043886 0.051500
0 0.721680 0.455750 0.043511 0.056500
0 0.742873 0.486250 0.044636 0.053500
0 0.741185 0.256500 0.049512 0.055000
0 0.753188 0.295750 0.048762 0.060500
0 0.721868 0.340250 0.049137 0.059500
0 0.781320 0.326250 0.036759 0.058500
0 0.759565 0.360750 0.044261 0.057500
0 0.784509 0.387500 0.038635 0.054000
0 0.751688 0.416250 0.040510 0.055500
0 0.774381 0.445750 0.044636 0.054500
0 0.812266 0.438000 0.043136 0.048000
0 0.797074 0.487750 0.043511 0.050500
0 0.834021 0.478500 0.042386 0.046000