0 0.326000 0.811140 0.081000 0.063391
0 0.395750 0.831958 0.065500 0.055514
0 0.471750 0.856714 0.075500 0.066767
0 0.566750 0.767442 0.073500 0.062266
0 0.598250 0.802138 0.069500 0.061890
0 0.681000 0.807202 0.083000 0.054014
0 0.746750 0.763128 0.066500 0.055139
0 0.695750 0.733683 0.077500 0.069767
0 0.625750 0.734621 0.070500 0.055139
0 0.583750 0.692423 0.068500 0.060015
0 0.516750 0.697112 0.074500 0.055889
0 0.452500 0.731433 0.077000 0.056264
0 0.389750 0.744561 0.066500 0.061515
0 0.388750 0.668042 0.068500 0.060015
0 0.456500 0.662978 0.069000 0.051388
0 0.517750 0.639722 0.075500 0.051388
0 0.599500 0.638035 0.075000 0.051013
0 0.667000 0.652663 0.076000 0.054014
0 0.758250 0.707802 0.071500 0.055514
0 0.761750 0.651163 0.083500 0.051763
0 0.696000 0.604651 0.083000 0.057764
0 0.611000 0.573143 0.073000 0.051763
0 0.542500 0.587209 0.070000 0.053638
0 0.466750 0.613466 0.066500 0.056639
0 0.391000 0.615529 0.075000 0.048762
0 0.358250 0.559827 0.064500 0.049137
0 0.436000 0.562828 0.074000 0.048387
0 0.482250 0.541823 0.069500 0.054389
0 0.550500 0.531883 0.062000 0.056264
0 0.634250 0.523818 0.067500 0.054389
0 0.697000 0.553451 0.068000 0.055889
0 0.760000 0.560578 0.070000 0.057389
0 0.828750 0.583833 0.076500 0.054389
0 0.843750 0.531695 0.075500 0.049137
0 0.736500 0.507877 0.067000 0.055514
0 0.655750 0.481620 0.066500 0.052513
0 0.564500 0.482933 0.070000 0.049887
0 0.465000 0.484996 0.067000 0.052513
0 0.384000 0.507689 0.068000 0.053638
0 0.317000 0.501500 0.073000 0.053263
0 0.238000 0.421230 0.075000 0.056264
0 0.363500 0.465491 0.057000 0.042761
0 0.401500 0.435109 0.091000 0.060765
0 0.317000 0.386347 0.082000 0.059265
0 0.242000 0.345274 0.067000 0.053638
0 0.249000 0.381845 0.073000 0.043511
0 0.304000 0.346212 0.074000 0.048012
0 0.231250 0.291448 0.061500 0.048762
0 0.164500 0.253001 0.069000 0.045386
0 0.362000 0.316017 0.067000 0.052138
0 0.392750 0.356714 0.079500 0.054014
0 0.454000 0.391973 0.079000 0.055514
0 0.524750 0.404914 0.078500 0.060390
0 0.607500 0.425731 0.070000 0.050263
0 0.674500 0.406602 0.073000 0.051763
0 0.715000 0.387847 0.075000 0.054014
0 0.758250 0.447862 0.080500 0.059265
0 0.822000 0.480495 0.081000 0.056264
0 0.847500 0.438672 0.081000 0.052888
0 0.784000 0.405476 0.080000 0.048012
0 0.569500 0.372468 0.062000 0.052513
0 0.540750 0.330458 0.064500 0.048012
0 0.610500 0.334771 0.070000 0.055889
0 0.716500 0.331770 0.064000 0.049887
0 0.796000 0.310390 0.065000 0.054389
0 0.735500 0.286384 0.072000 0.050638
0 0.683500 0.255251 0.078000 0.046137
0 0.654750 0.292386 0.072500 0.046887
0 0.586000 0.278507 0.068000 0.048387
0 0.545000 0.259377 0.061000 0.048387
0 0.595000 0.222243 0.072000 0.045386
0 0.618500 0.180983 0.067000 0.048387
0 0.565750 0.145536 0.074500 0.039760
0 0.512750 0.201425 0.071500 0.051013
0 0.474500 0.239122 0.080000 0.060390
0 0.449500 0.193923 0.070000 0.044261
0 0.433750 0.235934 0.051500 0.048012
0 0.423250 0.282258 0.082500 0.064141
0 0.462000 0.327269 0.084000 0.056639
0 0.346500 0.267254 0.077000 0.052888
0 0.373500 0.236497 0.071000 0.045386
0 0.388750 0.188672 0.061500 0.057014
0 0.334000 0.156789 0.064000 0.045011
0 0.304000 0.197299 0.063000 0.054014
0 0.252500 0.228245 0.066000 0.043886
0 0.207750 0.220743 0.066500 0.050638
0 0.219500 0.165791 0.059000 0.047262
0 0.267750 0.184171 0.060500 0.051013
0 0.277000 0.141973 0.065000 0.045386
0 0.187750 0.112903 0.067500 0.045011
0 0.238000 0.076894 0.065000 0.052513
0 0.323500 0.077457 0.068000 0.049137
0 0.289500 0.035071 0.062000 0.051388
0 0.359500 0.032821 0.061000 0.051388
0 0.428000 0.082708 0.046000 0.048387
0 0.469750 0.095274 0.078500 0.053263
0 0.503000 0.078582 0.071000 0.052888
0 0.424000 0.140473 0.063000 0.048387