0 0.361215 0.879750 0.072018 0.084500
0 0.434734 0.911750 0.069017 0.087500
0 0.354089 0.772750 0.071268 0.095500
0 0.425356 0.807750 0.072018 0.091500
0 0.488747 0.846750 0.072018 0.089500
0 0.338147 0.682000 0.066392 0.094000
0 0.410353 0.702000 0.068267 0.097000
0 0.480495 0.732750 0.072018 0.085500
0 0.549887 0.779000 0.079520 0.096000
0 0.323706 0.582000 0.069767 0.089000
0 0.387847 0.617000 0.065266 0.107000
0 0.459302 0.632500 0.074644 0.093000
0 0.535446 0.664500 0.078395 0.094000
0 0.607277 0.710000 0.078020 0.084000
0 0.307764 0.485500 0.074644 0.099000
0 0.389535 0.447500 0.070893 0.092000
0 0.441298 0.535500 0.076144 0.095000
0 0.512191 0.546750 0.070893 0.098500
0 0.581958 0.597250 0.078395 0.094500
0 0.663541 0.653500 0.084021 0.094000
0 0.741373 0.609250 0.086647 0.097500
0 0.640848 0.525750 0.081395 0.108500
0 0.715866 0.499000 0.082146 0.109000
0 0.558327 0.459000 0.075394 0.103000
0 0.478620 0.460500 0.074269 0.099000
0 0.824081 0.588250 0.084021 0.099500
0 0.867404 0.474000 0.085896 0.104000
0 0.852213 0.365000 0.078020 0.111000
0 0.756002 0.379500 0.078395 0.119000
0 0.632033 0.409750 0.077269 0.096500
0 0.685109 0.327500 0.080645 0.111000
0 0.800075 0.273750 0.085521 0.108500
0 0.726369 0.212000 0.083646 0.107000
0 0.620218 0.202750 0.080645 0.107500
0 0.599025 0.309750 0.085521 0.101500
0 0.516317 0.368750 0.082146 0.097500
0 0.531320 0.268250 0.076894 0.110500
0 0.533383 0.146000 0.081770 0.110000
0 0.403788 0.140000 0.075394 0.114000
0 0.436609 0.251750 0.075769 0.101500
0 0.430795 0.365000 0.071643 0.109000
0 0.365529 0.309250 0.067892 0.108500
0 0.300263 0.236000 0.074644 0.106000
0 0.278695 0.301250 0.073518 0.078500
0 0.294074 0.381000 0.072018 0.106000