0 0.058702 0.573500 0.049137 0.067000
0 0.107652 0.580000 0.046512 0.072000
0 0.113466 0.520000 0.049887 0.069000
0 0.141598 0.436000 0.056639 0.063000
0 0.157164 0.396750 0.054764 0.077500
0 0.180795 0.478500 0.054014 0.069000
0 0.231058 0.412000 0.054764 0.072000
0 0.232933 0.480000 0.045011 0.068000
0 0.274569 0.516250 0.054764 0.074500
0 0.269692 0.356000 0.052513 0.077000
0 0.225806 0.560250 0.051763 0.069500
0 0.180795 0.571250 0.048012 0.071500
0 0.158852 0.619000 0.044636 0.064000
0 0.088522 0.648250 0.056264 0.058500
0 0.147224 0.665250 0.051388 0.052500
0 0.185484 0.703750 0.046887 0.064500
0 0.206864 0.676000 0.047637 0.071000
0 0.239497 0.713750 0.049887 0.061500
0 0.268005 0.648250 0.049137 0.064500
0 0.290135 0.706750 0.049887 0.066500
0 0.335709 0.694000 0.054764 0.063000
0 0.341710 0.621750 0.045011 0.065500
0 0.283758 0.600000 0.061140 0.076000
0 0.328395 0.560500 0.058140 0.063000
0 0.319580 0.461750 0.048762 0.069500
0 0.367029 0.527000 0.054389 0.076000
0 0.379032 0.576000 0.047637 0.063000
0 0.358590 0.426500 0.049512 0.072000
0 0.404351 0.481250 0.054764 0.064500
0 0.445799 0.510750 0.053638 0.072500
0 0.340773 0.345500 0.055889 0.071000
0 0.374156 0.299250 0.052138 0.069500
0 0.409602 0.356250 0.057014 0.071500
0 0.435859 0.413500 0.056264 0.075000
0 0.475431 0.459000 0.047637 0.083000
0 0.404726 0.250000 0.054764 0.083000
0 0.470180 0.303000 0.054389 0.078000
0 0.488560 0.372000 0.058140 0.078000
0 0.432483 0.580250 0.051763 0.066500
0 0.485184 0.567750 0.051388 0.061500
0 0.433046 0.658000 0.048387 0.068000
0 0.399287 0.676000 0.048387 0.068000
0 0.426482 0.742000 0.054014 0.071000
0 0.472431 0.716000 0.049887 0.072000
0 0.513878 0.738250 0.045761 0.064500
0 0.518942 0.657500 0.049137 0.064000
0 0.531695 0.595250 0.050638 0.055500
0 0.533758 0.546500 0.051763 0.069000
0 0.526819 0.476250 0.049887 0.069500
0 0.530945 0.417250 0.051388 0.060500
0 0.507877 0.201750 0.055514 0.083500
0 0.527569 0.273000 0.061140 0.071000
0 0.545199 0.338750 0.055889 0.064500
0 0.585709 0.382250 0.058140 0.074500
0 0.624156 0.430500 0.054014 0.068000
0 0.593586 0.267000 0.054389 0.083000
0 0.620968 0.338000 0.055139 0.080000
0 0.660165 0.367750 0.052513 0.072500
0 0.676669 0.441000 0.048762 0.077000
0 0.662791 0.280500 0.046512 0.086000
0 0.692236 0.318250 0.042386 0.066500
0 0.580270 0.477500 0.049512 0.071000
0 0.627344 0.498500 0.051388 0.066000
0 0.692986 0.508500 0.049137 0.066000
0 0.584584 0.535750 0.047637 0.061500
0 0.579707 0.598250 0.049137 0.066500
0 0.583271 0.671000 0.043511 0.067000
0 0.639910 0.571250 0.045761 0.071500
0 0.679670 0.596000 0.050263 0.070000
0 0.643661 0.642000 0.057014 0.062000
0 0.673293 0.700250 0.049512 0.074500
0 0.626407 0.718750 0.048012 0.060500
0 0.581958 0.775000 0.051388 0.065000
0 0.633346 0.768750 0.049137 0.056500
0 0.638410 0.814000 0.046512 0.053000
0 0.678545 0.850500 0.051013 0.063000
0 0.675544 0.761250 0.045761 0.062500
0 0.728057 0.820250 0.048762 0.054500
0 0.775131 0.830750 0.045386 0.053500
0 0.776632 0.780750 0.049137 0.057500
0 0.814704 0.806750 0.048762 0.058500
0 0.724119 0.771000 0.046887 0.062000
0 0.711178 0.711250 0.048762 0.058500
0 0.723743 0.655750 0.055889 0.056500
0 0.767817 0.712000 0.051763 0.065000
0 0.751688 0.591000 0.057764 0.066000
0 0.761628 0.632250 0.049887 0.056500
0 0.816017 0.661500 0.049137 0.067000
0 0.826707 0.729000 0.045011 0.059000
0 0.870593 0.780500 0.049512 0.064000
0 0.887472 0.731500 0.046512 0.046000
0 0.903226 0.705250 0.051013 0.057500
0 0.860840 0.681750 0.048762 0.057500
0 0.906039 0.652500 0.053638 0.054000
0 0.865529 0.609750 0.055889 0.064500
0 0.822768 0.586000 0.049887 0.067000
0 0.784509 0.556500 0.047637 0.068000
0 0.932108 0.590250 0.048762 0.067500
0 0.734246 0.456750 0.055139 0.069500
0 0.760315 0.493000 0.063766 0.066000
0 0.820893 0.515750 0.051388 0.073500
0 0.871343 0.534000 0.056264 0.066000
0 0.893661 0.470500 0.049137 0.068000
0 0.845836 0.420750 0.051763 0.060500
0 0.790510 0.436750 0.052138 0.073500
0 0.745311 0.384500 0.051763 0.074000
0 0.756189 0.311250 0.052513 0.072500
0 0.787134 0.359250 0.046887 0.069500
0 0.859152 0.353000 0.056639 0.073000
0 0.852026 0.281500 0.061140 0.079000
0 0.798762 0.236250 0.058140 0.082500
0 0.711178 0.186250 0.056264 0.088500
0 0.741560 0.196750 0.046512 0.081500