0 0.421437 0.101750 0.039282 0.053500
0 0.467826 0.067250 0.037037 0.055500
0 0.500561 0.047000 0.043397 0.049000
0 0.502806 0.093500 0.042649 0.057000
0 0.547699 0.087750 0.039656 0.060500
0 0.568275 0.113000 0.043397 0.063000
0 0.607370 0.103250 0.043023 0.054500
0 0.606809 0.146000 0.045642 0.050000
0 0.665170 0.152500 0.044893 0.052000
0 0.624953 0.198000 0.041526 0.063000
0 0.617471 0.256500 0.043771 0.051000
0 0.658249 0.242500 0.041526 0.047000
0 0.580995 0.245000 0.035915 0.044000
0 0.560606 0.172000 0.038533 0.061000
0 0.545455 0.241250 0.041900 0.054500
0 0.515713 0.211000 0.040030 0.062000
0 0.501309 0.143250 0.045642 0.061500
0 0.463711 0.136500 0.040030 0.049000
0 0.437336 0.174250 0.047138 0.056500
0 0.404789 0.221000 0.045642 0.059000
0 0.454545 0.219500 0.038908 0.056000
0 0.493827 0.266000 0.042649 0.057000
0 0.573887 0.275750 0.043397 0.064500
0 0.650206 0.306000 0.041152 0.060000
0 0.655630 0.389500 0.041526 0.058000
0 0.601384 0.341750 0.040030 0.054500
0 0.488215 0.319750 0.042649 0.054500
0 0.449308 0.283000 0.040404 0.056000
0 0.410587 0.323000 0.042275 0.058000
0 0.365507 0.323000 0.044145 0.056000
0 0.364572 0.386750 0.043023 0.063500
0 0.414516 0.389000 0.041900 0.054000
0 0.454171 0.353250 0.038908 0.050500
0 0.486345 0.401500 0.041900 0.061000
0 0.523756 0.351000 0.045642 0.058000
0 0.565844 0.372250 0.041526 0.057500
0 0.608679 0.394250 0.047138 0.060500
0 0.653199 0.448500 0.044145 0.053000
0 0.590535 0.445000 0.040778 0.054000
0 0.543771 0.414750 0.043771 0.059500
0 0.438085 0.448750 0.042649 0.056500
0 0.391321 0.432000 0.041900 0.061000
0 0.344557 0.507250 0.041152 0.066500
0 0.330902 0.436750 0.043023 0.064500
0 0.385709 0.496750 0.044145 0.061500
0 0.437710 0.498250 0.040404 0.054500
0 0.480920 0.500500 0.040030 0.052000
0 0.505238 0.461250 0.044519 0.059500
0 0.522634 0.514250 0.043397 0.063500
0 0.562851 0.509000 0.042275 0.064000
0 0.622334 0.485250 0.042275 0.060500
0 0.601010 0.548750 0.040778 0.063500
0 0.599514 0.608250 0.044519 0.058500
0 0.547325 0.570750 0.043397 0.057500
0 0.367565 0.601500 0.045267 0.062000
0 0.408343 0.643250 0.044519 0.053500
0 0.517770 0.609750 0.040404 0.057500
0 0.560232 0.643750 0.043023 0.063500
0 0.616536 0.677500 0.044893 0.060000
0 0.574448 0.703750 0.042275 0.065500
0 0.529368 0.685250 0.047138 0.065500
0 0.482043 0.677250 0.041526 0.067500
0 0.439020 0.690500 0.042275 0.067000
0 0.384587 0.701500 0.049383 0.058000
0 0.345118 0.687000 0.046016 0.058000
0 0.297045 0.710500 0.044893 0.061000
0 0.337823 0.749250 0.046390 0.062500
0 0.318369 0.803000 0.041900 0.062000
0 0.470258 0.738750 0.049383 0.058500
0 0.542462 0.742750 0.047138 0.059500
0 0.601945 0.755000 0.038908 0.060000
0 0.644968 0.725750 0.042649 0.057500
0 0.628694 0.824500 0.042275 0.067000
0 0.557426 0.798750 0.046390 0.063500
0 0.506547 0.803500 0.050879 0.065000
0 0.449308 0.830250 0.047886 0.066500
0 0.583053 0.849750 0.044519 0.061500
0 0.535728 0.843000 0.046390 0.058000
0 0.491021 0.859000 0.048260 0.065000
0 0.443696 0.888250 0.045642 0.063500
0 0.383277 0.890250 0.048260 0.069500
0 0.337074 0.872750 0.047138 0.066500
0 0.555743 0.899750 0.043771 0.055500
0 0.594089 0.922750 0.044145 0.064500
0 0.632435 0.932500 0.040778 0.054000
0 0.673401 0.955000 0.043397 0.060000
0 0.607370 0.883250 0.041526 0.055500
0 0.666480 0.898750 0.042275 0.056500
0 0.710251 0.918000 0.045267 0.060000
0 0.759633 0.891250 0.043023 0.056500
0 0.715301 0.849000 0.043397 0.059000
0 0.673588 0.843750 0.048260 0.057500
0 0.658810 0.783000 0.045642 0.050000
0 0.724654 0.781750 0.041900 0.058500
0 0.752338 0.815500 0.044145 0.057000
0 0.774411 0.858250 0.036663 0.050500
0 0.771231 0.760500 0.043771 0.061000
0 0.777217 0.702500 0.043771 0.055000
0 0.738122 0.720750 0.041900 0.056500
0 0.692293 0.726500 0.043023 0.056000
0 0.664422 0.672250 0.038908 0.055500
0 0.701085 0.662500 0.038908 0.056000
0 0.757576 0.648250 0.041152 0.058500
0 0.801721 0.662750 0.038159 0.060500
0 0.783202 0.606500 0.044519 0.056000
0 0.687243 0.608250 0.047138 0.051500
0 0.633184 0.626250 0.037037 0.053500
0 0.640666 0.567000 0.042275 0.054000
0 0.709877 0.566250 0.046016 0.058500
0 0.747475 0.564500 0.040404 0.049000
0 0.788253 0.537750 0.037411 0.048500
0 0.810513 0.487500 0.038533 0.052000
0 0.755518 0.510000 0.043023 0.056000
0 0.706322 0.502000 0.041900 0.058000
0 0.664609 0.514250 0.042275 0.061500
0 0.737935 0.457000 0.045267 0.050000
0 0.793303 0.442500 0.042275 0.051000
0 0.812383 0.379500 0.042275 0.062000
0 0.754209 0.397250 0.041900 0.054500
0 0.703517 0.409500 0.041526 0.058000
0 0.683502 0.344750 0.046390 0.064500
0 0.724093 0.356750 0.041526 0.058500
0 0.772540 0.357000 0.032922 0.039000
0 0.756453 0.310750 0.042649 0.053500
0 0.698840 0.273000 0.042649 0.062000
0 0.685185 0.197250 0.042275 0.060500
0 0.679012 0.100000 0.039656 0.061000