0 0.056865 0.306250 0.048634 0.046500
0 0.099140 0.283250 0.053124 0.055500
0 0.149645 0.283250 0.044893 0.057500
0 0.173401 0.255000 0.049757 0.058000
0 0.188926 0.181500 0.052376 0.062000
0 0.231388 0.227500 0.037785 0.066000
0 0.236813 0.172500 0.045642 0.054000
0 0.278713 0.226500 0.056117 0.072000
0 0.061541 0.364250 0.048260 0.056500
0 0.104003 0.403000 0.047886 0.050000
0 0.118967 0.361500 0.047138 0.050000
0 0.177329 0.341500 0.038159 0.055000
0 0.218294 0.338000 0.042275 0.056000
0 0.181444 0.390000 0.046390 0.040000
0 0.164796 0.434250 0.043023 0.052500
0 0.124392 0.464250 0.040778 0.051500
0 0.080995 0.451250 0.043771 0.044500
0 0.152450 0.485750 0.047512 0.040500
0 0.127385 0.525750 0.039282 0.051500
0 0.164796 0.542250 0.043023 0.037500
0 0.212121 0.540750 0.043397 0.043500
0 0.263562 0.568250 0.037785 0.054500
0 0.249906 0.519000 0.044893 0.045000
0 0.202207 0.490250 0.041526 0.042500
0 0.211560 0.440750 0.042275 0.047500
0 0.235877 0.479000 0.041526 0.047000
0 0.237187 0.395750 0.045642 0.054500
0 0.252151 0.438250 0.041900 0.044500
0 0.276655 0.409500 0.043771 0.049000
0 0.291059 0.453500 0.047886 0.050000
0 0.277778 0.492500 0.040030 0.048000
0 0.293490 0.529500 0.037037 0.052000
0 0.315750 0.565250 0.042649 0.044500
0 0.335204 0.532750 0.038908 0.047500
0 0.321362 0.492500 0.038908 0.041000
0 0.354097 0.580750 0.037785 0.053500
0 0.385522 0.558250 0.038533 0.046500
0 0.388889 0.589250 0.037785 0.045500
0 0.421811 0.569250 0.035541 0.048500
0 0.431725 0.610250 0.035915 0.045500
0 0.369809 0.512000 0.038533 0.044000
0 0.402731 0.493750 0.041526 0.045500
0 0.419005 0.519750 0.035915 0.055500
0 0.329405 0.442750 0.041526 0.045500
0 0.358773 0.471500 0.040404 0.048000
0 0.344931 0.413000 0.044893 0.057000
0 0.383651 0.439750 0.037785 0.051500
0 0.401235 0.395000 0.046016 0.050000
0 0.423120 0.439500 0.036663 0.055000
0 0.439207 0.402000 0.043397 0.056000
0 0.448560 0.486000 0.038159 0.041000
0 0.452301 0.530000 0.037411 0.051000
0 0.454358 0.580750 0.038533 0.036500
0 0.463898 0.613750 0.034418 0.039500
0 0.267116 0.353250 0.038908 0.054500
0 0.307520 0.370250 0.041900 0.051500
0 0.318556 0.325000 0.046016 0.054000
0 0.270108 0.303250 0.045642 0.054500
0 0.338384 0.226000 0.046764 0.061000
0 0.341377 0.161000 0.046764 0.067000
0 0.387018 0.217750 0.049757 0.064500
0 0.409839 0.161000 0.050505 0.065000
0 0.433782 0.227500 0.047512 0.061000
0 0.407407 0.271500 0.043397 0.060000
0 0.357276 0.295250 0.045642 0.049500
0 0.361018 0.344250 0.044893 0.051500
0 0.397493 0.337250 0.044519 0.057500
0 0.437336 0.351500 0.036663 0.061000
0 0.448560 0.294250 0.043397 0.050500
0 0.471755 0.194500 0.046390 0.057000
0 0.477740 0.251500 0.045642 0.054000
0 0.518893 0.224250 0.047886 0.061500
0 0.515713 0.281000 0.043771 0.055000
0 0.553498 0.268250 0.049757 0.061500
0 0.515339 0.336250 0.040030 0.057500
0 0.475496 0.349750 0.044145 0.060500
0 0.484661 0.398000 0.043771 0.046000
0 0.528432 0.388250 0.041526 0.048500
0 0.510288 0.434000 0.039656 0.049000
0 0.474373 0.455250 0.036663 0.050500
0 0.506173 0.484250 0.035915 0.054500
0 0.484474 0.517750 0.039656 0.055500
0 0.485223 0.552500 0.041152 0.046000
0 0.489151 0.583000 0.034792 0.038000
0 0.501496 0.627500 0.040778 0.033000
0 0.524317 0.649250 0.027310 0.039500
0 0.529181 0.598750 0.037037 0.048500
0 0.520576 0.565750 0.040030 0.036500
0 0.526188 0.515500 0.034792 0.043000
0 0.553872 0.544000 0.037037 0.042000
0 0.559671 0.578000 0.036663 0.034000
0 0.561915 0.629250 0.038159 0.052500
0 0.592967 0.645500 0.033670 0.043000
0 0.595773 0.607750 0.038533 0.028500
0 0.593902 0.574000 0.030303 0.044000
0 0.592967 0.526250 0.037411 0.031500
0 0.543771 0.473250 0.038533 0.053500
0 0.557987 0.497250 0.038533 0.040500
0 0.592780 0.491000 0.039282 0.043000
0 0.583240 0.446500 0.042649 0.049000
0 0.560232 0.405000 0.040030 0.042000
0 0.574448 0.371000 0.044519 0.055000
0 0.602319 0.407250 0.039656 0.050500
0 0.635990 0.432250 0.037411 0.055500
0 0.631313 0.508250 0.040778 0.038500
0 0.629443 0.555000 0.040030 0.044000
0 0.555930 0.327500 0.039656 0.057000
0 0.604190 0.268500 0.041900 0.063000
0 0.601571 0.330000 0.045642 0.060000
0 0.643472 0.304000 0.044893 0.057000
0 0.684811 0.282000 0.037785 0.056000
0 0.669098 0.340750 0.042275 0.052500
0 0.631687 0.359500 0.043771 0.056000
0 0.655630 0.389000 0.043771 0.054000
0 0.684063 0.421750 0.037785 0.060500
0 0.702768 0.357000 0.038533 0.055000
0 0.664048 0.471000 0.042649 0.052000
0 0.696783 0.473750 0.034792 0.048500
0 0.665170 0.510500 0.036663 0.041000
0 0.665918 0.547500 0.040404 0.042000
0 0.702955 0.525000 0.038159 0.050000
0 0.679761 0.576500 0.039656 0.041000
0 0.642536 0.592000 0.040778 0.040000
0 0.630565 0.622750 0.042275 0.031500
0 0.632248 0.665250 0.035166 0.045500
0 0.672091 0.682250 0.034792 0.036500
0 0.669285 0.642250 0.035166 0.029500
0 0.672652 0.613250 0.037411 0.038500
0 0.716798 0.674500 0.034418 0.040000
0 0.710999 0.642000 0.037037 0.036000
0 0.748410 0.655250 0.033296 0.039500
0 0.745604 0.621000 0.036663 0.044000
0 0.775720 0.624500 0.031799 0.037000
0 0.710999 0.601000 0.034792 0.043000
0 0.716611 0.561000 0.035541 0.044000
0 0.749532 0.579250 0.035541 0.031500
0 0.786008 0.588750 0.034418 0.039500
0 0.812757 0.611500 0.037037 0.044000
0 0.831650 0.571000 0.043397 0.034000
0 0.775907 0.552750 0.036663 0.043500
0 0.742424 0.529000 0.038533 0.040000
0 0.734755 0.493000 0.041900 0.039000
0 0.774037 0.510000 0.038159 0.045000
0 0.734381 0.443500 0.038908 0.048000
0 0.768238 0.465000 0.037785 0.048000
0 0.723158 0.397750 0.036663 0.047500
0 0.749158 0.336000 0.046764 0.064000
0 0.775159 0.390750 0.042649 0.053500
0 0.767490 0.419250 0.037785 0.038500
0 0.807520 0.386250 0.034044 0.054500
0 0.803591 0.436750 0.041900 0.053500
0 0.809577 0.490000 0.032922 0.051000
0 0.815189 0.526250 0.034418 0.047500
0 0.845679 0.530750 0.034792 0.050500
0 0.849607 0.488250 0.038908 0.038500
0 0.849233 0.455750 0.041900 0.048500