0 0.092648 0.454500 0.039760 0.047000
0 0.115154 0.423000 0.035259 0.054000
0 0.144974 0.402500 0.039385 0.045000
0 0.162228 0.351000 0.037884 0.056000
0 0.185859 0.383250 0.026632 0.043500
0 0.205176 0.364000 0.045761 0.045000
0 0.184734 0.427500 0.037134 0.051000
0 0.162603 0.455500 0.038635 0.049000
0 0.189422 0.329000 0.041260 0.050000
0 0.131095 0.506750 0.037134 0.053500
0 0.090210 0.512250 0.043886 0.056500
0 0.114029 0.545000 0.043511 0.048000
0 0.114029 0.593000 0.043511 0.060000
0 0.157727 0.552000 0.035634 0.055000
0 0.172168 0.506000 0.044261 0.050000
0 0.166917 0.599500 0.044261 0.047000
0 0.100900 0.704500 0.039760 0.051000
0 0.171793 0.723750 0.034509 0.064500
0 0.169355 0.769750 0.048387 0.049500
0 0.188110 0.809250 0.046887 0.040500
0 0.232183 0.795000 0.041260 0.051000
0 0.218305 0.749750 0.031508 0.052500
0 0.219242 0.699750 0.039385 0.050500
0 0.195049 0.659500 0.048012 0.057000
0 0.233871 0.642000 0.042386 0.052000
0 0.217742 0.599250 0.045386 0.042500
0 0.224119 0.557000 0.037884 0.050000
0 0.256564 0.578750 0.040510 0.052500
0 0.276819 0.546000 0.051013 0.058000
0 0.298575 0.581750 0.040510 0.046500
0 0.296699 0.622500 0.032258 0.054000
0 0.263691 0.687250 0.038260 0.048500
0 0.299887 0.685000 0.037884 0.058000
0 0.259565 0.727500 0.039010 0.049000
0 0.292761 0.741750 0.037134 0.049500
0 0.259190 0.775000 0.029257 0.056000
0 0.269130 0.831750 0.043136 0.055500
0 0.292761 0.800250 0.043136 0.053500
0 0.304014 0.852250 0.042386 0.034500
0 0.335146 0.801250 0.040885 0.053500
0 0.365716 0.784750 0.043511 0.046500
0 0.333458 0.753000 0.042011 0.044000
0 0.328957 0.725250 0.039010 0.048500
0 0.378470 0.737000 0.038260 0.054000
0 0.370405 0.691250 0.039385 0.050500
0 0.344524 0.660750 0.039385 0.050500
0 0.332146 0.609500 0.043886 0.059000
0 0.369842 0.622250 0.039010 0.052500
0 0.372468 0.584250 0.037509 0.052500
0 0.338710 0.544250 0.045761 0.052500
0 0.322768 0.498250 0.041635 0.054500
0 0.283196 0.490500 0.038260 0.051000
0 0.244186 0.501500 0.047262 0.049000
0 0.243248 0.465250 0.040135 0.044500
0 0.228432 0.421750 0.038260 0.048500
0 0.265941 0.442000 0.041260 0.059000
0 0.310015 0.455000 0.040135 0.056000
0 0.253751 0.347250 0.040135 0.040500
0 0.269692 0.378500 0.042761 0.051000
0 0.221868 0.289250 0.041635 0.050500
0 0.250375 0.294750 0.046137 0.041500
0 0.268567 0.261500 0.041260 0.051000
0 0.313578 0.301500 0.046512 0.051000
0 0.295011 0.341250 0.035634 0.052500
0 0.326707 0.351000 0.050263 0.054000
0 0.308140 0.395500 0.040135 0.059000
0 0.335709 0.410000 0.038260 0.045000
0 0.361965 0.453250 0.042761 0.055500
0 0.380908 0.486250 0.047637 0.052500
0 0.374156 0.398000 0.037884 0.051000
0 0.373593 0.351000 0.036759 0.050000
0 0.367779 0.322000 0.035634 0.030000
0 0.358215 0.283000 0.035259 0.048000
0 0.364966 0.226250 0.037509 0.040500
0 0.357839 0.197250 0.040510 0.048500
0 0.399850 0.196500 0.037509 0.044000
0 0.397224 0.235000 0.042761 0.050000
0 0.428545 0.223500 0.028132 0.055000
0 0.449362 0.261750 0.042011 0.052500
0 0.400038 0.278000 0.037134 0.048000
0 0.413728 0.319750 0.036759 0.047500
0 0.439985 0.293000 0.040510 0.043000
0 0.438860 0.345750 0.043511 0.042500
0 0.472993 0.332000 0.038260 0.038000
0 0.490623 0.370250 0.040510 0.047500
0 0.517817 0.396000 0.031133 0.057000
0 0.405851 0.381500 0.033758 0.049000
0 0.455364 0.391250 0.030008 0.050500
0 0.405476 0.453000 0.037509 0.054000
0 0.420293 0.499250 0.035634 0.053500
0 0.453488 0.485250 0.039760 0.051500
0 0.449925 0.437000 0.039385 0.046000
0 0.493061 0.421500 0.042386 0.048000
0 0.494561 0.467500 0.037134 0.048000
0 0.530195 0.447000 0.034884 0.052000
0 0.525694 0.500500 0.045386 0.049000
0 0.559265 0.517750 0.034509 0.052500
0 0.560765 0.460000 0.032258 0.050000
0 0.480870 0.520250 0.038260 0.049500
0 0.462116 0.561250 0.041260 0.052500
0 0.398350 0.537500 0.042011 0.049000
0 0.409790 0.579000 0.041635 0.052000
0 0.407164 0.631500 0.044636 0.051000
0 0.444674 0.615750 0.037134 0.059500
0 0.485746 0.599000 0.039010 0.049000
0 0.433608 0.674500 0.040510 0.045000
0 0.405851 0.709250 0.040510 0.054500
0 0.427232 0.746500 0.040510 0.047000
0 0.400788 0.774250 0.029632 0.053500
0 0.386722 0.823000 0.036009 0.030000
0 0.419355 0.840750 0.036759 0.032500
0 0.432108 0.804500 0.039010 0.045000
0 0.463241 0.786500 0.038260 0.055000
0 0.469430 0.827500 0.042386 0.045000
0 0.508252 0.840500 0.042761 0.035000
0 0.500938 0.804000 0.040135 0.040000
0 0.452363 0.708500 0.039010 0.049000
0 0.492498 0.725000 0.039760 0.056000
0 0.517442 0.742750 0.042386 0.037500
0 0.524381 0.706500 0.040510 0.045000
0 0.471118 0.658250 0.034509 0.058500
0 0.504126 0.661250 0.039010 0.068500
0 0.524381 0.619750 0.039010 0.050500
0 0.543511 0.661750 0.038260 0.053500
0 0.570518 0.698750 0.043511 0.052500
0 0.580270 0.770750 0.047262 0.066500
0 0.546887 0.806500 0.040510 0.057000
0 0.553451 0.846750 0.038635 0.037500
0 0.587022 0.845500 0.030758 0.046000
0 0.588522 0.817250 0.044261 0.041500
0 0.601838 0.872250 0.030383 0.030500
0 0.612716 0.816750 0.033383 0.051500
0 0.627344 0.845000 0.039385 0.045000
0 0.641973 0.888750 0.039385 0.040500
0 0.639910 0.799750 0.033008 0.054500
0 0.610653 0.748000 0.036009 0.046000
0 0.602026 0.702500 0.038260 0.053000
0 0.639535 0.725250 0.035259 0.044500
0 0.581020 0.653000 0.033758 0.048000
0 0.626032 0.661500 0.044261 0.053000
0 0.642911 0.684000 0.043511 0.052000
0 0.652851 0.625000 0.037884 0.048000
0 0.629220 0.593000 0.035634 0.051000
0 0.590585 0.593500 0.036384 0.045000
0 0.562828 0.620500 0.043136 0.052000
0 0.558702 0.575500 0.038635 0.047000
0 0.529257 0.548750 0.041260 0.045500
0 0.590585 0.552500 0.034134 0.053000
0 0.622281 0.542250 0.038260 0.056500
0 0.587959 0.503000 0.038635 0.050000
0 0.597524 0.458000 0.038260 0.050000
0 0.593961 0.408500 0.038635 0.049000
0 0.556264 0.383250 0.040510 0.051500
0 0.532071 0.339750 0.040885 0.050500
0 0.488372 0.280250 0.034509 0.051500
0 0.482371 0.243750 0.037509 0.042500
0 0.470930 0.192750 0.035634 0.050500
0 0.503563 0.190000 0.034134 0.046000
0 0.521943 0.215500 0.036384 0.047000
0 0.521755 0.255250 0.034509 0.048500
0 0.558515 0.237750 0.038260 0.047500
0 0.545386 0.293500 0.034509 0.049000
0 0.557014 0.283750 0.030758 0.043500
0 0.567892 0.333500 0.034509 0.053000
0 0.596212 0.310000 0.040885 0.049000
0 0.591335 0.367750 0.037884 0.044500
0 0.587584 0.210250 0.034134 0.039500
0 0.622468 0.171750 0.033383 0.038500
0 0.618342 0.236500 0.034134 0.039000
0 0.606714 0.262500 0.040885 0.050000
0 0.645536 0.281250 0.029257 0.045500
0 0.666542 0.231000 0.041260 0.052000
0 0.689610 0.272250 0.029632 0.051500
0 0.722618 0.286750 0.034134 0.052500
0 0.635409 0.308500 0.033008 0.041000
0 0.627344 0.338250 0.034134 0.041500
0 0.644036 0.369500 0.033758 0.045000
0 0.668605 0.345500 0.034134 0.046000
0 0.692798 0.337000 0.030758 0.046000
0 0.729557 0.363750 0.035259 0.045500
0 0.757877 0.341250 0.031883 0.045500
0 0.687734 0.383250 0.037884 0.050500
0 0.625281 0.405000 0.033758 0.049000
0 0.648162 0.425750 0.033008 0.051500
0 0.671980 0.453000 0.035634 0.054000
0 0.680420 0.417250 0.031508 0.044500
0 0.728807 0.413250 0.033758 0.041500
0 0.635596 0.471250 0.034134 0.042500
0 0.648912 0.501500 0.039010 0.039000
0 0.682671 0.502500 0.031508 0.043000
0 0.711928 0.497750 0.035259 0.052500
0 0.735934 0.459750 0.036009 0.051500
0 0.766129 0.458750 0.032633 0.050500
0 0.767067 0.501250 0.036759 0.043500
0 0.678920 0.550000 0.039760 0.046000
0 0.707989 0.563750 0.037884 0.047500
0 0.736497 0.548500 0.034884 0.048000
0 0.755439 0.585750 0.039010 0.043500
0 0.719805 0.606250 0.038260 0.044500
0 0.680608 0.611500 0.030383 0.053000
0 0.683046 0.657250 0.043511 0.038500
0 0.720930 0.647000 0.039010 0.047000
0 0.749437 0.629750 0.031508 0.047500
0 0.737997 0.688750 0.040135 0.045500
0 0.681920 0.723250 0.037509 0.045500
0 0.717179 0.717500 0.042011 0.039000
0 0.698612 0.762250 0.037134 0.047500
0 0.742873 0.794500 0.034884 0.055000
0 0.707427 0.807250 0.034509 0.046500
0 0.673293 0.791500 0.033758 0.054000
0 0.679857 0.876750 0.040135 0.050500
0 0.729745 0.864500 0.037134 0.050000
0 0.753188 0.850250 0.034509 0.043500
0 0.774194 0.815000 0.027007 0.048000
0 0.810203 0.850000 0.042011 0.044000
0 0.814329 0.814750 0.036759 0.046500
0 0.792011 0.772000 0.031133 0.054000
0 0.759752 0.739500 0.035634 0.041000
0 0.846024 0.787250 0.032633 0.053500
0 0.887472 0.785750 0.034509 0.051500
0 0.823143 0.727500 0.037884 0.051000
0 0.851088 0.715000 0.036759 0.046000
0 0.890098 0.726000 0.033758 0.046000
0 0.778882 0.702250 0.033383 0.050500
0 0.793886 0.656000 0.031883 0.049000
0 0.814704 0.672000 0.030008 0.046000
0 0.778320 0.617250 0.033758 0.047500
0 0.828582 0.627000 0.029257 0.048000
0 0.768942 0.562000 0.028507 0.042000
0 0.821455 0.581000 0.037509 0.044000
0 0.859715 0.630500 0.033008 0.049000
0 0.869655 0.673250 0.036384 0.043500
0 0.912978 0.700500 0.033758 0.043000
0 0.891223 0.631750 0.031508 0.048500
0 0.916917 0.649500 0.028132 0.045000
0 0.867967 0.563250 0.031508 0.047500
0 0.807577 0.527500 0.030758 0.043000
0 0.820518 0.544750 0.027382 0.038500
0 0.809265 0.500000 0.032633 0.038000
0 0.846024 0.521250 0.030383 0.045500
0 0.803826 0.466000 0.032258 0.046000
0 0.776632 0.358000 0.031883 0.041000
0 0.773818 0.402500 0.032258 0.045000
0 0.811890 0.428750 0.036384 0.037500
0 0.843398 0.467750 0.031133 0.047500
0 0.910540 0.520250 0.029632 0.048500
0 0.909040 0.565000 0.029632 0.042000
0 0.893473 0.594750 0.033008 0.039500
0 0.924606 0.609750 0.031508 0.044500
0 0.943548 0.655250 0.028132 0.044500
0 0.957802 0.706250 0.039385 0.045500
0 0.937734 0.761750 0.033758 0.047500