0 0.206302 0.350750 0.042761 0.069500
0 0.207239 0.393000 0.042386 0.053000
0 0.236684 0.453250 0.039760 0.060500
0 0.203113 0.505500 0.035634 0.057000
0 0.234621 0.518500 0.046137 0.057000
0 0.261628 0.566500 0.042386 0.053000
0 0.258627 0.612000 0.035634 0.057000
0 0.264066 0.666750 0.043511 0.060500
0 0.295199 0.727000 0.030758 0.058000
0 0.313766 0.746250 0.038635 0.057500
0 0.319955 0.657750 0.039010 0.053500
0 0.351275 0.651000 0.047637 0.056000
0 0.383721 0.719000 0.038260 0.074000
0 0.395349 0.661250 0.042011 0.054500
0 0.430795 0.626000 0.046137 0.057000
0 0.440173 0.690000 0.044636 0.062000
0 0.462303 0.675500 0.043886 0.062000
0 0.478807 0.628000 0.049137 0.064000
0 0.397974 0.592250 0.042761 0.058500
0 0.346024 0.578750 0.041635 0.056500
0 0.317142 0.543500 0.040885 0.055000
0 0.323331 0.588250 0.033008 0.046500
0 0.364966 0.539500 0.042761 0.048000
0 0.405851 0.536000 0.039760 0.062000
0 0.439985 0.543000 0.042011 0.064000
0 0.406602 0.491250 0.040510 0.060500
0 0.348837 0.497250 0.046512 0.065500
0 0.310203 0.464000 0.037509 0.066000
0 0.279445 0.491500 0.041260 0.066000
0 0.276444 0.420750 0.040510 0.058500
0 0.294074 0.397000 0.041260 0.065000
0 0.263316 0.359000 0.045761 0.065000
0 0.236309 0.293250 0.043511 0.071500
0 0.266129 0.263500 0.045386 0.074000
0 0.316767 0.325250 0.045386 0.068500
0 0.352026 0.371250 0.040885 0.063500
0 0.371905 0.425000 0.034884 0.069000
0 0.416542 0.406250 0.044636 0.070500
0 0.442798 0.469750 0.047637 0.078500
0 0.475244 0.414250 0.048012 0.080500
0 0.420293 0.344500 0.056639 0.067000
0 0.381095 0.327250 0.040510 0.079500
0 0.349587 0.300500 0.042011 0.066000
0 0.332333 0.228750 0.045011 0.073500
0 0.384659 0.218250 0.043886 0.072500
0 0.423481 0.256750 0.055514 0.070500
0 0.351650 0.152750 0.049887 0.077500
0 0.281883 0.163500 0.046137 0.083000
0 0.369842 0.070500 0.051763 0.081000
0 0.415979 0.125750 0.047262 0.085500
0 0.457614 0.190000 0.043511 0.078000
0 0.470743 0.119250 0.055514 0.076500
0 0.499625 0.173750 0.052513 0.081500
0 0.516879 0.069250 0.048762 0.085500
0 0.558890 0.094500 0.060015 0.080000
0 0.550825 0.182250 0.058140 0.085500
0 0.489685 0.241000 0.047637 0.077000
0 0.491185 0.323250 0.049887 0.078500
0 0.546887 0.299500 0.063766 0.084000
0 0.564516 0.359250 0.056264 0.073500
0 0.534509 0.413000 0.056264 0.061000
0 0.588897 0.436000 0.057764 0.077000
0 0.501125 0.487750 0.051763 0.065500
0 0.484996 0.519000 0.045011 0.056000
0 0.536197 0.538000 0.050638 0.059000
0 0.552138 0.496250 0.057014 0.071500
0 0.600713 0.535250 0.052888 0.074500
0 0.525131 0.668000 0.045011 0.065000
0 0.527757 0.580000 0.045011 0.072000
0 0.577082 0.649250 0.050638 0.070500
0 0.612341 0.596250 0.051388 0.063500
0 0.604464 0.692250 0.042386 0.060500
0 0.549325 0.721250 0.046137 0.061500
0 0.512191 0.727250 0.041635 0.071500
0 0.550263 0.780500 0.048012 0.064000
0 0.605776 0.755250 0.051763 0.062500
0 0.645536 0.697250 0.057014 0.064500
0 0.703301 0.716250 0.059265 0.068500
0 0.723931 0.759500 0.057014 0.060000
0 0.765566 0.710750 0.063016 0.083500
0 0.819955 0.678250 0.050263 0.065500
0 0.753938 0.594500 0.064516 0.075000
0 0.694486 0.629000 0.056639 0.068000
0 0.813766 0.619500 0.061890 0.082000
0 0.658102 0.455000 0.052888 0.073000
0 0.703488 0.473000 0.064891 0.079000
0 0.772131 0.489750 0.072393 0.072500
0 0.814704 0.543000 0.063016 0.073000
0 0.621155 0.072250 0.066017 0.092500
0 0.606152 0.158500 0.063766 0.091000
0 0.678170 0.123500 0.064516 0.089000
0 0.723931 0.179000 0.068267 0.102000
0 0.663353 0.209500 0.067142 0.085000
0 0.601088 0.241250 0.058890 0.079500
0 0.648912 0.289500 0.060765 0.079000
0 0.707239 0.269000 0.059640 0.092000
0 0.806264 0.151500 0.082896 0.107000
0 0.776819 0.266000 0.071268 0.090000
0 0.838147 0.308500 0.081395 0.094000
0 0.780008 0.358500 0.069392 0.084000
0 0.697862 0.381250 0.061890 0.083500
0 0.622281 0.365500 0.059265 0.078000
0 0.754876 0.419750 0.071643 0.074500
0 0.829895 0.423250 0.076894 0.088500
0 0.873593 0.676000 0.070518 0.084000
0 0.879220 0.564000 0.075769 0.073000
0 0.865716 0.511500 0.078020 0.084000
0 0.929857 0.495500 0.067517 0.081000
0 0.889535 0.361000 0.076144 0.092000