0 0.156039 0.580250 0.072768 0.089500
0 0.169355 0.690750 0.065641 0.100500
0 0.171043 0.760500 0.066017 0.072000
0 0.201800 0.842000 0.069017 0.082000
0 0.189797 0.478750 0.073518 0.080500
0 0.240998 0.564000 0.067142 0.090000
0 0.239310 0.662250 0.072768 0.076500
0 0.220555 0.736000 0.063016 0.089000
0 0.269130 0.789000 0.070893 0.087000
0 0.284696 0.716500 0.063766 0.085000
0 0.334209 0.778500 0.068267 0.085000
0 0.350150 0.714250 0.071643 0.092500
0 0.401913 0.754000 0.060390 0.090000
0 0.462116 0.777750 0.072018 0.095500
0 0.530758 0.758250 0.072768 0.088500
0 0.608402 0.750250 0.073518 0.080500
0 0.665979 0.680000 0.075394 0.084000
0 0.736122 0.701500 0.073893 0.097000
0 0.817704 0.699250 0.078770 0.099500
0 0.304951 0.624500 0.072768 0.085000
0 0.288447 0.475250 0.072768 0.089500
0 0.347712 0.535250 0.074269 0.093500
0 0.375844 0.604000 0.071268 0.084000
0 0.426669 0.653000 0.079895 0.082000
0 0.497187 0.646500 0.076894 0.102000
0 0.569392 0.645000 0.076519 0.105000
0 0.298012 0.395000 0.079895 0.091000
0 0.297074 0.308750 0.079520 0.091500
0 0.369280 0.312250 0.080645 0.093500
0 0.410353 0.377000 0.073518 0.102000
0 0.458740 0.434750 0.080270 0.093500
0 0.353901 0.456750 0.076144 0.081500
0 0.417292 0.512500 0.076894 0.101000
0 0.453301 0.573250 0.076894 0.085500
0 0.523818 0.557250 0.081395 0.100500
0 0.579332 0.519500 0.080645 0.085000
0 0.535259 0.455250 0.072768 0.089500
0 0.633721 0.582500 0.076894 0.083000
0 0.714554 0.605750 0.074269 0.094500
0 0.777194 0.613000 0.073518 0.106000
0 0.842086 0.616750 0.066767 0.100500
0 0.462866 0.317500 0.078770 0.097000
0 0.472056 0.216750 0.077644 0.100500
0 0.529070 0.273750 0.070893 0.107500
0 0.560203 0.358250 0.076894 0.099500
0 0.607839 0.417500 0.077644 0.105000
0 0.656789 0.488500 0.079520 0.100000
0 0.726932 0.523500 0.078020 0.103000
0 0.798200 0.510750 0.068267 0.100500
0 0.868342 0.528750 0.077269 0.089500
0 0.590585 0.225250 0.076144 0.108500
0 0.633346 0.301250 0.081395 0.108500
0 0.693736 0.261750 0.085146 0.104500
0 0.651538 0.178000 0.079520 0.098000
0 0.738372 0.182750 0.079895 0.100500
0 0.822768 0.221500 0.082146 0.103000
0 0.774569 0.297500 0.078770 0.106000
0 0.692048 0.355500 0.078020 0.105000
0 0.736122 0.427250 0.080645 0.108500
0 0.797824 0.401750 0.075769 0.112500
0 0.876594 0.398500 0.078020 0.105000
0 0.873031 0.313000 0.082896 0.101000