0 0.180045 0.646750 0.036759 0.063500
0 0.155851 0.572750 0.036384 0.054500
0 0.228620 0.594000 0.036384 0.048000
0 0.261065 0.626000 0.039760 0.065000
0 0.265754 0.658500 0.036384 0.029000
0 0.304576 0.649750 0.027757 0.046500
0 0.301388 0.720250 0.043136 0.056500
0 0.345461 0.753500 0.045011 0.056000
0 0.368717 0.758250 0.025506 0.039500
0 0.388785 0.774750 0.039385 0.057500
0 0.415416 0.753000 0.039385 0.060000
0 0.427982 0.806500 0.033758 0.057000
0 0.352588 0.691000 0.039010 0.050000
0 0.386347 0.715250 0.042011 0.053500
0 0.329520 0.640500 0.040885 0.049000
0 0.302326 0.602750 0.041260 0.058500
0 0.118342 0.489500 0.032633 0.056000
0 0.160915 0.503500 0.033758 0.049000
0 0.189797 0.524500 0.033758 0.052000
0 0.231058 0.545000 0.034509 0.063000
0 0.288072 0.555250 0.033758 0.052500
0 0.075019 0.411250 0.029257 0.053500
0 0.098087 0.371500 0.034884 0.052000
0 0.114591 0.291750 0.035634 0.056500
0 0.151163 0.343250 0.034509 0.049500
0 0.127157 0.392000 0.036759 0.055000
0 0.123968 0.444750 0.041635 0.043500
0 0.170105 0.461750 0.039385 0.049500
0 0.185109 0.407000 0.037884 0.047000
0 0.170293 0.267750 0.037509 0.053500
0 0.197674 0.236750 0.036009 0.051500
0 0.201613 0.185000 0.035634 0.052000
0 0.258252 0.198500 0.032633 0.050000
0 0.251125 0.241500 0.035634 0.055000
0 0.227307 0.310500 0.034509 0.048000
0 0.247374 0.295000 0.040135 0.047000
0 0.225431 0.358750 0.037509 0.047500
0 0.259377 0.355000 0.033383 0.057000
0 0.231058 0.402250 0.043511 0.054500
0 0.250188 0.450250 0.045011 0.053500
0 0.260503 0.499000 0.031133 0.055000
0 0.293136 0.511500 0.040135 0.057000
0 0.343586 0.563000 0.041260 0.052000
0 0.334021 0.514500 0.044636 0.057000
0 0.377532 0.523250 0.043136 0.055500
0 0.292948 0.453250 0.040510 0.060500
0 0.278695 0.397000 0.035259 0.054000
0 0.317142 0.406750 0.037134 0.058500
0 0.295386 0.342000 0.044636 0.057000
0 0.288822 0.295500 0.036759 0.051000
0 0.283946 0.246750 0.038260 0.053500
0 0.287322 0.187000 0.042761 0.061000
0 0.331958 0.184000 0.040510 0.062000
0 0.318080 0.242750 0.039010 0.058500
0 0.321268 0.308500 0.040135 0.059000
0 0.342461 0.340250 0.036759 0.061500
0 0.365716 0.293750 0.042011 0.054500
0 0.354464 0.224500 0.042761 0.061000
0 0.366467 0.171250 0.034509 0.057500
0 0.399100 0.207250 0.041260 0.063500
0 0.394036 0.263250 0.038635 0.061500
0 0.415979 0.293500 0.040510 0.057000
0 0.374906 0.364500 0.038635 0.061000
0 0.360090 0.413000 0.036009 0.054000
0 0.377719 0.429500 0.042761 0.058000
0 0.330833 0.458500 0.034509 0.056000
0 0.366467 0.470500 0.036759 0.054000
0 0.412978 0.490000 0.038260 0.057000
0 0.381470 0.605250 0.036759 0.054500
0 0.382971 0.661000 0.037509 0.060000
0 0.417292 0.600750 0.039385 0.058500
0 0.421418 0.655000 0.039385 0.057000
0 0.429107 0.707750 0.041260 0.058500
0 0.458552 0.755000 0.043136 0.060000
0 0.461740 0.813750 0.037509 0.058500
0 0.489497 0.789750 0.039010 0.061500
0 0.515191 0.852000 0.041635 0.061000
0 0.454426 0.619000 0.044636 0.065000
0 0.412041 0.548250 0.043886 0.055500
0 0.454051 0.565000 0.045386 0.059000
0 0.485934 0.648500 0.042386 0.057000
0 0.482746 0.710750 0.042011 0.064500
0 0.525881 0.698000 0.039010 0.058000
0 0.523818 0.749500 0.035634 0.058000
0 0.534884 0.809250 0.042011 0.060500
0 0.520068 0.624500 0.046137 0.056000
0 0.496624 0.580250 0.042011 0.062500
0 0.440735 0.507000 0.036009 0.061000
0 0.423106 0.408750 0.039010 0.054500
0 0.417667 0.355500 0.041635 0.061000
0 0.433983 0.243250 0.041260 0.053500
0 0.449550 0.184000 0.038635 0.052000
0 0.475244 0.150250 0.042011 0.062500
0 0.476557 0.225250 0.039385 0.049500
0 0.453863 0.269250 0.041260 0.055500
0 0.464554 0.331500 0.041635 0.055000
0 0.475431 0.417750 0.046137 0.059500
0 0.485559 0.470750 0.040885 0.072500
0 0.517817 0.517500 0.051388 0.064000
0 0.560203 0.865500 0.039385 0.058000
0 0.590960 0.901250 0.046887 0.064500
0 0.598837 0.848500 0.042386 0.059000
0 0.636347 0.884500 0.046137 0.060000
0 0.656414 0.845000 0.046512 0.062000
0 0.691485 0.879750 0.047637 0.062500
0 0.731620 0.874500 0.046887 0.063000
0 0.773443 0.854750 0.053263 0.063500
0 0.576332 0.786250 0.046887 0.057500
0 0.619092 0.799750 0.048387 0.056500
0 0.652288 0.763000 0.046512 0.053000
0 0.694111 0.795000 0.049137 0.064000
0 0.738747 0.793250 0.051388 0.059500
0 0.713428 0.746000 0.050263 0.072000
0 0.759377 0.764750 0.046887 0.061500
0 0.565641 0.729750 0.045011 0.056500
0 0.567892 0.673000 0.039010 0.056000
0 0.600150 0.702250 0.042011 0.061500
0 0.644599 0.708250 0.046887 0.057500
0 0.689047 0.695000 0.044261 0.067000
0 0.749812 0.701750 0.047262 0.064500
0 0.796324 0.717500 0.049512 0.065000
0 0.538447 0.572750 0.041635 0.062500
0 0.567704 0.616000 0.047637 0.054000
0 0.602963 0.646000 0.046137 0.067000
0 0.650038 0.650250 0.042761 0.066500
0 0.609902 0.592000 0.045011 0.057000
0 0.652476 0.590500 0.047637 0.064000
0 0.691485 0.623000 0.046887 0.063000
0 0.735934 0.648250 0.049512 0.055500
0 0.726744 0.593750 0.046887 0.059500
0 0.771755 0.598250 0.046887 0.056500
0 0.789010 0.659500 0.043136 0.061000
0 0.579332 0.552000 0.049137 0.060000
0 0.529070 0.454500 0.046137 0.058000
0 0.559265 0.496500 0.044261 0.056000
0 0.600900 0.492000 0.045761 0.056000
0 0.627907 0.538750 0.043511 0.060500
0 0.676857 0.545000 0.047637 0.063000
0 0.727307 0.538750 0.053263 0.055500
0 0.652663 0.486250 0.049512 0.057500
0 0.706489 0.486750 0.052888 0.058500
0 0.518192 0.401500 0.038635 0.056000
0 0.500750 0.348750 0.043511 0.057500
0 0.496437 0.280750 0.044636 0.062500
0 0.509752 0.239000 0.045011 0.054000
0 0.524756 0.180500 0.041260 0.049000
0 0.563766 0.166000 0.042761 0.062000
0 0.552326 0.229000 0.040885 0.059000
0 0.547824 0.283250 0.043136 0.062500
0 0.542386 0.342000 0.044261 0.058000
0 0.554389 0.394250 0.045011 0.059500
0 0.581770 0.435250 0.045761 0.062500
0 0.625281 0.443000 0.042761 0.060000
0 0.605964 0.388000 0.043136 0.066000
0 0.645911 0.393750 0.036759 0.063500
0 0.594524 0.225250 0.045011 0.061500
0 0.594711 0.296500 0.043136 0.058000
0 0.624906 0.335000 0.048012 0.056000
0 0.634471 0.173250 0.043886 0.058500
0 0.638035 0.243000 0.044261 0.063000
0 0.662791 0.285500 0.050263 0.058000
0 0.670668 0.341250 0.045761 0.058500
0 0.704051 0.378000 0.054014 0.065000
0 0.682296 0.439250 0.044261 0.060500
0 0.731245 0.434500 0.043886 0.061000
0 0.765566 0.486250 0.048012 0.062500
0 0.785259 0.538750 0.043136 0.062500
0 0.843211 0.684500 0.053263 0.059000
0 0.831208 0.629750 0.052513 0.061500
0 0.840023 0.561500 0.054389 0.068000
0 0.817892 0.491500 0.051388 0.070000
0 0.785821 0.435500 0.048012 0.060000
0 0.682108 0.196250 0.045386 0.061500
0 0.710615 0.248250 0.050638 0.061500
0 0.714554 0.305750 0.048762 0.061500
0 0.752251 0.331500 0.045386 0.072000
0 0.764816 0.262500 0.048762 0.067000
0 0.803451 0.309500 0.051763 0.069000
0 0.805889 0.378250 0.046137 0.062500
0 0.852026 0.398750 0.048387 0.059500