0 0.138410 0.276250 0.030758 0.043500
0 0.172918 0.291250 0.025506 0.047500
0 0.196737 0.295750 0.026632 0.041500
0 0.197299 0.257000 0.030758 0.041000
0 0.198050 0.334500 0.029257 0.035000
0 0.205926 0.356250 0.030008 0.037500
0 0.160728 0.379250 0.035634 0.036500
0 0.204239 0.391500 0.033383 0.036000
0 0.194486 0.425500 0.028132 0.040000
0 0.232933 0.416500 0.025506 0.042000
0 0.249250 0.432500 0.028882 0.043000
0 0.235559 0.379000 0.024006 0.046000
0 0.256002 0.376500 0.027382 0.040000
0 0.287697 0.382000 0.030758 0.039000
0 0.264441 0.342000 0.025506 0.046000
0 0.239497 0.334000 0.028882 0.043000
0 0.274006 0.297250 0.029632 0.043500
0 0.305514 0.334750 0.031883 0.040500
0 0.321455 0.377000 0.027757 0.037000
0 0.292573 0.430250 0.029257 0.042500
0 0.308890 0.461500 0.031883 0.040000
0 0.322206 0.429750 0.029257 0.042500
0 0.253376 0.474250 0.028882 0.035500
0 0.268755 0.503000 0.029632 0.050000
0 0.209115 0.488500 0.028882 0.039000
0 0.204426 0.548750 0.031508 0.037500
0 0.220743 0.589750 0.028132 0.039500
0 0.259377 0.617000 0.025131 0.040000
0 0.275694 0.656250 0.023256 0.040500
0 0.298950 0.666750 0.028507 0.033500
0 0.323143 0.650500 0.028882 0.041000
0 0.304951 0.598500 0.030008 0.035000
0 0.305514 0.571250 0.031133 0.034500
0 0.292198 0.539250 0.029257 0.037500
0 0.263316 0.544000 0.025506 0.039000
0 0.243061 0.528500 0.025506 0.045000
0 0.304576 0.507750 0.033758 0.037500
0 0.345274 0.595000 0.031883 0.036000
0 0.347524 0.557500 0.031133 0.037000
0 0.329145 0.527000 0.030383 0.037000
0 0.332333 0.500000 0.028507 0.045000
0 0.365529 0.527750 0.026632 0.038500
0 0.388035 0.551500 0.030383 0.039000
0 0.386347 0.518000 0.033008 0.034000
0 0.373406 0.599000 0.029632 0.039000
0 0.385784 0.631000 0.028882 0.039000
0 0.372093 0.668500 0.032258 0.052000
0 0.390285 0.721750 0.034134 0.037500
0 0.417292 0.731750 0.027382 0.048500
0 0.421043 0.689750 0.027382 0.036500
0 0.443548 0.685000 0.028882 0.041000
0 0.456302 0.712000 0.026632 0.041000
0 0.452363 0.753250 0.028507 0.046500
0 0.409602 0.653000 0.029257 0.036000
0 0.436422 0.653250 0.028882 0.037500
0 0.414666 0.612000 0.029632 0.039000
0 0.429295 0.555000 0.031133 0.041000
0 0.456864 0.554250 0.030008 0.051500
0 0.451613 0.600000 0.027757 0.044000
0 0.423668 0.503750 0.032633 0.040500
0 0.441110 0.481250 0.034509 0.042500
0 0.458365 0.510500 0.030758 0.046000
0 0.400975 0.464500 0.029257 0.038000
0 0.378095 0.458750 0.024756 0.044500
0 0.345461 0.459250 0.029257 0.038500
0 0.352776 0.415250 0.026632 0.039500
0 0.378470 0.411250 0.030008 0.038500
0 0.408102 0.424000 0.032258 0.039000
0 0.435484 0.445000 0.031508 0.033000
0 0.368342 0.375500 0.034509 0.037000
0 0.408102 0.377500 0.029257 0.042000
0 0.436234 0.367250 0.033758 0.034500
0 0.447862 0.402500 0.036009 0.038000
0 0.334771 0.347000 0.029632 0.038000
0 0.367967 0.327750 0.033758 0.039500
0 0.335709 0.300500 0.030758 0.041000
0 0.309452 0.297000 0.027007 0.035000
0 0.310765 0.263000 0.031133 0.040000
0 0.291448 0.266000 0.024756 0.032000
0 0.280195 0.255750 0.026257 0.034500
0 0.302888 0.233000 0.034884 0.039000
0 0.330645 0.207500 0.031883 0.043000
0 0.348087 0.175250 0.030008 0.035500
0 0.356714 0.215750 0.029257 0.044500
0 0.375094 0.253250 0.028507 0.042500
0 0.369467 0.287250 0.024756 0.044500
0 0.385596 0.300750 0.023256 0.050500
0 0.406789 0.337000 0.032633 0.041000
0 0.419167 0.315250 0.029632 0.043500
0 0.449362 0.336250 0.033758 0.045500
0 0.431920 0.283000 0.028132 0.047000
0 0.404539 0.265000 0.029632 0.040000
0 0.414291 0.215000 0.032633 0.035000
0 0.444299 0.229250 0.028132 0.045500
0 0.448800 0.192500 0.028132 0.045000
0 0.406789 0.171500 0.028882 0.050000
0 0.385409 0.195250 0.028882 0.042500
0 0.379782 0.175000 0.022881 0.030000
0 0.387659 0.127250 0.031883 0.039500
0 0.332146 0.149250 0.034884 0.035500
0 0.316767 0.109750 0.034134 0.043500
0 0.475994 0.159000 0.030758 0.044000
0 0.481245 0.210750 0.032258 0.044500
0 0.510503 0.221250 0.029257 0.047500
0 0.535259 0.178750 0.032258 0.040500
0 0.536947 0.227500 0.027382 0.045000
0 0.521943 0.259500 0.033383 0.041000
0 0.492123 0.265000 0.033758 0.046000
0 0.508252 0.294000 0.030008 0.042000
0 0.473368 0.295250 0.030008 0.042500
0 0.575019 0.194500 0.031508 0.052000
0 0.555139 0.260000 0.031508 0.046000
0 0.548762 0.305250 0.033008 0.042500
0 0.521943 0.329000 0.030383 0.044000
0 0.491373 0.350250 0.030758 0.040500
0 0.519692 0.363750 0.028882 0.040500
0 0.472618 0.365250 0.028507 0.042500
0 0.497749 0.384500 0.030008 0.039000
0 0.541448 0.392250 0.030383 0.035500
0 0.557014 0.354000 0.030758 0.042000
0 0.515941 0.422000 0.034884 0.033000
0 0.484059 0.434750 0.031883 0.043500
0 0.473368 0.478500 0.035259 0.037000
0 0.502626 0.486500 0.022506 0.042000
0 0.534696 0.468750 0.031133 0.038500
0 0.562828 0.478250 0.030383 0.035500
0 0.565266 0.429000 0.030758 0.037000
0 0.533383 0.510750 0.037509 0.032500
0 0.559452 0.527750 0.027382 0.040500
0 0.500563 0.516000 0.031133 0.029000
0 0.481808 0.563750 0.032633 0.036500
0 0.479182 0.607250 0.032633 0.040500
0 0.465679 0.642000 0.031883 0.033000
0 0.498875 0.673250 0.030758 0.041500
0 0.509002 0.601000 0.026257 0.038000
0 0.517629 0.630000 0.032258 0.040000
0 0.528320 0.672000 0.029632 0.036000
0 0.551013 0.654250 0.030008 0.043500
0 0.551763 0.689000 0.030008 0.039000
0 0.574456 0.664750 0.026632 0.044500
0 0.566954 0.613000 0.028882 0.043000
0 0.524381 0.564500 0.032258 0.044000
0 0.542761 0.571750 0.026257 0.039500
0 0.482746 0.707500 0.030758 0.038000
0 0.477494 0.746750 0.031508 0.034500
0 0.497562 0.791500 0.033383 0.037000
0 0.548012 0.808000 0.026257 0.044000
0 0.559640 0.772500 0.030758 0.033000
0 0.509940 0.741250 0.029632 0.039500
0 0.531320 0.758000 0.029632 0.032000
0 0.537322 0.729000 0.029632 0.037000
0 0.577457 0.726750 0.032633 0.039500
0 0.590210 0.738750 0.023631 0.030500
0 0.607839 0.752250 0.026632 0.033500
0 0.585521 0.782500 0.030758 0.030000
0 0.566392 0.793250 0.022506 0.028500
0 0.657164 0.753000 0.027757 0.036000
0 0.642723 0.720750 0.030383 0.035500
0 0.598275 0.707500 0.025506 0.038000
0 0.615904 0.709500 0.018755 0.033000
0 0.664666 0.698250 0.027007 0.034500
0 0.640660 0.668750 0.033008 0.034500
0 0.601463 0.662000 0.028882 0.034000
0 0.608590 0.631750 0.031133 0.032500
0 0.630345 0.644000 0.029632 0.036000
0 0.635784 0.614500 0.031508 0.036000
0 0.667479 0.655750 0.031133 0.036500
0 0.685296 0.674250 0.030008 0.033500
0 0.580833 0.551000 0.031133 0.039000
0 0.609902 0.558750 0.030008 0.040500
0 0.589085 0.517750 0.031883 0.035500
0 0.625281 0.520500 0.032258 0.040000
0 0.644974 0.547500 0.028882 0.036000
0 0.669542 0.533000 0.031508 0.041000
0 0.588897 0.458750 0.033008 0.038500
0 0.616467 0.474500 0.030383 0.045000
0 0.645161 0.477250 0.027007 0.042500
0 0.680233 0.496000 0.031133 0.045000
0 0.678170 0.457750 0.032258 0.037500
0 0.652663 0.431500 0.033008 0.039000
0 0.623968 0.437000 0.032633 0.043000
0 0.596962 0.418250 0.032633 0.039500
0 0.588897 0.376750 0.033008 0.039500
0 0.625281 0.387250 0.033008 0.040500
0 0.657352 0.387250 0.030383 0.041500
0 0.686609 0.402500 0.032633 0.039000
0 0.617029 0.351250 0.033008 0.040500
0 0.586272 0.339250 0.032258 0.038500
0 0.581770 0.303000 0.030758 0.042000
0 0.610465 0.310750 0.028882 0.042500
0 0.637472 0.305750 0.029632 0.037500
0 0.651163 0.339500 0.036009 0.043000
0 0.675356 0.328000 0.034134 0.045000
0 0.693361 0.361000 0.036384 0.040000
0 0.662603 0.290000 0.031133 0.048000
0 0.614404 0.266000 0.030758 0.047000
0 0.586272 0.257500 0.031508 0.046000
0 0.611028 0.219750 0.033008 0.043500
0 0.642536 0.196000 0.032258 0.048000
0 0.650975 0.238750 0.034884 0.045500
0 0.589835 0.164250 0.030383 0.045500
0 0.617217 0.168750 0.029632 0.034500
0 0.645724 0.153000 0.030383 0.045000
0 0.676294 0.134500 0.033008 0.051000
0 0.677982 0.183000 0.033383 0.046000
0 0.721493 0.188750 0.035634 0.048500
0 0.747562 0.159000 0.033008 0.045000
0 0.776257 0.189250 0.037134 0.042500
0 0.742498 0.215250 0.032633 0.040500
0 0.787322 0.228750 0.034509 0.040500
0 0.788072 0.270750 0.033758 0.045500
0 0.710990 0.224250 0.033383 0.045500
0 0.686234 0.247500 0.034134 0.038000
0 0.707989 0.277000 0.034134 0.048000
0 0.724494 0.304750 0.040135 0.042500
0 0.752438 0.286750 0.033008 0.041500
0 0.721305 0.340500 0.040510 0.040000
0 0.756189 0.323750 0.028507 0.042500
0 0.785446 0.318250 0.032258 0.045500
0 0.784696 0.354500 0.031508 0.040000
0 0.761065 0.366000 0.034509 0.042000
0 0.728057 0.382750 0.033758 0.045500
0 0.734809 0.431000 0.039010 0.040000
0 0.767817 0.411000 0.039760 0.034000
0 0.765004 0.453750 0.031133 0.040500
0 0.704801 0.468500 0.027007 0.037000
0 0.731995 0.471250 0.030383 0.037500
0 0.712866 0.510500 0.031133 0.043000
0 0.737247 0.517000 0.028132 0.041000
0 0.763128 0.502500 0.034134 0.043000
0 0.785821 0.518000 0.031508 0.042000
0 0.713053 0.545500 0.035259 0.036000
0 0.731620 0.570250 0.022131 0.033500
0 0.716617 0.591000 0.038635 0.039000
0 0.662791 0.588000 0.031508 0.033000
0 0.679670 0.613000 0.030008 0.034000
0 0.704051 0.605250 0.026257 0.030500
0 0.709302 0.654750 0.032258 0.041500
0 0.737247 0.633500 0.028882 0.035000
0 0.760878 0.636500 0.025881 0.040000
0 0.766692 0.593750 0.032258 0.043500
0 0.777757 0.615250 0.028132 0.045500
0 0.800825 0.638750 0.024756 0.047500
0 0.726182 0.689000 0.028507 0.034000
0 0.740998 0.677750 0.016879 0.033500
0 0.789197 0.554250 0.029257 0.034500
0 0.815829 0.571250 0.029257 0.034500
0 0.827644 0.520750 0.028882 0.039500
0 0.857652 0.528250 0.029632 0.043500
0 0.871718 0.492500 0.027757 0.042000
0 0.906789 0.485750 0.031133 0.041500
0 0.918417 0.515250 0.034884 0.037500
0 0.921230 0.458500 0.031508 0.039000
0 0.871718 0.439250 0.036009 0.042500
0 0.835146 0.459750 0.030383 0.034500
0 0.808327 0.479500 0.036009 0.036000
0 0.799887 0.448750 0.031883 0.039500
0 0.820518 0.421250 0.034134 0.035500
0 0.799325 0.396750 0.029257 0.045500
0 0.838897 0.390750 0.030383 0.039500
0 0.869092 0.394750 0.030758 0.041500
0 0.888597 0.422500 0.027007 0.043000
0 0.920668 0.419000 0.034134 0.039000
0 0.890285 0.382750 0.025881 0.040500
0 0.915979 0.358250 0.033008 0.041500
0 0.854651 0.336000 0.034134 0.045000
0 0.814329 0.324750 0.027757 0.046500
0 0.862903 0.298000 0.037134 0.039000
0 0.879782 0.324250 0.031883 0.041500
0 0.850150 0.215750 0.031883 0.046500
0 0.864966 0.245500 0.030758 0.043000
0 0.895724 0.255250 0.033758 0.045500
0 0.249250 0.205750 0.024381 0.045500