0 0.199175 0.273750 0.066767 0.082500
0 0.253188 0.315000 0.052513 0.087000
0 0.205926 0.369750 0.057764 0.086500
0 0.238185 0.413500 0.064516 0.093000
0 0.252438 0.506250 0.061515 0.100500
0 0.310953 0.539000 0.063016 0.090000
0 0.300825 0.446750 0.064516 0.089500
0 0.299325 0.361750 0.063766 0.090500
0 0.223181 0.178500 0.058515 0.077000
0 0.246437 0.233250 0.062266 0.075500
0 0.293511 0.266000 0.067892 0.086000
0 0.275319 0.125000 0.054014 0.081000
0 0.300450 0.172250 0.053263 0.082500
0 0.339272 0.207250 0.059640 0.090500
0 0.349587 0.303000 0.059265 0.090000
0 0.328770 0.103000 0.057389 0.075000
0 0.363091 0.139250 0.066017 0.072500
0 0.396474 0.084250 0.054764 0.075500
0 0.442236 0.158500 0.060765 0.079000
0 0.412041 0.253250 0.061890 0.089500
0 0.434171 0.328250 0.062641 0.088500
0 0.367217 0.388750 0.068267 0.085500
0 0.420855 0.415750 0.066017 0.089500
0 0.369467 0.479500 0.063016 0.082000
0 0.389347 0.577500 0.063016 0.092000
0 0.430795 0.523500 0.062641 0.095000
0 0.447487 0.612500 0.072768 0.088000
0 0.471493 0.112250 0.045761 0.073500
0 0.513128 0.087500 0.065266 0.076000
0 0.494186 0.194000 0.064141 0.076000
0 0.467179 0.252250 0.067142 0.089500
0 0.533196 0.266500 0.063391 0.092000
0 0.501313 0.353750 0.071643 0.084500
0 0.493436 0.445000 0.069392 0.087000
0 0.501688 0.527750 0.072393 0.090500
0 0.519505 0.618750 0.074269 0.093500
0 0.534696 0.720250 0.076144 0.104500
0 0.636909 0.773250 0.069767 0.119500
0 0.577457 0.571250 0.066392 0.098500
0 0.624719 0.504500 0.068642 0.095000
0 0.569767 0.409250 0.071268 0.082500
0 0.590210 0.320750 0.073893 0.094500
0 0.571268 0.192750 0.070518 0.083500
0 0.588147 0.109500 0.068267 0.079000
0 0.663728 0.143250 0.071643 0.091500
0 0.725619 0.211750 0.069392 0.095500
0 0.639160 0.232750 0.079520 0.093500
0 0.669917 0.305000 0.068267 0.100000
0 0.735559 0.314500 0.075769 0.103000
0 0.638597 0.406250 0.072393 0.102500
0 0.713241 0.416750 0.079895 0.094500
0 0.789010 0.401250 0.070893 0.087500
0 0.690548 0.522000 0.080270 0.093000
0 0.758815 0.480750 0.076519 0.095500
0 0.653413 0.598500 0.078770 0.105000
0 0.735559 0.584500 0.080270 0.108000
0 0.686234 0.689750 0.084396 0.098500
0 0.755626 0.732750 0.082896 0.114500
0 0.701238 0.837000 0.085896 0.107000
0 0.796137 0.643250 0.085146 0.100500
0 0.827832 0.552250 0.080270 0.099500
0 0.832708 0.463250 0.081770 0.099500