0 0.218680 0.150500 0.085521 0.116000
0 0.297824 0.128750 0.088522 0.110500
0 0.382033 0.134000 0.082896 0.111000
0 0.448612 0.207750 0.087022 0.105500
0 0.525319 0.224000 0.083646 0.102000
0 0.269130 0.218750 0.082896 0.108500
0 0.347899 0.224750 0.091898 0.118500
0 0.411103 0.290750 0.081770 0.104500
0 0.481058 0.303500 0.079145 0.102000
0 0.563391 0.309250 0.072018 0.108500
0 0.309827 0.305000 0.087772 0.111000
0 0.133721 0.254250 0.088147 0.120500
0 0.218117 0.307750 0.082146 0.116500
0 0.099025 0.396250 0.077269 0.113500
0 0.191485 0.414250 0.095649 0.096500
0 0.324831 0.416250 0.081020 0.105500
0 0.416542 0.409000 0.087397 0.103000
0 0.488935 0.404000 0.070893 0.101000
0 0.631658 0.331000 0.075769 0.097000
0 0.571830 0.408250 0.071643 0.096500
0 0.694674 0.366000 0.063766 0.101000
0 0.650600 0.440750 0.071643 0.109500
0 0.157727 0.510000 0.084396 0.105000
0 0.265379 0.484000 0.087397 0.094000
0 0.336459 0.526500 0.079520 0.109000
0 0.182858 0.599250 0.082896 0.091500
0 0.260690 0.586750 0.073518 0.099500
0 0.228057 0.678750 0.080270 0.094500
0 0.296324 0.722500 0.079520 0.104000
0 0.328582 0.613250 0.073518 0.097500
0 0.407727 0.683750 0.083271 0.104500
0 0.407914 0.580000 0.085896 0.103000
0 0.481433 0.766750 0.087397 0.093500
0 0.459490 0.496250 0.081770 0.103500
0 0.498125 0.562500 0.078770 0.105000
0 0.523256 0.655500 0.072018 0.098000
0 0.550075 0.736750 0.070143 0.087500
0 0.536572 0.487000 0.075394 0.098000
0 0.582333 0.587500 0.082896 0.100000
0 0.608402 0.696750 0.058515 0.093500
0 0.597524 0.805750 0.069767 0.094500
0 0.661290 0.794500 0.072018 0.104000
0 0.712303 0.877250 0.078770 0.079500
0 0.790135 0.877750 0.070143 0.091500
0 0.738185 0.807000 0.065266 0.096000
0 0.679670 0.715750 0.066767 0.094500
0 0.655851 0.624750 0.070143 0.102500
0 0.629782 0.533750 0.070518 0.090500
0 0.702926 0.454500 0.070518 0.103000
0 0.788072 0.481000 0.075019 0.101000
0 0.705364 0.558000 0.068642 0.094000
0 0.748687 0.551750 0.057764 0.093500
0 0.725994 0.648500 0.075394 0.106000
0 0.825019 0.553250 0.073143 0.096500
0 0.799887 0.644250 0.073893 0.093500
0 0.767067 0.724250 0.059265 0.088500
0 0.798387 0.768500 0.077644 0.096000
0 0.832896 0.823750 0.071643 0.075500
0 0.876407 0.729750 0.078395 0.085500
0 0.870968 0.632750 0.071268 0.082500
0 0.936234 0.673750 0.066017 0.092500