0 0.141973 0.805250 0.022881 0.035500
0 0.130158 0.736000 0.036759 0.045000
0 0.160728 0.757250 0.028882 0.036500
0 0.179670 0.784000 0.036759 0.040000
0 0.199737 0.812500 0.036384 0.041000
0 0.131095 0.696000 0.037134 0.036000
0 0.138785 0.651000 0.027007 0.043000
0 0.147224 0.671250 0.033383 0.047500
0 0.163541 0.699000 0.033008 0.033000
0 0.184734 0.686250 0.029632 0.040500
0 0.194299 0.728500 0.027757 0.043000
0 0.217554 0.751500 0.033008 0.038000
0 0.240435 0.764500 0.030008 0.039000
0 0.275881 0.770750 0.034134 0.052500
0 0.126594 0.611500 0.029632 0.042000
0 0.148725 0.616500 0.026632 0.041000
0 0.175356 0.634500 0.028882 0.046000
0 0.222993 0.678250 0.030383 0.048500
0 0.240435 0.704500 0.032258 0.044000
0 0.218680 0.626500 0.030758 0.045000
0 0.246062 0.668000 0.030758 0.043000
0 0.276257 0.674750 0.033383 0.040500
0 0.284696 0.713500 0.034509 0.047000
0 0.304951 0.748250 0.035259 0.056500
0 0.337584 0.757750 0.033758 0.046500
0 0.355026 0.731250 0.037134 0.045500
0 0.314329 0.699000 0.036759 0.046000
0 0.348462 0.684750 0.031508 0.047500
0 0.248500 0.613250 0.028132 0.044500
0 0.273256 0.629500 0.030383 0.040000
0 0.300075 0.618500 0.033008 0.042000
0 0.315641 0.646500 0.037884 0.039000
0 0.360840 0.638750 0.032258 0.045500
0 0.390848 0.740500 0.032258 0.049000
0 0.150038 0.565750 0.037509 0.042500
0 0.130533 0.524000 0.034509 0.037000
0 0.165979 0.490250 0.031133 0.034500
0 0.197862 0.520750 0.031133 0.046500
0 0.236872 0.544250 0.032633 0.049500
0 0.236872 0.574750 0.027382 0.047500
0 0.263316 0.582250 0.027007 0.045500
0 0.284134 0.572750 0.029632 0.044500
0 0.310578 0.572000 0.032258 0.044000
0 0.271568 0.535500 0.034509 0.043000
0 0.230120 0.487250 0.029632 0.041500
0 0.255439 0.477500 0.031508 0.044000
0 0.295199 0.489500 0.034509 0.052000
0 0.330270 0.491750 0.038635 0.050500
0 0.314516 0.528000 0.030383 0.043000
0 0.356152 0.520750 0.034884 0.059500
0 0.377157 0.544000 0.039385 0.045000
0 0.158290 0.442750 0.037509 0.045500
0 0.178732 0.403000 0.028882 0.045000
0 0.196549 0.438500 0.031508 0.048000
0 0.229557 0.448500 0.032258 0.046000
0 0.261815 0.438000 0.033008 0.049000
0 0.294449 0.432000 0.033008 0.047000
0 0.323893 0.418750 0.034884 0.038500
0 0.341148 0.449500 0.037884 0.049000
0 0.371530 0.464000 0.038635 0.052000
0 0.394224 0.497250 0.034509 0.043500
0 0.203301 0.540500 0.029257 0.029000
0 0.198612 0.388000 0.034134 0.046000
0 0.230308 0.409000 0.028507 0.041000
0 0.251875 0.390500 0.026632 0.046000
0 0.299700 0.394000 0.036009 0.037000
0 0.283008 0.363000 0.040885 0.047000
0 0.218867 0.320000 0.033383 0.049000
0 0.252813 0.332500 0.033008 0.046000
0 0.262941 0.295250 0.028507 0.043500
0 0.280570 0.317250 0.033758 0.048500
0 0.273068 0.246250 0.029257 0.052500
0 0.299325 0.279750 0.032258 0.040500
0 0.335521 0.262750 0.030383 0.045500
0 0.358965 0.257000 0.033758 0.041000
0 0.332896 0.236000 0.033383 0.034000
0 0.316204 0.347500 0.036009 0.045000
0 0.341335 0.328750 0.028507 0.056500
0 0.334771 0.378750 0.034134 0.045500
0 0.361215 0.367500 0.029257 0.051000
0 0.365529 0.409750 0.027382 0.046500
0 0.391973 0.426000 0.036009 0.053000
0 0.421043 0.446500 0.032633 0.054000
0 0.392348 0.372250 0.036759 0.044500
0 0.421793 0.398000 0.037884 0.047000
0 0.402476 0.332250 0.039010 0.045500
0 0.430983 0.353000 0.043511 0.046000
0 0.390285 0.282250 0.033383 0.050500
0 0.418417 0.268500 0.037884 0.040000
0 0.426857 0.304000 0.034509 0.043000
0 0.380533 0.225500 0.034134 0.048000
0 0.384846 0.181250 0.036009 0.048500
0 0.415229 0.160750 0.035259 0.045500
0 0.415229 0.205500 0.037509 0.039000
0 0.451425 0.140500 0.035634 0.047000
0 0.459302 0.194000 0.037134 0.041000
0 0.439047 0.218500 0.036384 0.049000
0 0.462678 0.281500 0.038635 0.049000
0 0.488185 0.248000 0.035634 0.046000
0 0.494749 0.146000 0.036009 0.047000
0 0.508815 0.104500 0.031133 0.049000
0 0.539947 0.104250 0.033383 0.046500
0 0.534884 0.146750 0.031508 0.045500
0 0.551388 0.163250 0.036759 0.045500
0 0.576519 0.141250 0.034509 0.042500
0 0.524006 0.188250 0.032258 0.045500
0 0.545949 0.217250 0.037884 0.049500
0 0.584584 0.187750 0.034134 0.038500
0 0.582333 0.214250 0.035634 0.053500
0 0.529445 0.259500 0.033383 0.039000
0 0.526444 0.298500 0.035634 0.045000
0 0.562078 0.278000 0.037884 0.047000
0 0.556264 0.320000 0.040510 0.044000
0 0.467929 0.334000 0.033383 0.038000
0 0.487434 0.355500 0.037884 0.052000
0 0.454989 0.376750 0.034509 0.051500
0 0.576332 0.351250 0.033383 0.051500
0 0.548762 0.386750 0.029257 0.048500
0 0.518942 0.398000 0.034134 0.046000
0 0.493248 0.424250 0.036009 0.037500
0 0.468680 0.447750 0.032633 0.042500
0 0.432108 0.489750 0.032258 0.044500
0 0.465116 0.494750 0.036009 0.048500
0 0.417667 0.534500 0.037134 0.052000
0 0.449737 0.529750 0.033758 0.050500
0 0.493248 0.511750 0.035259 0.045500
0 0.491748 0.544250 0.032258 0.037500
0 0.523068 0.551500 0.036384 0.051000
0 0.500938 0.588000 0.032633 0.046000
0 0.469617 0.595250 0.037509 0.046500
0 0.440735 0.573000 0.036009 0.046000
0 0.411478 0.577000 0.033008 0.052000
0 0.383533 0.601000 0.034134 0.050000
0 0.401350 0.646500 0.034509 0.050000
0 0.426857 0.614000 0.031508 0.042000
0 0.437359 0.651500 0.037509 0.043000
0 0.470368 0.634750 0.037509 0.041500
0 0.403226 0.694500 0.036009 0.049000
0 0.426857 0.719250 0.036759 0.048500
0 0.433983 0.770750 0.039010 0.045500
0 0.460615 0.752000 0.038260 0.036000
0 0.482558 0.705750 0.031883 0.049500
0 0.497187 0.735250 0.038635 0.044500
0 0.488935 0.784250 0.034884 0.045500
0 0.450488 0.816000 0.032258 0.054000
0 0.476932 0.838500 0.034884 0.056000
0 0.509002 0.835750 0.032258 0.046500
0 0.526444 0.747750 0.035634 0.047500
0 0.507689 0.653000 0.035634 0.054000
0 0.516317 0.683750 0.036384 0.042500
0 0.541448 0.717500 0.037884 0.046000
0 0.537509 0.663250 0.036009 0.046500
0 0.529820 0.622000 0.039385 0.059000
0 0.549700 0.571000 0.031883 0.055000
0 0.555326 0.530000 0.036384 0.053000
0 0.584396 0.608000 0.033758 0.050000
0 0.574081 0.710750 0.037884 0.047500
0 0.593586 0.679500 0.040885 0.049000
0 0.617029 0.649750 0.036009 0.048500
0 0.614029 0.707250 0.030758 0.045500
0 0.593398 0.754000 0.037509 0.052000
0 0.560953 0.763500 0.035634 0.059000
0 0.579520 0.796000 0.033758 0.046000
0 0.550638 0.813000 0.033008 0.044000
0 0.580270 0.835000 0.033758 0.049000
0 0.557389 0.863500 0.039010 0.060000
0 0.592836 0.887250 0.037884 0.051500
0 0.587772 0.958000 0.035259 0.049000
0 0.622656 0.932750 0.036009 0.047500
0 0.647974 0.923250 0.028132 0.048500
0 0.615341 0.842000 0.033383 0.045000
0 0.622468 0.767750 0.029632 0.059500
0 0.646287 0.794750 0.028507 0.044500
0 0.530758 0.469250 0.039010 0.050500
0 0.562078 0.474750 0.037134 0.046500
0 0.540323 0.428250 0.037134 0.038500
0 0.576144 0.435000 0.036759 0.043000
0 0.589647 0.400500 0.040510 0.041000
0 0.620030 0.422000 0.033008 0.049000
0 0.557952 0.041500 0.033383 0.046000
0 0.575206 0.058500 0.039385 0.053000
0 0.629595 0.121000 0.033383 0.047000
0 0.635034 0.195250 0.039010 0.045500
0 0.614404 0.226750 0.038260 0.039500
0 0.601650 0.263000 0.036009 0.048000
0 0.623031 0.289500 0.037509 0.051000
0 0.636909 0.255250 0.031508 0.050500
0 0.598087 0.322250 0.036384 0.047500
0 0.618905 0.360500 0.039760 0.048000
0 0.639910 0.393750 0.033008 0.047500
0 0.644224 0.449250 0.035634 0.044500
0 0.622843 0.482250 0.038635 0.045500
0 0.600900 0.523750 0.032258 0.049500
0 0.607652 0.566000 0.033758 0.044000
0 0.638035 0.524750 0.041260 0.048500
0 0.641410 0.565000 0.033008 0.047000
0 0.639535 0.610250 0.033758 0.049500
0 0.639910 0.684000 0.029257 0.046000
0 0.677419 0.921250 0.036759 0.050500
0 0.713053 0.885250 0.033758 0.039500
0 0.652288 0.837500 0.036759 0.048000
0 0.677419 0.847500 0.031508 0.044000
0 0.694861 0.818750 0.031883 0.047500
0 0.713803 0.843750 0.033758 0.049500
0 0.741560 0.851000 0.032258 0.046000
0 0.765191 0.832000 0.032258 0.043000
0 0.775694 0.849000 0.038260 0.039000
0 0.793698 0.825000 0.030758 0.045000
0 0.819955 0.806500 0.033008 0.042000
0 0.783758 0.776000 0.033383 0.048000
0 0.725056 0.802250 0.033758 0.043500
0 0.655289 0.748500 0.036009 0.049000
0 0.671230 0.776250 0.035634 0.046500
0 0.677982 0.725500 0.032633 0.053000
0 0.702176 0.756000 0.033008 0.045000
0 0.678170 0.681000 0.036759 0.045000
0 0.704614 0.665500 0.036384 0.051000
0 0.734621 0.660000 0.031133 0.049000
0 0.709115 0.712750 0.034884 0.049500
0 0.739310 0.711250 0.031508 0.042500
0 0.745499 0.750500 0.032633 0.044000
0 0.784509 0.737750 0.033383 0.043500
0 0.821080 0.752500 0.036009 0.049000
0 0.787322 0.696250 0.035259 0.048500
0 0.708177 0.612500 0.038260 0.041000
0 0.758440 0.646500 0.039760 0.039000
0 0.796137 0.627000 0.039385 0.053000
0 0.815266 0.660500 0.036384 0.044000
0 0.894974 0.851000 0.031508 0.046000
0 0.834209 0.719500 0.032258 0.043000
0 0.890848 0.745500 0.033008 0.043000
0 0.869655 0.704750 0.039385 0.043500
0 0.842086 0.680750 0.032258 0.040500
0 0.870405 0.660750 0.042386 0.051500
0 0.855589 0.614000 0.036009 0.052000
0 0.896099 0.625500 0.038260 0.048000
0 0.891598 0.571750 0.038260 0.049500
0 0.901725 0.512500 0.045011 0.058000
0 0.834209 0.530500 0.039760 0.051000
0 0.855589 0.552000 0.042761 0.052000
0 0.839085 0.485750 0.044261 0.047500
0 0.784696 0.558250 0.035259 0.047500
0 0.755626 0.559750 0.032633 0.044500
0 0.719055 0.559750 0.035259 0.047500
0 0.674981 0.553000 0.034884 0.038000
0 0.699737 0.525750 0.033383 0.046500
0 0.667104 0.504000 0.037884 0.048000
0 0.706677 0.467500 0.035259 0.047000
0 0.740998 0.501500 0.032633 0.051000
0 0.775131 0.527000 0.033383 0.048000
0 0.671230 0.435250 0.037134 0.045500
0 0.696549 0.418250 0.033008 0.047500
0 0.765379 0.462000 0.037884 0.048000
0 0.775881 0.484500 0.037134 0.040000
0 0.782633 0.437000 0.030383 0.050000
0 0.749062 0.417250 0.041260 0.041500
0 0.746062 0.378500 0.038260 0.050000
0 0.654351 0.307000 0.036384 0.050000
0 0.661103 0.360500 0.037884 0.044000
0 0.690923 0.334250 0.039010 0.053500
0 0.662041 0.226250 0.032258 0.050500
0 0.683796 0.242250 0.039010 0.056500
0 0.709115 0.204250 0.038635 0.055500
0 0.724306 0.277250 0.035259 0.040500
0 0.729370 0.298750 0.039385 0.053500
0 0.803826 0.296250 0.042761 0.056500
0 0.779820 0.351250 0.033758 0.049500
0 0.816954 0.365000 0.033758 0.040000
0 0.810203 0.392500 0.042761 0.046000
0 0.847524 0.427000 0.038635 0.051000
0 0.860840 0.449500 0.038260 0.050000