0 0.225994 0.349000 0.066392 0.088000
0 0.210428 0.415750 0.063766 0.084500
0 0.181733 0.481500 0.054389 0.080000
0 0.134846 0.515000 0.064891 0.064000
0 0.184546 0.539000 0.054014 0.066000
0 0.230308 0.518750 0.054014 0.065500
0 0.223181 0.596000 0.051013 0.060000
0 0.186609 0.627750 0.049887 0.069500
0 0.216617 0.680500 0.049887 0.071000
0 0.272318 0.364250 0.060015 0.079500
0 0.291448 0.425250 0.066767 0.080500
0 0.316204 0.507000 0.056264 0.072000
0 0.273068 0.575250 0.059265 0.071500
0 0.256189 0.644250 0.058515 0.064500
0 0.263503 0.718250 0.062641 0.064500
0 0.337397 0.386000 0.058890 0.084000
0 0.352026 0.447750 0.047637 0.073500
0 0.335709 0.589750 0.054764 0.067500
0 0.315454 0.659500 0.063016 0.072000
0 0.316017 0.722250 0.055139 0.068500
0 0.358590 0.790500 0.048762 0.070000
0 0.366279 0.721500 0.055139 0.066000
0 0.370780 0.645000 0.052888 0.065000
0 0.376969 0.537000 0.069017 0.069000
0 0.393098 0.456750 0.069017 0.088500
0 0.388972 0.335500 0.061515 0.085000
0 0.409602 0.266250 0.066767 0.092500
0 0.430795 0.170500 0.066392 0.097000
0 0.565829 0.080750 0.073893 0.100500
0 0.641785 0.109250 0.075019 0.107500
0 0.576707 0.173250 0.071643 0.100500
0 0.499062 0.216000 0.065641 0.103000
0 0.554201 0.267250 0.072393 0.090500
0 0.632408 0.228000 0.065266 0.105000
0 0.467742 0.297750 0.067517 0.090500
0 0.430795 0.386250 0.072393 0.094500
0 0.521568 0.341000 0.073893 0.078000
0 0.598275 0.335000 0.075019 0.081000
0 0.495124 0.431750 0.069017 0.084500
0 0.451800 0.472000 0.060390 0.090000
0 0.507314 0.512250 0.067892 0.082500
0 0.560765 0.412250 0.065266 0.094500
0 0.629407 0.407250 0.068267 0.084500
0 0.638972 0.493000 0.063391 0.091000
0 0.576519 0.494750 0.064516 0.083500
0 0.439047 0.556750 0.058890 0.077500
0 0.477307 0.610500 0.056639 0.078000
0 0.536759 0.590250 0.063016 0.082500
0 0.594711 0.571000 0.059640 0.065000
0 0.653976 0.623750 0.058890 0.072500
0 0.597524 0.650750 0.063766 0.087500
0 0.534696 0.658750 0.062641 0.066500
0 0.423106 0.644250 0.055514 0.070500
0 0.415604 0.721750 0.061515 0.074500
0 0.479932 0.693500 0.059640 0.064000
0 0.424981 0.773750 0.065266 0.057500
0 0.470743 0.753750 0.057014 0.082500
0 0.527382 0.730750 0.069017 0.069500
0 0.591335 0.717500 0.064891 0.066000
0 0.608777 0.777250 0.057764 0.063500
0 0.648912 0.702500 0.060765 0.075000
0 0.714741 0.674250 0.067142 0.068500
0 0.780758 0.654500 0.066392 0.068000
0 0.713803 0.589000 0.066017 0.074000
0 0.800450 0.559500 0.070518 0.069000
0 0.715491 0.505250 0.067892 0.085500
0 0.760878 0.433250 0.067892 0.084500
0 0.817704 0.492000 0.070518 0.095000
0 0.833833 0.406750 0.066017 0.092500
0 0.874906 0.424500 0.055139 0.095000
0 0.911665 0.380000 0.077644 0.088000
0 0.702363 0.401750 0.074644 0.082500
0 0.682108 0.334000 0.085146 0.099000
0 0.751125 0.265250 0.076894 0.090500
0 0.773631 0.341250 0.079895 0.099500
0 0.853526 0.258250 0.076144 0.095500
0 0.698987 0.183000 0.082896 0.106000
0 0.798950 0.159000 0.080270 0.108000
0 0.720368 0.068750 0.069392 0.100500