0 0.058702 0.671500 0.037134 0.036000
0 0.063016 0.713500 0.028507 0.040000
0 0.077269 0.750750 0.024756 0.041500
0 0.077269 0.615500 0.031508 0.038000
0 0.088147 0.646000 0.033008 0.042000
0 0.117967 0.676750 0.031883 0.045500
0 0.101838 0.685250 0.021380 0.035500
0 0.116842 0.717000 0.031883 0.042000
0 0.147224 0.747500 0.033383 0.042000
0 0.146099 0.698000 0.031133 0.035000
0 0.153601 0.683000 0.034134 0.043000
0 0.128095 0.630500 0.031133 0.044000
0 0.117779 0.592500 0.030008 0.033000
0 0.141223 0.555250 0.033383 0.045500
0 0.149662 0.576250 0.030758 0.027500
0 0.157164 0.606000 0.034509 0.046000
0 0.111590 0.491250 0.034884 0.040500
0 0.157727 0.522500 0.035634 0.037000
0 0.191298 0.499000 0.029257 0.041000
0 0.208740 0.535000 0.031133 0.042000
0 0.186422 0.575250 0.034509 0.046500
0 0.218117 0.577000 0.026632 0.041000
0 0.234434 0.586750 0.034509 0.040500
0 0.178545 0.633500 0.030758 0.042000
0 0.204239 0.623000 0.032633 0.042000
0 0.236684 0.624750 0.034509 0.043500
0 0.231058 0.663500 0.036759 0.042000
0 0.191298 0.671000 0.033008 0.044000
0 0.197674 0.715250 0.030758 0.038500
0 0.225244 0.696750 0.030383 0.038500
0 0.237247 0.454750 0.037134 0.055500
0 0.224869 0.496750 0.031133 0.046500
0 0.274194 0.464000 0.033758 0.030000
0 0.234809 0.541750 0.033008 0.045500
0 0.264816 0.518000 0.033008 0.049000
0 0.280945 0.552250 0.031508 0.036500
0 0.304201 0.529750 0.033008 0.044500
0 0.307389 0.487250 0.033383 0.045500
0 0.336272 0.505500 0.031883 0.048000
0 0.338710 0.460750 0.036009 0.045500
0 0.352213 0.402000 0.033758 0.051000
0 0.375281 0.440250 0.034134 0.045500
0 0.378845 0.482500 0.032258 0.045000
0 0.330270 0.546500 0.032633 0.041000
0 0.354839 0.538750 0.036009 0.043500
0 0.285634 0.601750 0.038635 0.043500
0 0.270443 0.629500 0.030758 0.043000
0 0.258627 0.685750 0.028882 0.044500
0 0.279820 0.682000 0.036759 0.042000
0 0.320143 0.681250 0.031883 0.042500
0 0.304389 0.631750 0.034134 0.042500
0 0.328020 0.596000 0.034134 0.044000
0 0.360840 0.582750 0.036759 0.045500
0 0.344711 0.641500 0.033008 0.045000
0 0.357839 0.676000 0.034509 0.043000
0 0.385034 0.647500 0.036384 0.047000
0 0.393848 0.575000 0.036009 0.042000
0 0.390848 0.540250 0.036009 0.052500
0 0.356152 0.352000 0.033383 0.045000
0 0.388410 0.394750 0.033383 0.041500
0 0.438672 0.286250 0.040135 0.046500
0 0.462678 0.328000 0.034134 0.048000
0 0.440360 0.370250 0.036759 0.048500
0 0.416354 0.393000 0.036009 0.047000
0 0.471680 0.394000 0.034884 0.044000
0 0.493623 0.367000 0.032258 0.046000
0 0.496249 0.311500 0.033758 0.045000
0 0.487059 0.265500 0.033383 0.047000
0 0.519692 0.259500 0.042386 0.062000
0 0.561515 0.271250 0.032258 0.047500
0 0.554014 0.317500 0.033758 0.049000
0 0.528320 0.341500 0.037134 0.054000
0 0.531508 0.387250 0.033008 0.045500
0 0.502251 0.409750 0.035259 0.051500
0 0.533008 0.433500 0.033008 0.049000
0 0.508627 0.465250 0.032258 0.046500
0 0.468867 0.452750 0.034509 0.047500
0 0.406039 0.454500 0.033383 0.043000
0 0.413916 0.503750 0.038635 0.045500
0 0.436047 0.474000 0.035634 0.047000
0 0.435671 0.521500 0.037884 0.048000
0 0.427419 0.557500 0.034134 0.041000
0 0.457989 0.561750 0.036759 0.044500
0 0.418605 0.611000 0.034509 0.038000
0 0.417104 0.659000 0.033008 0.042000
0 0.459115 0.645750 0.034509 0.044500
0 0.448987 0.602750 0.028507 0.046500
0 0.484621 0.584750 0.035259 0.041500
0 0.493436 0.551750 0.034884 0.047500
0 0.517442 0.576000 0.029632 0.041000
0 0.512566 0.629250 0.032633 0.044500
0 0.514441 0.701250 0.034884 0.042500
0 0.545011 0.672750 0.037509 0.045500
0 0.558327 0.697250 0.031883 0.039500
0 0.560765 0.752250 0.035259 0.045500
0 0.593773 0.768000 0.027757 0.045000
0 0.592648 0.717500 0.037509 0.041000
0 0.602776 0.678250 0.033008 0.042500
0 0.577644 0.658250 0.035259 0.041500
0 0.551950 0.630500 0.035634 0.041000
0 0.551388 0.583500 0.032258 0.037000
0 0.581770 0.609250 0.033758 0.044500
0 0.608590 0.627000 0.031133 0.043000
0 0.490998 0.502500 0.033008 0.047000
0 0.517067 0.523750 0.031883 0.045500
0 0.543698 0.548500 0.034884 0.043000
0 0.577269 0.566000 0.034509 0.045000
0 0.559077 0.511000 0.033383 0.046000
0 0.539010 0.481000 0.033758 0.038000
0 0.566767 0.464500 0.035259 0.044000
0 0.602776 0.495500 0.033008 0.043000
0 0.578395 0.419500 0.035259 0.050000
0 0.563953 0.366500 0.034884 0.045000
0 0.588335 0.336500 0.034134 0.048000
0 0.602401 0.379250 0.032258 0.050500
0 0.599587 0.287000 0.037134 0.051000
0 0.637097 0.304500 0.034884 0.050000
0 0.635409 0.363250 0.036759 0.044500
0 0.674606 0.355000 0.039385 0.050000
0 0.714554 0.360000 0.032258 0.049000
0 0.758252 0.393250 0.042386 0.051500
0 0.703113 0.404250 0.028882 0.046500
0 0.669167 0.413750 0.036759 0.039500
0 0.629970 0.407250 0.036384 0.045500
0 0.612903 0.451500 0.033758 0.046000
0 0.647974 0.446000 0.028132 0.042000
0 0.681358 0.441500 0.031883 0.042000
0 0.734434 0.441750 0.033758 0.050500
0 0.792761 0.440750 0.034884 0.049500
0 0.769130 0.482000 0.037884 0.042000
0 0.708552 0.479250 0.035259 0.045500
0 0.725244 0.500000 0.031133 0.039000
0 0.672918 0.489500 0.033758 0.046000
0 0.628657 0.485000 0.032258 0.043000
0 0.614591 0.524250 0.034884 0.042500
0 0.634659 0.556750 0.033008 0.045500
0 0.655664 0.527000 0.034509 0.042000
0 0.709865 0.537000 0.032633 0.055000
0 0.611778 0.578500 0.033008 0.045000
0 0.639347 0.606500 0.034884 0.042000
0 0.677982 0.584750 0.034134 0.044500
0 0.708552 0.577000 0.033758 0.040000
0 0.677232 0.625750 0.032633 0.046500
0 0.645536 0.655750 0.031508 0.042500
0 0.635409 0.694250 0.032258 0.040500
0 0.629407 0.739250 0.030758 0.044500
0 0.653038 0.755750 0.031508 0.040500
0 0.626969 0.795250 0.035634 0.042500
0 0.643848 0.840500 0.037134 0.036000
0 0.675544 0.823500 0.032258 0.040000
0 0.713803 0.843250 0.036009 0.041500
0 0.738560 0.812500 0.039010 0.040000
0 0.692423 0.781750 0.030758 0.040500
0 0.722431 0.773250 0.035259 0.042500
0 0.666917 0.722750 0.031508 0.042500
0 0.674606 0.679500 0.036384 0.042000
0 0.705739 0.709750 0.037134 0.042500
0 0.728620 0.687250 0.033383 0.043500
0 0.706864 0.648500 0.033383 0.042000
0 0.725431 0.612250 0.033758 0.045500
0 0.785821 0.521750 0.033758 0.042500
0 0.812641 0.533250 0.031133 0.040500
0 0.752626 0.541250 0.031133 0.040500
0 0.793886 0.566500 0.027382 0.046000
0 0.812078 0.588250 0.035259 0.040500
0 0.753376 0.593250 0.034134 0.042500
0 0.786197 0.616750 0.036009 0.041500
0 0.759377 0.637250 0.037134 0.044500
0 0.797449 0.664500 0.033008 0.045000
0 0.767629 0.706000 0.036384 0.041000
0 0.819017 0.704750 0.036384 0.043500
0 0.746437 0.746500 0.035259 0.042000
0 0.781508 0.742000 0.034884 0.041000
0 0.760128 0.783500 0.032633 0.039000
0 0.896287 0.743500 0.037884 0.051000
0 0.890285 0.577750 0.035634 0.047500
0 0.877907 0.527000 0.044636 0.055000
0 0.863278 0.478750 0.034884 0.034500