0 0.187359 0.253500 0.067892 0.083000
0 0.148725 0.345250 0.069392 0.079500
0 0.131470 0.419500 0.063391 0.083000
0 0.109340 0.495000 0.067892 0.084000
0 0.108965 0.604750 0.064891 0.086500
0 0.162978 0.651000 0.064141 0.079000
0 0.219617 0.676500 0.057389 0.075000
0 0.264441 0.800750 0.068267 0.091500
0 0.204426 0.598250 0.057764 0.080500
0 0.166729 0.538000 0.071643 0.087000
0 0.187922 0.457500 0.064516 0.093000
0 0.243998 0.379500 0.061890 0.078000
0 0.256377 0.325750 0.068642 0.087500
0 0.276444 0.232000 0.057764 0.082000
0 0.328207 0.229250 0.064516 0.092500
0 0.331020 0.311750 0.053638 0.085500
0 0.326332 0.409000 0.066767 0.087000
0 0.278132 0.482250 0.073143 0.088500
0 0.244749 0.516750 0.065641 0.077500
0 0.266504 0.576500 0.067892 0.075000
0 0.292198 0.652000 0.067517 0.077000
0 0.346024 0.717750 0.056639 0.085500
0 0.387472 0.790250 0.062266 0.072500
0 0.442986 0.799000 0.062266 0.082000
0 0.418792 0.204500 0.068642 0.087000
0 0.406977 0.293500 0.059265 0.080000
0 0.394411 0.380500 0.064891 0.079000
0 0.377344 0.461000 0.062266 0.086000
0 0.328957 0.532250 0.069017 0.083500
0 0.336084 0.618000 0.067517 0.080000
0 0.388222 0.666500 0.063016 0.083000
0 0.399100 0.549250 0.066017 0.089500
0 0.463803 0.543750 0.068642 0.090500
0 0.428357 0.595750 0.062266 0.075500
0 0.432858 0.436750 0.063016 0.088500
0 0.430795 0.701000 0.059640 0.075000
0 0.482371 0.739750 0.062266 0.073500
0 0.494186 0.852500 0.061140 0.075000
0 0.547449 0.909750 0.067142 0.082500
0 0.531320 0.770000 0.055139 0.079000
0 0.468492 0.651500 0.064516 0.080000
0 0.512941 0.581500 0.059640 0.078000
0 0.544074 0.514250 0.063391 0.083500
0 0.595836 0.876250 0.046887 0.056500
0 0.595649 0.838750 0.062266 0.073500
0 0.532633 0.689500 0.063016 0.082000
0 0.596212 0.664750 0.069392 0.102500
0 0.571830 0.723750 0.062641 0.068500
0 0.623031 0.754750 0.057014 0.070500
0 0.646474 0.814500 0.055889 0.070000
0 0.655101 0.917250 0.060390 0.069500
0 0.629970 0.676250 0.035634 0.074500
0 0.695424 0.935500 0.050263 0.069000
0 0.745311 0.899000 0.052513 0.066000
0 0.795949 0.940500 0.054764 0.072000
0 0.841898 0.900250 0.052888 0.068500
0 0.810953 0.865750 0.060015 0.072500
0 0.877344 0.859000 0.051013 0.072000
0 0.945236 0.826000 0.058515 0.077000
0 0.691485 0.846500 0.055889 0.066000
0 0.698612 0.789000 0.058140 0.065000
0 0.736309 0.817500 0.054014 0.069000
0 0.763503 0.769250 0.061890 0.080500
0 0.823706 0.785000 0.063766 0.071000
0 0.872468 0.794750 0.056264 0.079500
0 0.917292 0.738250 0.056639 0.080500
0 0.853526 0.727000 0.060390 0.079000
0 0.798762 0.711750 0.052888 0.077500
0 0.743998 0.679500 0.057389 0.084000
0 0.674606 0.707250 0.061140 0.075500
0 0.670480 0.634500 0.061140 0.083000
0 0.719430 0.606000 0.064516 0.076000
0 0.793323 0.641250 0.054014 0.074500
0 0.845836 0.647250 0.057014 0.071500
0 0.915041 0.658000 0.062641 0.072000
0 0.638597 0.596000 0.065641 0.078000
0 0.590210 0.521000 0.055889 0.081000
0 0.668605 0.523750 0.061140 0.086500
0 0.739685 0.533000 0.054764 0.082000
0 0.776257 0.577500 0.059640 0.075000
0 0.837209 0.589500 0.059265 0.076000
0 0.903038 0.589750 0.053638 0.079500
0 0.911290 0.517750 0.061140 0.073500
0 0.869467 0.486250 0.058515 0.091500
0 0.810953 0.513500 0.060765 0.087000
0 0.504314 0.459500 0.064141 0.090000
0 0.555139 0.428750 0.060765 0.082500
0 0.636909 0.461250 0.067517 0.082500
0 0.694299 0.444750 0.060015 0.074500
0 0.748687 0.452750 0.064516 0.083500
0 0.803826 0.425250 0.056264 0.085500
0 0.872656 0.396750 0.067892 0.078500
0 0.750563 0.384000 0.060765 0.075000
0 0.802138 0.344750 0.058890 0.083500
0 0.854464 0.328750 0.066767 0.071500
0 0.603338 0.390000 0.052888 0.085000
0 0.478432 0.365750 0.064141 0.083500
0 0.465491 0.300000 0.064516 0.085000
0 0.514629 0.101500 0.062266 0.093000
0 0.515004 0.246250 0.063016 0.082500
0 0.549137 0.349000 0.071268 0.089000
0 0.571268 0.278500 0.065266 0.077000
0 0.661478 0.360750 0.067142 0.079500
0 0.637284 0.280250 0.062266 0.087500
0 0.700488 0.308750 0.060390 0.094500
0 0.767817 0.283250 0.065266 0.077500
0 0.837584 0.275750 0.061515 0.075500
0 0.796887 0.214250 0.064891 0.086500
0 0.698237 0.218500 0.063391 0.089000
0 0.743248 0.197500 0.064141 0.089000
0 0.623031 0.197750 0.065266 0.086500
0 0.555889 0.183750 0.066017 0.088500
0 0.696549 0.149250 0.062266 0.088500
0 0.594899 0.130250 0.069767 0.081500