0 0.224306 0.142250 0.078020 0.092500
0 0.217929 0.226750 0.070518 0.081500
0 0.180045 0.267500 0.072768 0.073000
0 0.114404 0.250000 0.075769 0.100000
0 0.065454 0.306000 0.067142 0.092000
0 0.151163 0.343000 0.066767 0.076000
0 0.114404 0.418500 0.071268 0.085000
0 0.346399 0.152500 0.066392 0.087000
0 0.302701 0.235250 0.066767 0.085500
0 0.262941 0.289000 0.069767 0.084000
0 0.214366 0.344000 0.061890 0.082000
0 0.426857 0.116500 0.058515 0.089000
0 0.416729 0.207750 0.068267 0.076500
0 0.394974 0.275250 0.054014 0.086500
0 0.336272 0.297750 0.062641 0.091500
0 0.280383 0.370500 0.067142 0.079000
0 0.236684 0.416000 0.072018 0.078000
0 0.200300 0.466500 0.063016 0.077000
0 0.479745 0.179000 0.059265 0.075000
0 0.468680 0.243500 0.059640 0.083000
0 0.545386 0.145250 0.066017 0.084500
0 0.590398 0.155500 0.051013 0.091000
0 0.518380 0.234250 0.060015 0.081500
0 0.576519 0.223250 0.059265 0.084500
0 0.207052 0.533750 0.067517 0.078500
0 0.246062 0.491000 0.076519 0.082000
0 0.297637 0.439500 0.070143 0.079000
0 0.353526 0.412250 0.064891 0.089500
0 0.382783 0.352250 0.067142 0.082500
0 0.453488 0.319500 0.071268 0.083000
0 0.514816 0.305250 0.065641 0.083500
0 0.662603 0.215250 0.048387 0.089500
0 0.644411 0.258750 0.055514 0.080500
0 0.562828 0.301500 0.058890 0.078000
0 0.435109 0.393000 0.057764 0.082000
0 0.494936 0.378000 0.052138 0.088000
0 0.545574 0.360250 0.061890 0.085500
0 0.607839 0.336250 0.062641 0.083500
0 0.660915 0.334750 0.056264 0.084500
0 0.669167 0.288250 0.041260 0.060500
0 0.761440 0.269750 0.052513 0.085500
0 0.748125 0.336250 0.061890 0.085500
0 0.822956 0.317750 0.055514 0.091500
0 0.783196 0.376750 0.058515 0.083500
0 0.864029 0.350250 0.049887 0.082500
0 0.186984 0.605750 0.055139 0.067500
0 0.193361 0.659750 0.061890 0.061500
0 0.213241 0.746250 0.048387 0.067500
0 0.243998 0.680750 0.049137 0.060500
0 0.272693 0.596500 0.059265 0.073000
0 0.305514 0.526250 0.058140 0.080500
0 0.346024 0.490000 0.064141 0.082000
0 0.413541 0.463000 0.063391 0.072000
0 0.473556 0.447750 0.064141 0.070500
0 0.537134 0.436000 0.060015 0.080000
0 0.599212 0.412500 0.059640 0.077000
0 0.664854 0.410000 0.049887 0.074000
0 0.724681 0.410500 0.064516 0.077000
0 0.769130 0.455750 0.053638 0.084500
0 0.821830 0.424250 0.060765 0.078500
0 0.888035 0.427000 0.061890 0.073000
0 0.394411 0.533750 0.061140 0.080500
0 0.444486 0.526000 0.059265 0.076000
0 0.506189 0.512500 0.064141 0.081000
0 0.577082 0.491000 0.070893 0.084000
0 0.650038 0.485500 0.060765 0.075000
0 0.340210 0.588000 0.063766 0.076000
0 0.302701 0.643500 0.065266 0.083000
0 0.280383 0.733750 0.049887 0.069500
0 0.256564 0.795250 0.051013 0.059500
0 0.294449 0.809250 0.047262 0.068500
0 0.318830 0.732750 0.053263 0.078500
0 0.327644 0.843750 0.049137 0.062500
0 0.343398 0.891000 0.053638 0.055000
0 0.359340 0.806250 0.056264 0.068500
0 0.387472 0.853500 0.056264 0.072000
0 0.403413 0.909000 0.072393 0.076000
0 0.371343 0.662750 0.061515 0.086500
0 0.391410 0.605250 0.062641 0.085500
0 0.444861 0.586000 0.057014 0.074000
0 0.510503 0.585250 0.055514 0.081500
0 0.564891 0.562500 0.056264 0.081000
0 0.621155 0.537500 0.064516 0.081000
0 0.684921 0.542500 0.055514 0.075000
0 0.743061 0.514500 0.051763 0.083000
0 0.798200 0.531250 0.049512 0.081500
0 0.848087 0.506750 0.058515 0.078500
0 0.887659 0.506250 0.049887 0.083500
0 0.947487 0.476000 0.057014 0.077000
0 0.953863 0.553000 0.054764 0.071000
0 0.913728 0.578000 0.049512 0.079000
0 0.883533 0.585000 0.049887 0.076000
0 0.834584 0.572250 0.053263 0.082500
0 0.867967 0.645000 0.056264 0.074000
0 0.813203 0.682750 0.055514 0.067500
0 0.794636 0.628500 0.064141 0.078000
0 0.740060 0.586750 0.051763 0.086500
0 0.700863 0.616000 0.052888 0.072000
0 0.730495 0.659500 0.054389 0.077000
0 0.766317 0.711500 0.054764 0.073000
0 0.632783 0.614000 0.060765 0.072000
0 0.665791 0.680250 0.051763 0.064500
0 0.710615 0.701750 0.044636 0.081500
0 0.722056 0.763000 0.057764 0.068000
0 0.426107 0.649250 0.055514 0.069500
0 0.478995 0.641500 0.060765 0.069000
0 0.551388 0.639000 0.055514 0.070000
0 0.602776 0.673500 0.058515 0.075000
0 0.378095 0.727500 0.056264 0.074000
0 0.424981 0.718000 0.060765 0.074000
0 0.474681 0.707000 0.057389 0.075000
0 0.540135 0.710500 0.054014 0.077000
0 0.586834 0.739750 0.054389 0.057500
0 0.658665 0.746500 0.056264 0.077000
0 0.677794 0.794000 0.058515 0.072000
0 0.618717 0.787000 0.064141 0.070000
0 0.641785 0.854000 0.055514 0.064000
0 0.427794 0.798500 0.047637 0.075000
0 0.468680 0.768500 0.049887 0.073000
0 0.527757 0.770500 0.057014 0.075000
0 0.559640 0.812000 0.055514 0.076000
0 0.502251 0.832250 0.062266 0.070500
0 0.585334 0.849250 0.049887 0.063500
0 0.438860 0.833750 0.057014 0.063500
0 0.460990 0.909500 0.050263 0.077000
0 0.533383 0.867500 0.052513 0.065000
0 0.507877 0.920250 0.046512 0.088500
0 0.570143 0.954000 0.058515 0.062000