0 0.084923 0.111000 0.052376 0.071000
0 0.113730 0.061250 0.055368 0.083500
0 0.073887 0.193000 0.040030 0.072000
0 0.031238 0.252750 0.051253 0.068500
0 0.082305 0.286000 0.048634 0.073000
0 0.122709 0.287000 0.048634 0.071000
0 0.137486 0.166500 0.043023 0.078000
0 0.178264 0.160000 0.046764 0.085000
0 0.150019 0.231500 0.050131 0.068000
0 0.201646 0.235250 0.039656 0.073500
0 0.241302 0.172000 0.053124 0.073000
0 0.283015 0.226250 0.052001 0.077500
0 0.243547 0.261750 0.039656 0.080500
0 0.184063 0.303500 0.041900 0.075000
0 0.029742 0.315750 0.046016 0.060500
0 0.061915 0.353500 0.049009 0.063000
0 0.113730 0.381000 0.043397 0.068000
0 0.069585 0.411500 0.046390 0.055000
0 0.107370 0.444750 0.045642 0.054500
0 0.159371 0.354500 0.035915 0.067000
0 0.198840 0.393500 0.043023 0.071000
0 0.170408 0.432750 0.047512 0.068500
0 0.235877 0.350250 0.052001 0.069500
0 0.294800 0.306250 0.053872 0.068500
0 0.342873 0.269250 0.049757 0.078500
0 0.337074 0.178750 0.048634 0.080500
0 0.350917 0.354000 0.052376 0.075000
0 0.294239 0.384000 0.043023 0.071000
0 0.252899 0.422500 0.040404 0.072000
0 0.216611 0.466000 0.037411 0.071000
0 0.150206 0.490500 0.044519 0.070000
0 0.200711 0.517000 0.038533 0.066000
0 0.067527 0.486000 0.046016 0.067000
0 0.052563 0.533250 0.044519 0.061500
0 0.112421 0.513250 0.040030 0.067500
0 0.101010 0.573250 0.038908 0.065500
0 0.062851 0.599750 0.044893 0.064500
0 0.142536 0.613000 0.047138 0.060000
0 0.154134 0.558500 0.043397 0.061000
0 0.203330 0.583250 0.042275 0.063500
0 0.244669 0.572750 0.036663 0.062500
0 0.256266 0.514250 0.041152 0.068500
0 0.287879 0.475500 0.047512 0.066000
0 0.339319 0.495000 0.047138 0.071000
0 0.304714 0.593750 0.051253 0.062500
0 0.344370 0.558250 0.050505 0.054500
0 0.275159 0.626000 0.049009 0.060000
0 0.225028 0.636500 0.050505 0.067000
0 0.188552 0.638500 0.038908 0.061000
0 0.175645 0.691000 0.041526 0.062000
0 0.216985 0.691500 0.056117 0.066000
0 0.274224 0.687750 0.044893 0.060500
0 0.310700 0.726000 0.055743 0.061000
0 0.326412 0.660000 0.044519 0.067000
0 0.367752 0.704250 0.046390 0.060500
0 0.351478 0.633750 0.042275 0.067500
0 0.405724 0.676000 0.049009 0.070000
0 0.382903 0.767500 0.043771 0.059000
0 0.431725 0.761750 0.050131 0.065500
0 0.409091 0.606000 0.045267 0.060000
0 0.388141 0.540500 0.049757 0.068000
0 0.442200 0.537500 0.046390 0.066000
0 0.400299 0.478000 0.048634 0.065000
0 0.355967 0.427500 0.042275 0.068000
0 0.391508 0.398750 0.047512 0.077500
0 0.439768 0.449500 0.049757 0.081000
0 0.347924 0.088500 0.050879 0.069000
0 0.430976 0.131000 0.059858 0.081000
0 0.395810 0.186250 0.053872 0.085500
0 0.396558 0.265250 0.051627 0.077500
0 0.420875 0.333500 0.050879 0.079000
0 0.455855 0.214250 0.054246 0.085500
0 0.469884 0.294000 0.056117 0.085000
0 0.479611 0.369250 0.053872 0.068500
0 0.499626 0.438250 0.050505 0.075500
0 0.536476 0.499750 0.046390 0.074500
0 0.523008 0.569500 0.053872 0.071000
0 0.484661 0.586000 0.047512 0.068000
0 0.458287 0.648500 0.052376 0.069000
0 0.499252 0.687750 0.052001 0.061500
0 0.454171 0.719250 0.050879 0.072500
0 0.536289 0.631500 0.051253 0.059000
0 0.561541 0.699250 0.050131 0.070500
0 0.526936 0.736250 0.047512 0.064500
0 0.478676 0.807250 0.047512 0.065500
0 0.525814 0.807500 0.047512 0.054000
0 0.577815 0.833500 0.054246 0.064000
0 0.587355 0.779500 0.059858 0.065000
0 0.636925 0.825250 0.054994 0.061500
0 0.670034 0.792500 0.051627 0.074000
0 0.694538 0.862750 0.062477 0.062500
0 0.630191 0.714250 0.057987 0.057500
0 0.600823 0.647250 0.054620 0.066500
0 0.581930 0.576750 0.053498 0.070500
0 0.492144 0.156750 0.053498 0.099500
0 0.545080 0.109750 0.065095 0.075500
0 0.622896 0.141750 0.063599 0.092500
0 0.687243 0.173500 0.061354 0.091000
0 0.570707 0.202000 0.064721 0.082000
0 0.509353 0.238750 0.059484 0.078500
0 0.534792 0.311750 0.050505 0.074500
0 0.599701 0.319250 0.056117 0.078500
0 0.626824 0.243000 0.056491 0.089000
0 0.680322 0.304750 0.063225 0.077500
0 0.636925 0.377250 0.056491 0.075500
0 0.561354 0.399750 0.058736 0.077500
0 0.578189 0.476000 0.056491 0.073000
0 0.620838 0.522250 0.063973 0.071500
0 0.649458 0.453750 0.054620 0.070500
0 0.696783 0.390750 0.060980 0.069500
0 0.728956 0.454000 0.053498 0.083000
0 0.689487 0.519750 0.062103 0.080500
0 0.658436 0.594500 0.059858 0.074000
0 0.721661 0.567750 0.060606 0.073500
0 0.769921 0.520750 0.055368 0.078500
0 0.656004 0.660500 0.060232 0.060000
0 0.700524 0.721750 0.056491 0.075500
0 0.715114 0.649250 0.059484 0.077500
0 0.758698 0.707250 0.064347 0.066500
0 0.791246 0.772000 0.056865 0.072000
0 0.727647 0.800750 0.059858 0.071500
0 0.774972 0.821250 0.060980 0.056500
0 0.842125 0.809250 0.059858 0.069500
0 0.850730 0.744750 0.067340 0.080500
0 0.789749 0.649000 0.056117 0.080000
0 0.834082 0.589000 0.062477 0.079000
0 0.855219 0.650500 0.066592 0.069000
0 0.891695 0.590000 0.060232 0.076000
0 0.831837 0.497500 0.057987 0.072000
0 0.900486 0.508500 0.065844 0.075000
0 0.793865 0.441000 0.065844 0.079000
0 0.760756 0.373000 0.071455 0.082000
0 0.726712 0.231250 0.064721 0.081500
0 0.785073 0.288750 0.059484 0.092500
0 0.799850 0.201000 0.071081 0.090000
0 0.868687 0.281750 0.073326 0.091500
0 0.830153 0.362000 0.070333 0.077000
0 0.866442 0.429000 0.074074 0.082000
0 0.912645 0.352250 0.068462 0.094500
0 0.926487 0.431250 0.060980 0.089500