0 0.315189 0.168000 0.037785 0.044000
0 0.357838 0.124250 0.033296 0.042500
0 0.346240 0.153750 0.031799 0.046500
0 0.356154 0.196000 0.037411 0.045000
0 0.302095 0.229500 0.037785 0.046000
0 0.342873 0.241000 0.032548 0.047000
0 0.379162 0.248250 0.040778 0.047500
0 0.379162 0.179250 0.039282 0.042500
0 0.399177 0.136500 0.034418 0.047000
0 0.428919 0.108000 0.041526 0.039000
0 0.465956 0.111500 0.035541 0.040000
0 0.496633 0.134750 0.026562 0.046500
0 0.475496 0.156000 0.030677 0.040000
0 0.447624 0.164750 0.031051 0.044500
0 0.417883 0.180250 0.032922 0.049500
0 0.398242 0.216750 0.035541 0.047500
0 0.440142 0.226500 0.031051 0.049000
0 0.428919 0.252000 0.032548 0.048000
0 0.473251 0.197500 0.033670 0.045000
0 0.503180 0.190500 0.029181 0.039000
0 0.532922 0.165750 0.033296 0.041500
0 0.546951 0.209250 0.029929 0.040500
0 0.529742 0.224250 0.031425 0.034500
0 0.499626 0.233000 0.028807 0.042000
0 0.473999 0.250000 0.033670 0.041000
0 0.517209 0.271750 0.033296 0.041500
0 0.548260 0.263000 0.027310 0.046000
0 0.573139 0.243000 0.028432 0.038000
0 0.586233 0.279250 0.026188 0.041500
0 0.490273 0.288250 0.030303 0.045500
0 0.523382 0.324500 0.033670 0.042000
0 0.535915 0.305750 0.028058 0.043500
0 0.563599 0.322000 0.028807 0.041000
0 0.594089 0.322500 0.027684 0.047000
0 0.544145 0.347250 0.029555 0.041500
0 0.583240 0.351250 0.027684 0.043500
0 0.456229 0.283750 0.033296 0.044500
0 0.474373 0.323000 0.032922 0.046000
0 0.498504 0.361000 0.028807 0.045000
0 0.528058 0.377000 0.030303 0.041000
0 0.554620 0.390500 0.029555 0.045000
0 0.590909 0.391750 0.027310 0.041500
0 0.605312 0.360500 0.025440 0.040000
0 0.618593 0.409000 0.028807 0.039000
0 0.602507 0.284000 0.015339 0.026000
0 0.609428 0.310750 0.017209 0.021500
0 0.624766 0.332250 0.014964 0.025500
0 0.629068 0.358750 0.018331 0.027500
0 0.629443 0.386500 0.016835 0.025000
0 0.630565 0.443250 0.025065 0.040500
0 0.645529 0.482750 0.028058 0.042500
0 0.626637 0.467250 0.032922 0.043500
0 0.678825 0.541750 0.029555 0.044500
0 0.640479 0.521250 0.024691 0.048500
0 0.612982 0.505250 0.031051 0.044500
0 0.596147 0.439750 0.025814 0.041500
0 0.572952 0.434000 0.031051 0.040000
0 0.576880 0.473750 0.029929 0.038500
0 0.580621 0.536750 0.031425 0.048500
0 0.614478 0.557750 0.030303 0.045500
0 0.645716 0.571750 0.030677 0.041500
0 0.655630 0.616250 0.028807 0.043500
0 0.676581 0.594500 0.025065 0.050000
0 0.696596 0.644000 0.027684 0.044000
0 0.724654 0.643750 0.023943 0.044500
0 0.724280 0.689250 0.027684 0.046500
0 0.734194 0.734000 0.023569 0.040000
0 0.737561 0.776250 0.029555 0.045500
0 0.709689 0.720500 0.026936 0.040000
0 0.696783 0.769250 0.030303 0.039500
0 0.693229 0.805750 0.029929 0.050500
0 0.715675 0.815250 0.030677 0.048500
0 0.700711 0.853250 0.026936 0.045500
0 0.679386 0.878250 0.025440 0.051500
0 0.646465 0.875250 0.030677 0.037500
0 0.658249 0.828000 0.028807 0.052000
0 0.629256 0.909500 0.031425 0.054000
0 0.599701 0.922250 0.033670 0.055500
0 0.568649 0.910500 0.029181 0.052000
0 0.616910 0.858750 0.023943 0.048500
0 0.592780 0.867250 0.033296 0.052500
0 0.627946 0.809750 0.029555 0.046500
0 0.663674 0.782250 0.031425 0.046500
0 0.676768 0.732750 0.034418 0.051500
0 0.682192 0.685000 0.029555 0.045000
0 0.665544 0.657000 0.029181 0.041000
0 0.638982 0.663500 0.030677 0.046000
0 0.631126 0.605500 0.028432 0.046000
0 0.592218 0.595750 0.029181 0.046500
0 0.606809 0.630750 0.030677 0.045500
0 0.584736 0.649250 0.031425 0.046500
0 0.608118 0.681000 0.028058 0.053000
0 0.633745 0.704250 0.026936 0.049500
0 0.645716 0.742000 0.030677 0.047000
0 0.623270 0.761000 0.028432 0.048000
0 0.598391 0.809500 0.028058 0.058000
0 0.604938 0.735000 0.032174 0.052000
0 0.579686 0.699500 0.038533 0.053000
0 0.531987 0.681500 0.037411 0.047000
0 0.551066 0.722000 0.026188 0.044000
0 0.550318 0.671750 0.029929 0.046500
0 0.557052 0.620750 0.036663 0.049500
0 0.553872 0.575500 0.034044 0.049000
0 0.518331 0.540500 0.034044 0.050000
0 0.550505 0.525750 0.033296 0.043500
0 0.545829 0.486500 0.032922 0.042000
0 0.540965 0.442250 0.029929 0.042500
0 0.297606 0.297500 0.042275 0.052000
0 0.340441 0.294250 0.040404 0.050500
0 0.374486 0.295250 0.038908 0.057500
0 0.404789 0.288000 0.036663 0.045000
0 0.405537 0.329500 0.038159 0.049000
0 0.371867 0.347000 0.033670 0.052000
0 0.339319 0.351000 0.032174 0.049000
0 0.300599 0.340500 0.041526 0.050000
0 0.292742 0.389000 0.035541 0.051000
0 0.336139 0.411000 0.041526 0.045000
0 0.377853 0.406500 0.038159 0.047000
0 0.400673 0.378000 0.037411 0.046000
0 0.440142 0.330250 0.032548 0.047500
0 0.442948 0.383250 0.039656 0.044500
0 0.471942 0.372500 0.029555 0.048000
0 0.479424 0.417250 0.030303 0.046500
0 0.508605 0.409500 0.031799 0.043000
0 0.509540 0.450250 0.033670 0.039500
0 0.426113 0.428250 0.036663 0.042500
0 0.456790 0.450500 0.032922 0.049000
0 0.485784 0.493000 0.037785 0.047000
0 0.516461 0.494250 0.031799 0.046500
0 0.309203 0.447500 0.039282 0.055000
0 0.361018 0.446500 0.034418 0.055000
0 0.395997 0.452750 0.037037 0.050500
0 0.337823 0.491000 0.041152 0.048000
0 0.375982 0.492000 0.037411 0.049000
0 0.427609 0.473500 0.036663 0.044000
0 0.407407 0.511500 0.034418 0.051000
0 0.363262 0.542000 0.035166 0.057000
0 0.387954 0.577750 0.035166 0.053500
0 0.418257 0.581500 0.031425 0.053000
0 0.418257 0.633000 0.035166 0.056000
0 0.452862 0.573000 0.035541 0.056000
0 0.449121 0.520750 0.037785 0.056500
0 0.479237 0.533500 0.029181 0.047000
0 0.498691 0.570250 0.034418 0.047500
0 0.471380 0.610500 0.034418 0.045000
0 0.442574 0.652250 0.040404 0.051500
0 0.506173 0.627000 0.034418 0.052000
0 0.532922 0.637000 0.031799 0.044000
0 0.494762 0.675500 0.033296 0.046000
0 0.463898 0.691750 0.044893 0.051500
0 0.429106 0.698000 0.035915 0.054000
0 0.463711 0.741750 0.035541 0.047500
0 0.499065 0.728750 0.036663 0.048500
0 0.529368 0.728000 0.030677 0.055000
0 0.483726 0.786500 0.037411 0.056000
0 0.507108 0.780250 0.029555 0.043500
0 0.546577 0.766500 0.035915 0.051000
0 0.577441 0.760500 0.030303 0.055000
0 0.504115 0.836250 0.029555 0.062500
0 0.538908 0.813500 0.036289 0.053000
0 0.571081 0.812500 0.031051 0.058000
0 0.524878 0.868750 0.029181 0.054500
0 0.558923 0.859250 0.033670 0.052500
0 0.532361 0.589750 0.034418 0.046500
0 0.660494 0.691750 0.031051 0.045500