0 0.084959 0.365250 0.059640 0.079500
0 0.105214 0.448500 0.055889 0.076000
0 0.125656 0.514250 0.054014 0.065500
0 0.125844 0.598250 0.055139 0.073500
0 0.143098 0.694500 0.058890 0.074000
0 0.120593 0.289500 0.052138 0.079000
0 0.159040 0.248250 0.063766 0.086500
0 0.231808 0.219750 0.053263 0.081500
0 0.173293 0.327500 0.060015 0.081000
0 0.146099 0.380000 0.058890 0.080000
0 0.153413 0.471750 0.052513 0.077500
0 0.178920 0.533750 0.051763 0.074500
0 0.199737 0.607500 0.058890 0.061000
0 0.244561 0.712750 0.052513 0.061500
0 0.256752 0.640250 0.052888 0.063500
0 0.198987 0.422500 0.058140 0.073000
0 0.242311 0.299750 0.061515 0.082500
0 0.219055 0.380750 0.062266 0.078500
0 0.218492 0.504750 0.059640 0.072500
0 0.253376 0.576500 0.055889 0.055000
0 0.296512 0.714000 0.051388 0.062000
0 0.280758 0.390500 0.064141 0.074000
0 0.248687 0.448750 0.060015 0.075500
0 0.276444 0.521000 0.054764 0.073000
0 0.304014 0.652500 0.058890 0.070000
0 0.346399 0.706750 0.055889 0.066500
0 0.307952 0.582250 0.060765 0.063500
0 0.313016 0.179500 0.059640 0.092000
0 0.299137 0.258750 0.067142 0.077500
0 0.316017 0.334250 0.061140 0.075500
0 0.310015 0.460500 0.061890 0.076000
0 0.343211 0.530000 0.058515 0.077000
0 0.372656 0.583000 0.063391 0.055000
0 0.360840 0.643000 0.053263 0.062000
0 0.401913 0.704250 0.052138 0.069500
0 0.428545 0.609250 0.055889 0.066500
0 0.446924 0.668750 0.057389 0.056500
0 0.382596 0.199250 0.061515 0.084500
0 0.403038 0.282000 0.061140 0.085000
0 0.380720 0.349500 0.061515 0.077000
0 0.343398 0.412000 0.058890 0.081000
0 0.388597 0.498250 0.059265 0.062500
0 0.456114 0.232500 0.065266 0.086000
0 0.441673 0.346500 0.070143 0.088000
0 0.406414 0.426750 0.061140 0.080500
0 0.445799 0.484000 0.057389 0.078000
0 0.458177 0.554000 0.061140 0.070000
0 0.487247 0.615500 0.054764 0.069000
0 0.530383 0.660250 0.052513 0.070500
0 0.516879 0.192250 0.069017 0.091500
0 0.505064 0.287250 0.066392 0.082500
0 0.518942 0.367250 0.063391 0.091500
0 0.476744 0.420000 0.062266 0.066000
0 0.527569 0.450500 0.058890 0.070000
0 0.510503 0.520250 0.055514 0.065500
0 0.542573 0.597250 0.057389 0.074500
0 0.581770 0.658250 0.054014 0.062500
0 0.588147 0.192750 0.062266 0.086500
0 0.569392 0.296750 0.057014 0.083500
0 0.571080 0.404750 0.061890 0.072500
0 0.594899 0.467250 0.058515 0.078500
0 0.569955 0.530750 0.055889 0.072500
0 0.595086 0.599250 0.058140 0.067500
0 0.637097 0.656000 0.056639 0.069000
0 0.622656 0.519000 0.051763 0.070000
0 0.651163 0.228750 0.063766 0.081500
0 0.630720 0.313000 0.068642 0.073000
0 0.632033 0.405500 0.066017 0.076000
0 0.655664 0.464500 0.061515 0.070000
0 0.654726 0.590250 0.056639 0.057500
0 0.689610 0.649000 0.056639 0.061000
0 0.679857 0.520500 0.055139 0.073000
0 0.706114 0.579000 0.054389 0.066000
0 0.742873 0.653250 0.054389 0.062500
0 0.687922 0.382750 0.064516 0.073500
0 0.716617 0.462500 0.058890 0.078000
0 0.743811 0.529000 0.057764 0.073000
0 0.764816 0.589750 0.055514 0.061500
0 0.794824 0.660750 0.055514 0.065500
0 0.739872 0.239500 0.062641 0.091000
0 0.736122 0.324750 0.059640 0.086500
0 0.786009 0.277500 0.058890 0.082000
0 0.810953 0.368000 0.063016 0.088000
0 0.760690 0.396500 0.060765 0.079000
0 0.779070 0.464750 0.057014 0.080500
0 0.804576 0.530750 0.057764 0.067500
0 0.819205 0.592250 0.048762 0.067500
0 0.841335 0.429750 0.062266 0.074500
0 0.892723 0.445500 0.060015 0.069000
0 0.858965 0.519750 0.057014 0.071500
0 0.908477 0.506500 0.045761 0.079000
0 0.880533 0.582000 0.049137 0.073000
0 0.855589 0.651750 0.055514 0.066500
0 0.896287 0.627750 0.050638 0.069500
0 0.943923 0.568250 0.056639 0.062500