0 0.051575 0.626500 0.040885 0.057000
0 0.062453 0.590250 0.043136 0.057500
0 0.067329 0.502250 0.042386 0.055500
0 0.102963 0.526000 0.043886 0.056000
0 0.105964 0.571250 0.043136 0.050500
0 0.102213 0.614250 0.040135 0.051500
0 0.094336 0.649750 0.037884 0.055500
0 0.115529 0.703250 0.042761 0.058500
0 0.155851 0.714750 0.038635 0.053500
0 0.126032 0.657000 0.036009 0.046000
0 0.179295 0.666000 0.033758 0.056000
0 0.210990 0.690750 0.031883 0.048500
0 0.233496 0.689750 0.039385 0.052500
0 0.210053 0.647750 0.045011 0.055500
0 0.184734 0.596750 0.037134 0.045500
0 0.220368 0.602250 0.037134 0.054500
0 0.252813 0.639000 0.044261 0.057000
0 0.269692 0.686250 0.042011 0.055500
0 0.304201 0.677750 0.039010 0.054500
0 0.290135 0.621000 0.039385 0.053000
0 0.261815 0.588250 0.042761 0.051500
0 0.237622 0.542250 0.041635 0.053500
0 0.198987 0.559500 0.045386 0.056000
0 0.163166 0.546750 0.039010 0.056500
0 0.144036 0.563000 0.033008 0.054000
0 0.141223 0.506500 0.042386 0.054000
0 0.090773 0.468750 0.042011 0.054500
0 0.129970 0.447000 0.040885 0.057000
0 0.106152 0.364250 0.039760 0.060500
0 0.142723 0.388750 0.038635 0.060500
0 0.134846 0.324250 0.043136 0.065500
0 0.174419 0.297500 0.043511 0.060000
0 0.220555 0.260750 0.047262 0.068500
0 0.241935 0.315000 0.040510 0.052000
0 0.269505 0.335750 0.045386 0.066500
0 0.288635 0.280750 0.052888 0.063500
0 0.186797 0.360250 0.038260 0.062500
0 0.217367 0.380500 0.045386 0.057000
0 0.200300 0.420500 0.047262 0.056000
0 0.166917 0.437500 0.037509 0.050000
0 0.175731 0.485500 0.045386 0.051000
0 0.210240 0.472250 0.039385 0.064500
0 0.268192 0.509000 0.042761 0.061000
0 0.296324 0.546750 0.040510 0.059500
0 0.327457 0.576250 0.035259 0.055500
0 0.356902 0.570000 0.039385 0.053000
0 0.342273 0.635500 0.038635 0.060000
0 0.372281 0.616000 0.040885 0.056000
0 0.410353 0.567000 0.035259 0.056000
0 0.391598 0.523750 0.045761 0.056500
0 0.349400 0.509000 0.044636 0.054000
0 0.304951 0.492250 0.043511 0.060500
0 0.270443 0.451500 0.039760 0.060000
0 0.254501 0.418750 0.030383 0.052500
0 0.278695 0.390500 0.041260 0.063000
0 0.315454 0.346750 0.045761 0.066500
0 0.346587 0.381500 0.043511 0.059000
0 0.325206 0.422000 0.036759 0.060000
0 0.363091 0.451250 0.045761 0.072500
0 0.403413 0.472750 0.044636 0.064500
0 0.385784 0.411750 0.047637 0.061500
0 0.430608 0.427000 0.045011 0.063000
0 0.445799 0.480500 0.040135 0.064000
0 0.435859 0.533000 0.039760 0.060000
0 0.452176 0.587500 0.040885 0.058000
0 0.473931 0.524500 0.043136 0.058000
0 0.501500 0.580500 0.042761 0.061000
0 0.486872 0.641250 0.045761 0.057500
0 0.483496 0.449750 0.045761 0.067500
0 0.435296 0.375250 0.046887 0.062500
0 0.484621 0.379250 0.048012 0.065500
0 0.293698 0.203500 0.043511 0.065000
0 0.331770 0.195000 0.045386 0.064000
0 0.341710 0.267000 0.048012 0.066000
0 0.363841 0.322750 0.048762 0.062500
0 0.401350 0.345750 0.048012 0.067500
0 0.438672 0.317500 0.052138 0.060000
0 0.401163 0.291000 0.050638 0.060000
0 0.379970 0.239500 0.043511 0.069000
0 0.426107 0.208250 0.045761 0.066500
0 0.446737 0.256500 0.051013 0.070000
0 0.482371 0.298750 0.045011 0.068500
0 0.526257 0.312250 0.048012 0.068500
0 0.528132 0.248500 0.048012 0.061000
0 0.575394 0.286750 0.048012 0.072500
0 0.613466 0.340250 0.050638 0.065500
0 0.668605 0.329000 0.051388 0.067000
0 0.653976 0.383250 0.049887 0.062500
0 0.543511 0.372750 0.054014 0.066500
0 0.593211 0.391500 0.050638 0.069000
0 0.618530 0.447000 0.051763 0.068000
0 0.517067 0.419500 0.050638 0.058000
0 0.560390 0.435000 0.053263 0.061000
0 0.529820 0.477250 0.049887 0.058500
0 0.577269 0.486500 0.052513 0.061000
0 0.581020 0.542250 0.048012 0.058500
0 0.544074 0.513500 0.038635 0.048000
0 0.552513 0.580250 0.051013 0.050500
0 0.575956 0.616000 0.055889 0.060000
0 0.534321 0.640500 0.041635 0.070000
0 0.611215 0.591750 0.044636 0.056500
0 0.635784 0.634750 0.048012 0.072500
0 0.679107 0.672750 0.055889 0.063500
0 0.713991 0.690000 0.047637 0.062000
0 0.724119 0.647000 0.049887 0.062000
0 0.677419 0.623750 0.047262 0.065500
0 0.623593 0.545500 0.048387 0.064000
0 0.668792 0.552750 0.051013 0.062500
0 0.643473 0.499250 0.048387 0.064500
0 0.672731 0.448250 0.054389 0.072500
0 0.691673 0.503750 0.047262 0.062500
0 0.729745 0.542000 0.047637 0.067000
0 0.737622 0.484750 0.052138 0.064500
0 0.776632 0.520000 0.052138 0.061000
0 0.708740 0.397500 0.049887 0.073000
0 0.757502 0.436250 0.054389 0.066500
0 0.786947 0.445750 0.038260 0.061500
0 0.803638 0.386000 0.052138 0.075000
0 0.832146 0.422750 0.052138 0.079500
0 0.869280 0.476250 0.049137 0.065500
0 0.832146 0.497500 0.054389 0.064000
0 0.819017 0.566750 0.054389 0.059500
0 0.768567 0.580500 0.050263 0.069000
0 0.717367 0.586500 0.048387 0.056000
0 0.768192 0.627000 0.050263 0.057000
0 0.789947 0.649000 0.040510 0.052000
0 0.769317 0.729000 0.050263 0.055000
0 0.801950 0.748750 0.049512 0.052500
0 0.844899 0.791750 0.048387 0.061500
0 0.895349 0.798500 0.049512 0.058000
0 0.865529 0.734500 0.052888 0.052000
0 0.826519 0.699750 0.050638 0.056500
0 0.814329 0.625500 0.048762 0.062000
0 0.842836 0.644000 0.046512 0.062000
0 0.881095 0.670750 0.048762 0.052500
0 0.879595 0.631250 0.051763 0.063500
0 0.853901 0.585000 0.052888 0.067000
0 0.895161 0.547250 0.052138 0.060500
0 0.931170 0.610750 0.053638 0.055500
0 0.943736 0.644500 0.046512 0.061000
0 0.925544 0.511750 0.046887 0.064500