0 0.136722 0.849500 0.034134 0.043000
0 0.129032 0.773000 0.042761 0.049000
0 0.162603 0.795250 0.037134 0.038500
0 0.190173 0.825000 0.043511 0.040000
0 0.223931 0.854500 0.041260 0.049000
0 0.132408 0.725000 0.039760 0.041000
0 0.170668 0.730000 0.039760 0.033000
0 0.206302 0.758250 0.035259 0.047500
0 0.235559 0.784000 0.037509 0.040000
0 0.267254 0.797000 0.034884 0.044000
0 0.308890 0.798000 0.037134 0.046000
0 0.138597 0.677250 0.036384 0.047500
0 0.167854 0.699000 0.039385 0.056000
0 0.201238 0.708500 0.035634 0.055000
0 0.241560 0.702250 0.036759 0.053500
0 0.271943 0.728000 0.042011 0.050000
0 0.320705 0.739250 0.039760 0.049500
0 0.345086 0.777750 0.037509 0.049500
0 0.381470 0.784500 0.039760 0.046000
0 0.126969 0.630500 0.040135 0.045000
0 0.157539 0.635750 0.033008 0.045500
0 0.196174 0.654250 0.029257 0.052500
0 0.237997 0.647250 0.036384 0.046500
0 0.270818 0.631500 0.036009 0.047000
0 0.276819 0.689250 0.037509 0.047500
0 0.315079 0.696500 0.036759 0.042000
0 0.353901 0.721000 0.037134 0.051000
0 0.304014 0.646500 0.036384 0.045000
0 0.341148 0.636750 0.039385 0.044500
0 0.364779 0.665250 0.044636 0.040500
0 0.392348 0.704000 0.033008 0.050000
0 0.404351 0.752750 0.037509 0.051500
0 0.159790 0.578250 0.045011 0.048500
0 0.139722 0.530250 0.041635 0.044500
0 0.189985 0.492000 0.039385 0.041000
0 0.205926 0.543000 0.032258 0.045000
0 0.222431 0.527750 0.035259 0.049500
0 0.176107 0.438750 0.042386 0.049500
0 0.198987 0.396000 0.035634 0.048000
0 0.221868 0.437500 0.036384 0.054000
0 0.253751 0.493000 0.036384 0.046000
0 0.268005 0.449000 0.040135 0.051000
0 0.287884 0.482250 0.037884 0.048500
0 0.298762 0.441000 0.037134 0.054000
0 0.257689 0.407000 0.033758 0.044000
0 0.226557 0.380500 0.038260 0.051000
0 0.287134 0.387750 0.030383 0.049500
0 0.333646 0.433750 0.037134 0.046500
0 0.336834 0.495750 0.041260 0.057500
0 0.348087 0.540500 0.036009 0.044000
0 0.305701 0.546750 0.039010 0.047500
0 0.267817 0.554500 0.036009 0.056000
0 0.258627 0.589500 0.035634 0.046000
0 0.294449 0.596500 0.033758 0.050000
0 0.323706 0.586000 0.030758 0.047000
0 0.357652 0.587250 0.036384 0.046500
0 0.252813 0.307250 0.038260 0.056500
0 0.288447 0.325750 0.038260 0.047500
0 0.291635 0.284000 0.037884 0.047000
0 0.330083 0.309750 0.042011 0.052500
0 0.322768 0.360750 0.043136 0.051500
0 0.337397 0.394000 0.038635 0.038000
0 0.367967 0.421250 0.039760 0.046500
0 0.359152 0.345000 0.034884 0.050000
0 0.315454 0.233500 0.032258 0.050000
0 0.346587 0.272500 0.036759 0.041000
0 0.369092 0.229250 0.037509 0.040500
0 0.381283 0.258750 0.034134 0.049500
0 0.388035 0.327750 0.034134 0.058500
0 0.375281 0.383500 0.036384 0.045000
0 0.407352 0.370750 0.030758 0.051500
0 0.405101 0.416000 0.030008 0.044000
0 0.390098 0.456750 0.040510 0.050500
0 0.379407 0.500750 0.046137 0.053500
0 0.404164 0.533250 0.038635 0.062500
0 0.439422 0.180250 0.038635 0.048500
0 0.469617 0.164000 0.034509 0.044000
0 0.468305 0.211000 0.037134 0.038000
0 0.430608 0.224500 0.034509 0.051000
0 0.412228 0.255250 0.036759 0.041500
0 0.441485 0.284500 0.033008 0.051000
0 0.472618 0.273750 0.036009 0.046500
0 0.485934 0.311000 0.035634 0.044000
0 0.454989 0.336250 0.042761 0.045500
0 0.446924 0.377250 0.039385 0.042500
0 0.481620 0.361750 0.039010 0.046500
0 0.507689 0.344000 0.031883 0.040000
0 0.520818 0.291000 0.037884 0.047000
0 0.507689 0.384500 0.033383 0.049000
0 0.474494 0.406750 0.036009 0.045500
0 0.443923 0.433500 0.038635 0.054000
0 0.422731 0.471000 0.039010 0.054000
0 0.438672 0.510250 0.039385 0.043500
0 0.480683 0.500000 0.034134 0.045000
0 0.473181 0.455250 0.035634 0.054500
0 0.515379 0.458000 0.035259 0.045000
0 0.537884 0.436000 0.034509 0.040000
0 0.515941 0.505250 0.034884 0.050500
0 0.501313 0.541500 0.033383 0.049000
0 0.469055 0.545500 0.034134 0.050000
0 0.430795 0.556500 0.038635 0.048000
0 0.462303 0.589250 0.036384 0.054500
0 0.433983 0.616250 0.036759 0.050500
0 0.412416 0.654750 0.037884 0.048500
0 0.452176 0.666750 0.036384 0.054500
0 0.469992 0.628750 0.033758 0.041500
0 0.477307 0.665750 0.023631 0.044500
0 0.452551 0.713000 0.037884 0.050000
0 0.442048 0.758750 0.035634 0.050500
0 0.479557 0.737250 0.035634 0.047500
0 0.486872 0.790250 0.039760 0.049500
0 0.491560 0.837250 0.035634 0.055500
0 0.526257 0.855750 0.032258 0.058500
0 0.553826 0.852500 0.029632 0.047000
0 0.539010 0.801000 0.034509 0.045000
0 0.513316 0.766250 0.039385 0.039500
0 0.528882 0.718500 0.036009 0.052000
0 0.543886 0.750000 0.036759 0.047000
0 0.570893 0.763250 0.032258 0.045500
0 0.491935 0.588250 0.034134 0.049500
0 0.520068 0.606250 0.035634 0.053500
0 0.514629 0.648750 0.036009 0.042500
0 0.530945 0.555750 0.031883 0.040500
0 0.543511 0.524250 0.035259 0.044500
0 0.547637 0.599750 0.031508 0.053500
0 0.557952 0.668000 0.038635 0.052000
0 0.557014 0.699750 0.040510 0.039500
0 0.504876 0.146000 0.033758 0.048000
0 0.504501 0.227000 0.036759 0.048000
0 0.521193 0.202000 0.039385 0.038000
0 0.553638 0.119500 0.030758 0.049000
0 0.548012 0.159250 0.033008 0.042500
0 0.587397 0.122000 0.032258 0.045000
0 0.617217 0.065250 0.037134 0.037500
0 0.649850 0.083500 0.036384 0.048000
0 0.670668 0.151750 0.027757 0.043500
0 0.578957 0.163750 0.029632 0.042500
0 0.626219 0.158750 0.030383 0.035500
0 0.614591 0.182750 0.034884 0.039500
0 0.569580 0.204750 0.030383 0.045500
0 0.597337 0.236250 0.034884 0.044500
0 0.626969 0.211750 0.029632 0.044500
0 0.536572 0.257750 0.035634 0.043500
0 0.573706 0.274000 0.032633 0.038000
0 0.644974 0.233750 0.033383 0.057500
0 0.682671 0.222000 0.034509 0.040000
0 0.661665 0.253250 0.033758 0.033500
0 0.706489 0.256750 0.030383 0.045500
0 0.675731 0.277750 0.026632 0.042500
0 0.648912 0.285500 0.030758 0.045000
0 0.611590 0.296750 0.035634 0.045500
0 0.576519 0.309750 0.034509 0.044500
0 0.603338 0.335750 0.036384 0.040500
0 0.674419 0.313250 0.031508 0.045500
0 0.651913 0.342500 0.030008 0.043000
0 0.692798 0.333000 0.029257 0.047000
0 0.542386 0.367750 0.036759 0.049500
0 0.562266 0.413000 0.033758 0.043000
0 0.591710 0.403500 0.028132 0.047000
0 0.630345 0.369000 0.031883 0.049000
0 0.670668 0.380500 0.034509 0.043000
0 0.694861 0.383500 0.028882 0.046000
0 0.635971 0.418250 0.037134 0.036500
0 0.676107 0.416500 0.028132 0.040000
0 0.658102 0.439000 0.028882 0.045000
0 0.634284 0.452250 0.034509 0.038500
0 0.588522 0.444500 0.036759 0.038000
0 0.575394 0.481750 0.038260 0.048500
0 0.615341 0.489250 0.031883 0.044500
0 0.601838 0.545750 0.033383 0.048500
0 0.574456 0.565500 0.033383 0.048000
0 0.596774 0.589500 0.031508 0.042000
0 0.582521 0.637000 0.033758 0.048000
0 0.584021 0.675750 0.032258 0.044500
0 0.588522 0.730750 0.035259 0.044500
0 0.591710 0.826000 0.031883 0.037000
0 0.606714 0.882500 0.031883 0.044000
0 0.638035 0.896500 0.033008 0.044000
0 0.637659 0.963000 0.032258 0.048000
0 0.672731 0.938000 0.031133 0.049000
0 0.711553 0.922500 0.031508 0.045000
0 0.667854 0.849000 0.028132 0.042000
0 0.620030 0.843000 0.027757 0.051000
0 0.612528 0.784500 0.032258 0.050000
0 0.621718 0.807750 0.025881 0.040500
0 0.689985 0.842500 0.025131 0.045000
0 0.694861 0.854750 0.023631 0.030500
0 0.729745 0.883250 0.027382 0.035500
0 0.642723 0.763750 0.028882 0.049500
0 0.660540 0.777500 0.024006 0.054000
0 0.677044 0.799500 0.023256 0.043000
0 0.619280 0.725000 0.032258 0.045000
0 0.636347 0.691000 0.038635 0.049000
0 0.648350 0.720250 0.027382 0.035500
0 0.692986 0.756000 0.031133 0.047000
0 0.706677 0.781500 0.030008 0.042000
0 0.726369 0.819250 0.025881 0.046500
0 0.738560 0.844500 0.026257 0.043000
0 0.756189 0.850000 0.027007 0.045000
0 0.757689 0.275500 0.033008 0.050000
0 0.750375 0.312500 0.028882 0.031000
0 0.787884 0.328500 0.031883 0.050000
0 0.847149 0.335000 0.031133 0.047000
0 0.741185 0.361250 0.031508 0.047500
0 0.797262 0.383250 0.025131 0.042500
0 0.828395 0.394750 0.024381 0.027500
0 0.778882 0.406000 0.030383 0.042000
0 0.840960 0.422000 0.030758 0.042000
0 0.772131 0.441000 0.031883 0.033000
0 0.723556 0.440250 0.027007 0.042500
0 0.706489 0.454500 0.030383 0.042000
0 0.681545 0.467750 0.030758 0.040500
0 0.670293 0.499000 0.034509 0.040000
0 0.644411 0.539500 0.028507 0.047000
0 0.649287 0.580000 0.028507 0.042000
0 0.678920 0.580000 0.030008 0.041000
0 0.627532 0.623750 0.033758 0.043500
0 0.678545 0.624750 0.027007 0.043500
0 0.658290 0.663250 0.032258 0.041500
0 0.676294 0.696000 0.025506 0.042000
0 0.710990 0.691500 0.033383 0.041000
0 0.713991 0.737250 0.027382 0.043500
0 0.747749 0.802250 0.029632 0.041500
0 0.782821 0.827000 0.026257 0.039000
0 0.783196 0.848250 0.029257 0.030500
0 0.800638 0.819250 0.025131 0.042500
0 0.821080 0.802000 0.024756 0.040000
0 0.794261 0.775750 0.025881 0.042500
0 0.734246 0.761000 0.027382 0.040000
0 0.738560 0.721000 0.030758 0.046000
0 0.758440 0.753250 0.026257 0.037500
0 0.758252 0.718000 0.018380 0.037000
0 0.794074 0.738750 0.026257 0.039500
0 0.830270 0.751750 0.030383 0.044500
0 0.734246 0.676250 0.032633 0.041500
0 0.753188 0.670500 0.026257 0.041000
0 0.801013 0.701500 0.029632 0.044000
0 0.828582 0.717250 0.024006 0.029500
0 0.734621 0.623750 0.031883 0.037500
0 0.790135 0.653250 0.042386 0.041500
0 0.693361 0.540750 0.034884 0.043500
0 0.708552 0.519250 0.033758 0.041500
0 0.723368 0.541250 0.028882 0.040500
0 0.711178 0.567000 0.030008 0.036000
0 0.744374 0.574750 0.030383 0.042500
0 0.776819 0.575750 0.027757 0.041500
0 0.803451 0.543750 0.029257 0.043500
0 0.802513 0.574500 0.028132 0.037000
0 0.734059 0.487250 0.030758 0.045500
0 0.764629 0.519750 0.027382 0.045500
0 0.798762 0.482750 0.033383 0.044500
0 0.803451 0.457750 0.024756 0.039500
0 0.786197 0.510500 0.024756 0.023000
0 0.881845 0.455500 0.033008 0.047000
0 0.872093 0.484000 0.027757 0.029000
0 0.856527 0.505250 0.032633 0.039500
0 0.928545 0.536250 0.035634 0.054500
0 0.875281 0.549250 0.032633 0.048500
0 0.882408 0.569250 0.031883 0.045500
0 0.907352 0.586000 0.033758 0.046000
0 0.895161 0.623250 0.028882 0.048500
0 0.904539 0.668000 0.031133 0.048000
0 0.837959 0.637500 0.029257 0.046000
0 0.820143 0.668250 0.027382 0.036500
0 0.841710 0.687250 0.028507 0.039500
0 0.858590 0.707250 0.029257 0.036500
0 0.878282 0.741750 0.025881 0.036500