0 0.122843 0.150500 0.063391 0.101000
0 0.066954 0.256250 0.060390 0.092500
0 0.099212 0.337000 0.059640 0.083000
0 0.130908 0.291500 0.056264 0.092000
0 0.199925 0.224250 0.053263 0.072500
0 0.231245 0.280250 0.061890 0.092500
0 0.281883 0.185750 0.063391 0.091500
0 0.309452 0.263500 0.071268 0.091000
0 0.295949 0.342500 0.062266 0.080000
0 0.349212 0.369000 0.066017 0.077000
0 0.277757 0.426750 0.055139 0.079500
0 0.191673 0.359750 0.062266 0.080500
0 0.136722 0.404500 0.067892 0.081000
0 0.058140 0.420250 0.060765 0.097500
0 0.057952 0.496750 0.062641 0.069500
0 0.094711 0.554750 0.059640 0.067500
0 0.136347 0.481750 0.050638 0.078500
0 0.180608 0.478750 0.068642 0.072500
0 0.164666 0.555000 0.057014 0.076000
0 0.158852 0.605250 0.064891 0.062500
0 0.232371 0.596000 0.055139 0.071000
0 0.275881 0.655250 0.055139 0.076500
0 0.332896 0.677000 0.058890 0.064000
0 0.365529 0.730000 0.053638 0.059000
0 0.415604 0.743250 0.048762 0.066500
0 0.430233 0.790000 0.039760 0.066000
0 0.478995 0.830000 0.056264 0.054000
0 0.475431 0.775250 0.054389 0.060500
0 0.496624 0.710250 0.051763 0.072500
0 0.453301 0.654500 0.051388 0.075000
0 0.401725 0.659500 0.044261 0.070000
0 0.342461 0.612500 0.060015 0.075000
0 0.294636 0.560500 0.054389 0.072000
0 0.237247 0.521500 0.056639 0.076000
0 0.310203 0.510000 0.062266 0.077000
0 0.336647 0.463500 0.058890 0.078000
0 0.386347 0.426750 0.055514 0.079500
0 0.412603 0.495000 0.048012 0.078000
0 0.448800 0.440250 0.067892 0.084500
0 0.481245 0.497250 0.053263 0.073500
0 0.412041 0.570250 0.055889 0.062500
0 0.455551 0.565500 0.049137 0.082000
0 0.516129 0.576250 0.060015 0.079500
0 0.526632 0.640750 0.062266 0.073500
0 0.554389 0.690750 0.057014 0.060500
0 0.571268 0.740750 0.057764 0.061500
0 0.531320 0.775750 0.050638 0.056500
0 0.519692 0.812750 0.040135 0.055500
0 0.569392 0.820500 0.048762 0.054000
0 0.608777 0.925500 0.051763 0.069000
0 0.626219 0.853500 0.055139 0.065000
0 0.668605 0.868250 0.042386 0.062500
0 0.663166 0.809750 0.053263 0.061500
0 0.596212 0.797000 0.058890 0.065000
0 0.633158 0.751250 0.053263 0.067500
0 0.698987 0.724000 0.059640 0.061000
0 0.702738 0.758500 0.055139 0.060000
0 0.627157 0.686750 0.056264 0.066500
0 0.597149 0.647250 0.057014 0.067500
0 0.656227 0.604500 0.059640 0.071000
0 0.686797 0.641500 0.060765 0.070000
0 0.752251 0.690750 0.050638 0.072500
0 0.584396 0.584000 0.058515 0.081000
0 0.552326 0.518500 0.055889 0.082000
0 0.634471 0.534750 0.063391 0.071500
0 0.662603 0.458500 0.063391 0.076000
0 0.687359 0.498750 0.055139 0.073500
0 0.742873 0.554750 0.064141 0.067500
0 0.747562 0.457500 0.069017 0.076000
0 0.605214 0.416250 0.064141 0.074500
0 0.550450 0.442500 0.063391 0.082000
0 0.443361 0.352000 0.060765 0.082000
0 0.390285 0.304500 0.059640 0.078000
0 0.364966 0.173750 0.061515 0.096500
0 0.436609 0.229000 0.070518 0.092000
0 0.466242 0.147250 0.066767 0.091500
0 0.500000 0.196750 0.070518 0.090500
0 0.553638 0.265750 0.060765 0.095500
0 0.479932 0.284000 0.067142 0.081000
0 0.522693 0.338250 0.067892 0.080500
0 0.584396 0.346000 0.064516 0.094000
0 0.587959 0.190500 0.076894 0.092000
0 0.641410 0.251250 0.075019 0.095500
0 0.688672 0.191000 0.066767 0.093000
0 0.704614 0.282000 0.067892 0.099000
0 0.716054 0.357500 0.069017 0.078000
0 0.791073 0.277250 0.075769 0.091500
0 0.899100 0.317250 0.078770 0.086500
0 0.871530 0.393750 0.072393 0.078500
0 0.867967 0.464750 0.072018 0.078500
0 0.907727 0.526250 0.060015 0.090500
0 0.834021 0.534750 0.055139 0.083500
0 0.828582 0.614250 0.060765 0.075500
0 0.828957 0.672750 0.054014 0.072500
0 0.892161 0.617750 0.059640 0.071500
0 0.901350 0.672250 0.061515 0.075500
0 0.934734 0.601750 0.047262 0.079500