0 0.072581 0.597250 0.052888 0.064500
0 0.136347 0.614750 0.050638 0.058500
0 0.147224 0.675250 0.052138 0.074500
0 0.190735 0.607000 0.048387 0.068000
0 0.199362 0.542750 0.045386 0.065500
0 0.133533 0.556500 0.053263 0.064000
0 0.101838 0.514500 0.052888 0.061000
0 0.101275 0.446000 0.052513 0.066000
0 0.154726 0.491000 0.054389 0.061000
0 0.164666 0.431000 0.051763 0.062000
0 0.196737 0.411750 0.048387 0.066500
0 0.236684 0.460000 0.046512 0.078000
0 0.201800 0.336750 0.055514 0.059500
0 0.239122 0.319750 0.052888 0.068500
0 0.276444 0.265500 0.046512 0.055000
0 0.305889 0.205000 0.053638 0.085000
0 0.362716 0.200750 0.052513 0.065500
0 0.396849 0.293750 0.051013 0.052500
0 0.317142 0.317250 0.049887 0.067500
0 0.270443 0.377500 0.057014 0.053000
0 0.350900 0.363000 0.052888 0.054000
0 0.400413 0.334000 0.060390 0.068000
0 0.382971 0.432250 0.047262 0.054500
0 0.319580 0.421250 0.051013 0.053500
0 0.288635 0.474250 0.043136 0.065500
0 0.309265 0.455500 0.057389 0.078000
0 0.260878 0.552500 0.049887 0.068000
0 0.239497 0.608000 0.044636 0.065000
0 0.265004 0.652750 0.052138 0.073500
0 0.250375 0.722500 0.041635 0.064000
0 0.293886 0.721000 0.052138 0.069000
0 0.324081 0.689250 0.042011 0.069500
0 0.294449 0.611500 0.042761 0.066000
0 0.299700 0.548000 0.048762 0.059000
0 0.332333 0.616500 0.042761 0.076000
0 0.359340 0.721750 0.051013 0.073500
0 0.361778 0.550250 0.052888 0.063500
0 0.397412 0.579000 0.049887 0.066000
0 0.404351 0.652500 0.051013 0.065000
0 0.417667 0.718500 0.050638 0.064000
0 0.407352 0.515250 0.044261 0.058500
0 0.423856 0.453750 0.051763 0.061500
0 0.449550 0.410750 0.050638 0.059500
0 0.439610 0.268750 0.057764 0.064500
0 0.487059 0.263000 0.040885 0.066000
0 0.549512 0.230750 0.046512 0.068500
0 0.473743 0.344750 0.047262 0.067500
0 0.506564 0.411000 0.047637 0.072000
0 0.489872 0.484250 0.048762 0.062500
0 0.452363 0.536750 0.053263 0.068500
0 0.440360 0.613750 0.050263 0.066500
0 0.479557 0.715500 0.045386 0.060000
0 0.493436 0.645750 0.040885 0.066500
0 0.525881 0.712500 0.057014 0.073000
0 0.541635 0.648250 0.048762 0.072500
0 0.521755 0.586000 0.051013 0.075000
0 0.527194 0.521500 0.049887 0.071000
0 0.539760 0.359250 0.050263 0.066500
0 0.564141 0.311750 0.048762 0.074500
0 0.602963 0.256750 0.045386 0.067500
0 0.620030 0.316750 0.054014 0.068500
0 0.562266 0.388000 0.062266 0.077000
0 0.594336 0.382500 0.048387 0.073000
0 0.598275 0.455750 0.048762 0.071500
0 0.656414 0.454250 0.046512 0.068500
0 0.572581 0.549250 0.050638 0.066500
0 0.609527 0.527000 0.050263 0.075000
0 0.608777 0.590750 0.047262 0.058500
0 0.659415 0.577500 0.047262 0.069000
0 0.590960 0.664750 0.048387 0.073500
0 0.574269 0.739000 0.048762 0.064000
0 0.609152 0.781250 0.047262 0.064500
0 0.627907 0.718500 0.049512 0.064000
0 0.663353 0.782750 0.050638 0.078500
0 0.714366 0.773250 0.053638 0.075500
0 0.685484 0.705750 0.052888 0.071500
0 0.684546 0.628000 0.047262 0.062000
0 0.678920 0.287500 0.047262 0.070000
0 0.753938 0.248750 0.048762 0.065500
0 0.735746 0.303250 0.052888 0.053500
0 0.727494 0.349000 0.061890 0.076000
0 0.800450 0.344000 0.050263 0.056000
0 0.799512 0.388750 0.051388 0.066500
0 0.746062 0.432000 0.051013 0.065000
0 0.720743 0.450500 0.053638 0.072000
0 0.772881 0.491250 0.051388 0.063500
0 0.824831 0.468250 0.051763 0.069500
0 0.867592 0.455500 0.051013 0.071000
0 0.701050 0.531250 0.054764 0.059500
0 0.776444 0.548250 0.051763 0.055500
0 0.861403 0.526250 0.055139 0.067500
0 0.893286 0.505000 0.047637 0.050000
0 0.717179 0.591500 0.050263 0.059000
0 0.794636 0.619500 0.058140 0.072000
0 0.857089 0.593750 0.054764 0.072500
0 0.924606 0.567500 0.058515 0.083000
0 0.740623 0.648250 0.052888 0.071500
0 0.736872 0.721500 0.052138 0.062000
0 0.787134 0.686500 0.055889 0.075000
0 0.852026 0.681750 0.052888 0.075500
0 0.904351 0.651500 0.054014 0.072000
0 0.951613 0.641250 0.049512 0.067500
0 0.957052 0.703000 0.060390 0.077000
0 0.853526 0.730000 0.051388 0.049000
0 0.907164 0.799750 0.054389 0.079500
0 0.843023 0.802000 0.050638 0.072000
0 0.777007 0.776500 0.058140 0.062000