0 0.163541 0.364000 0.070518 0.072000
0 0.211178 0.413000 0.065266 0.069000
0 0.201050 0.489000 0.062266 0.064000
0 0.181545 0.533000 0.045011 0.058000
0 0.219805 0.588250 0.069767 0.072500
0 0.281883 0.591250 0.046887 0.061500
0 0.315454 0.676500 0.056264 0.065000
0 0.346962 0.706750 0.056264 0.054500
0 0.206864 0.262750 0.067142 0.079500
0 0.240435 0.244750 0.065266 0.091500
0 0.293698 0.209750 0.069017 0.103500
0 0.376219 0.243500 0.071268 0.104000
0 0.419730 0.308000 0.062266 0.088000
0 0.403601 0.368000 0.062266 0.070000
0 0.330458 0.315250 0.070518 0.092500
0 0.267254 0.344750 0.059640 0.091500
0 0.241560 0.391250 0.057014 0.075500
0 0.323893 0.387000 0.067892 0.075000
0 0.267442 0.466500 0.061515 0.072000
0 0.281508 0.511000 0.060390 0.065000
0 0.328582 0.472000 0.051763 0.069000
0 0.379407 0.441500 0.064891 0.077000
0 0.445049 0.431000 0.058890 0.078000
0 0.429857 0.496500 0.053263 0.075000
0 0.379407 0.510000 0.055139 0.080000
0 0.338897 0.551000 0.059640 0.065000
0 0.395911 0.591500 0.058140 0.064000
0 0.410728 0.657250 0.051763 0.060500
0 0.402101 0.696750 0.047262 0.055500
0 0.368717 0.763000 0.057764 0.058000
0 0.393661 0.810750 0.055139 0.054500
0 0.440548 0.849500 0.048387 0.049000
0 0.425731 0.874000 0.042011 0.042000
0 0.464366 0.906000 0.048762 0.048000
0 0.511628 0.911500 0.042761 0.043000
0 0.498875 0.850250 0.047262 0.050500
0 0.509752 0.875000 0.046512 0.045000
0 0.555701 0.898250 0.040885 0.055500
0 0.585334 0.854500 0.044636 0.041000
0 0.538447 0.813500 0.046887 0.046000
0 0.552701 0.835500 0.043886 0.041000
0 0.596399 0.817000 0.040510 0.040000
0 0.581020 0.770000 0.043511 0.046000
0 0.547262 0.747250 0.047262 0.045500
0 0.497562 0.773750 0.053638 0.052500
0 0.455926 0.806250 0.049887 0.053500
0 0.431545 0.757250 0.050638 0.059500
0 0.464929 0.727000 0.052138 0.052000
0 0.509002 0.715000 0.054014 0.054000
0 0.466804 0.681000 0.053638 0.059000
0 0.510128 0.653500 0.048762 0.057000
0 0.567517 0.679000 0.051013 0.070000
0 0.597712 0.730000 0.055889 0.058000
0 0.631283 0.762750 0.043511 0.052500
0 0.645911 0.797000 0.045011 0.059000
0 0.679482 0.750500 0.050638 0.053000
0 0.611403 0.669250 0.048762 0.054500
0 0.638035 0.685750 0.042761 0.050500
0 0.654164 0.633750 0.052513 0.070500
0 0.681358 0.665500 0.046887 0.062000
0 0.704989 0.683000 0.041635 0.046000
0 0.460053 0.616750 0.053638 0.058500
0 0.454989 0.560500 0.057764 0.061000
0 0.509190 0.580750 0.048387 0.057500
0 0.557764 0.635250 0.048762 0.058500
0 0.559640 0.576500 0.056264 0.060000
0 0.605589 0.605000 0.058140 0.060000
0 0.517254 0.526000 0.056264 0.062000
0 0.488372 0.457500 0.055514 0.069000
0 0.473743 0.383000 0.061515 0.078000
0 0.516879 0.399000 0.066017 0.066000
0 0.566204 0.433500 0.061890 0.072000
0 0.567329 0.493250 0.049137 0.067500
0 0.620218 0.463000 0.058890 0.065000
0 0.618717 0.538750 0.059640 0.062500
0 0.659040 0.570750 0.058515 0.058500
0 0.669730 0.503500 0.056639 0.065000
0 0.700113 0.536250 0.049137 0.071500
0 0.692423 0.445250 0.054014 0.073500
0 0.645724 0.401750 0.060390 0.074500
0 0.602401 0.364250 0.057014 0.075500
0 0.553826 0.339250 0.060390 0.073500
0 0.491935 0.293000 0.059640 0.076000
0 0.463428 0.168500 0.068642 0.091000
0 0.518192 0.211750 0.055889 0.086500
0 0.561703 0.251500 0.059640 0.072000
0 0.539947 0.143500 0.069392 0.098000
0 0.605026 0.190750 0.064516 0.089500
0 0.663728 0.196250 0.062641 0.093500
0 0.685859 0.263500 0.060390 0.089000
0 0.630908 0.290250 0.060765 0.089500
0 0.656602 0.330000 0.055139 0.074000
0 0.638410 0.097500 0.069767 0.098000
0 0.712491 0.119750 0.063391 0.091500
0 0.700300 0.607500 0.048012 0.070000
0 0.727307 0.654000 0.048762 0.065000
0 0.752063 0.682250 0.044261 0.047500
0 0.776257 0.641500 0.048387 0.065000
0 0.756752 0.588500 0.054389 0.062000
0 0.813391 0.578000 0.056639 0.070000
0 0.832708 0.626500 0.054014 0.058000
0 0.858402 0.537500 0.051388 0.069000
0 0.808890 0.473750 0.050638 0.072500
0 0.763316 0.510250 0.060765 0.062500
0 0.738935 0.425750 0.051763 0.071500
0 0.712678 0.378250 0.055514 0.083500
0 0.773818 0.349000 0.055514 0.075000
0 0.737622 0.304250 0.062641 0.079500
0 0.756377 0.229250 0.073143 0.085500
0 0.784696 0.273000 0.059265 0.084000
0 0.824456 0.294750 0.051763 0.077500
0 0.890473 0.330500 0.057014 0.072000
0 0.846399 0.387500 0.056639 0.067000
0 0.878095 0.462750 0.051013 0.069500
0 0.923668 0.411750 0.056639 0.075500