0 0.103255 0.395500 0.044145 0.043000
0 0.102507 0.444250 0.043397 0.051500
0 0.139731 0.480500 0.043023 0.044000
0 0.155817 0.443750 0.043023 0.042500
0 0.140853 0.373750 0.045267 0.045500
0 0.188739 0.374750 0.042275 0.047500
0 0.213431 0.349750 0.044519 0.047500
0 0.210625 0.426000 0.038908 0.050000
0 0.249158 0.423500 0.040404 0.054000
0 0.212495 0.469750 0.040404 0.039500
0 0.194164 0.508250 0.035915 0.044500
0 0.153386 0.539250 0.039656 0.043500
0 0.113917 0.524750 0.041526 0.044500
0 0.177329 0.557500 0.038159 0.040000
0 0.154695 0.592000 0.037785 0.046000
0 0.186682 0.609500 0.037411 0.034000
0 0.234007 0.608500 0.038533 0.037000
0 0.224093 0.561750 0.038908 0.037500
0 0.258324 0.550750 0.037037 0.041500
0 0.268986 0.587500 0.042649 0.040000
0 0.238122 0.516500 0.041526 0.040000
0 0.274785 0.510000 0.037785 0.036000
0 0.264684 0.475000 0.040778 0.046000
0 0.299663 0.489250 0.042649 0.045500
0 0.309577 0.526000 0.045267 0.046000
0 0.296483 0.564500 0.037785 0.041000
0 0.308829 0.595500 0.036289 0.047000
0 0.328283 0.631750 0.039282 0.037500
0 0.347363 0.603250 0.034792 0.037500
0 0.335765 0.565750 0.035541 0.039500
0 0.291059 0.436000 0.035915 0.048000
0 0.300224 0.394250 0.040778 0.054500
0 0.316872 0.325250 0.047886 0.055500
0 0.274411 0.282250 0.043771 0.049500
0 0.230266 0.285250 0.044519 0.051500
0 0.267303 0.328250 0.031051 0.056500
0 0.367377 0.276750 0.042649 0.057500
0 0.361392 0.329500 0.041152 0.051000
0 0.403853 0.322500 0.043023 0.053000
0 0.427048 0.274750 0.040778 0.054500
0 0.445941 0.332250 0.043397 0.055500
0 0.480359 0.303750 0.040404 0.054500
0 0.484100 0.354250 0.041900 0.049500
0 0.421437 0.368500 0.038533 0.052000
0 0.456603 0.387000 0.038533 0.048000
0 0.375982 0.390250 0.044145 0.050500
0 0.340254 0.414500 0.040030 0.046000
0 0.376169 0.432750 0.041526 0.045500
0 0.410961 0.426750 0.042275 0.054500
0 0.445941 0.439750 0.032174 0.052500
0 0.479798 0.436000 0.037037 0.055000
0 0.486158 0.477250 0.036289 0.041500
0 0.329779 0.454500 0.042275 0.043000
0 0.361766 0.493250 0.040404 0.051500
0 0.345118 0.517750 0.038533 0.041500
0 0.370370 0.548500 0.038159 0.040000
0 0.378227 0.580750 0.035915 0.040500
0 0.391508 0.516500 0.036289 0.039000
0 0.411523 0.476000 0.039656 0.044000
0 0.445380 0.483000 0.038533 0.045000
0 0.428545 0.516500 0.032548 0.048000
0 0.451366 0.562250 0.037785 0.040500
0 0.409652 0.565000 0.035915 0.043000
0 0.422559 0.586750 0.031051 0.048500
0 0.393191 0.626000 0.030677 0.041000
0 0.362327 0.649250 0.034792 0.043500
0 0.393191 0.652750 0.031425 0.035500
0 0.423868 0.635750 0.032174 0.038500
0 0.430415 0.672250 0.032548 0.041500
0 0.462028 0.676500 0.032174 0.033000
0 0.454171 0.644250 0.036663 0.035500
0 0.451553 0.601500 0.034418 0.044000
0 0.484100 0.586500 0.034418 0.043000
0 0.482604 0.619500 0.035915 0.039000
0 0.485036 0.646500 0.030303 0.034000
0 0.515152 0.630250 0.031425 0.030500
0 0.520763 0.661750 0.028432 0.045500
0 0.496446 0.689750 0.031425 0.033500
0 0.519267 0.710500 0.027684 0.037000
0 0.522447 0.584500 0.026562 0.039000
0 0.501684 0.556000 0.032174 0.047000
0 0.475496 0.530000 0.033670 0.042000
0 0.507669 0.512500 0.034418 0.041000
0 0.549196 0.690000 0.035166 0.044000
0 0.581556 0.706750 0.028058 0.040500
0 0.582305 0.670500 0.034044 0.027000
0 0.548260 0.643250 0.032548 0.031500
0 0.544332 0.611500 0.029929 0.039000
0 0.537598 0.545750 0.033670 0.050500
0 0.549196 0.567500 0.033670 0.036000
0 0.580808 0.563000 0.034792 0.040000
0 0.581182 0.594000 0.035541 0.032000
0 0.580995 0.638750 0.029929 0.039500
0 0.612982 0.621250 0.031799 0.038500
0 0.625140 0.655250 0.035166 0.039500
0 0.613356 0.682250 0.036289 0.032500
0 0.615413 0.727250 0.031425 0.037500
0 0.650019 0.740750 0.031051 0.029500
0 0.646091 0.703250 0.032922 0.026500
0 0.650767 0.675000 0.032548 0.036000
0 0.659559 0.644750 0.031425 0.035500
0 0.645716 0.615250 0.033670 0.034500
0 0.614852 0.579250 0.033296 0.031500
0 0.645342 0.583000 0.029929 0.041000
0 0.678264 0.595500 0.032174 0.045000
0 0.690423 0.627000 0.032548 0.042000
0 0.685933 0.662750 0.030303 0.039500
0 0.684998 0.702000 0.034418 0.034000
0 0.691171 0.732250 0.030303 0.038500
0 0.719042 0.713750 0.033670 0.036500
0 0.716049 0.681500 0.031425 0.039000
0 0.743921 0.686250 0.031051 0.034500
0 0.719790 0.642750 0.033670 0.028500
0 0.714553 0.598750 0.034418 0.034500
0 0.743360 0.619500 0.032922 0.041000
0 0.752712 0.653750 0.031425 0.036500
0 0.740180 0.582250 0.032548 0.039500
0 0.707258 0.565500 0.034792 0.032000
0 0.735503 0.541000 0.032174 0.042000
0 0.675084 0.549000 0.028058 0.041000
0 0.644594 0.550500 0.037411 0.042000
0 0.520202 0.333750 0.040778 0.055500
0 0.516461 0.377750 0.039282 0.049500
0 0.549570 0.369750 0.038159 0.049500
0 0.517209 0.427500 0.038533 0.052000
0 0.524691 0.470000 0.039282 0.040000
0 0.552189 0.483750 0.034418 0.037500
0 0.551066 0.418500 0.035915 0.048000
0 0.567153 0.458250 0.041900 0.043500
0 0.591096 0.421250 0.039656 0.052500
0 0.616536 0.450000 0.037411 0.042000
0 0.592031 0.489000 0.034792 0.046000
0 0.575945 0.524000 0.033296 0.042000
0 0.621212 0.511500 0.030303 0.043000
0 0.593902 0.370000 0.040778 0.052000
0 0.628133 0.399000 0.042649 0.050000
0 0.661616 0.383000 0.035541 0.046000
0 0.650206 0.432750 0.034418 0.043500
0 0.678638 0.448250 0.033670 0.045500
0 0.719229 0.429000 0.040778 0.055000
0 0.694538 0.483250 0.036289 0.041500
0 0.636551 0.473750 0.036289 0.044500
0 0.663113 0.502750 0.032548 0.049500
0 0.706322 0.522500 0.034418 0.043000
0 0.734194 0.502250 0.031051 0.034500
0 0.742985 0.480000 0.036663 0.046000
0 0.769734 0.472750 0.027310 0.044500
0 0.768238 0.520250 0.037785 0.046500
0 0.773475 0.566500 0.031799 0.043000
0 0.808642 0.535750 0.036289 0.040500
0 0.808455 0.567750 0.035166 0.035500
0 0.775720 0.598750 0.032548 0.041500
0 0.805275 0.602000 0.031051 0.040000
0 0.791994 0.635500 0.039656 0.030000
0 0.776842 0.675250 0.035541 0.040500