0 0.106248 0.301750 0.061354 0.067500
0 0.139169 0.256250 0.062103 0.087500
0 0.054246 0.413500 0.060606 0.068000
0 0.069398 0.476000 0.054994 0.057000
0 0.063225 0.530000 0.054620 0.069000
0 0.078750 0.573750 0.056491 0.047500
0 0.100262 0.630500 0.047886 0.059000
0 0.137860 0.677500 0.046016 0.045000
0 0.173775 0.725250 0.049757 0.064500
0 0.216236 0.740250 0.047138 0.045500
0 0.227834 0.697750 0.045642 0.042500
0 0.179199 0.673250 0.047886 0.050500
0 0.211373 0.640750 0.048634 0.058500
0 0.148148 0.618500 0.040404 0.062000
0 0.126824 0.552750 0.047886 0.054500
0 0.180883 0.583000 0.045267 0.062000
0 0.180696 0.527000 0.044893 0.064000
0 0.233071 0.573500 0.046390 0.057000
0 0.222596 0.515250 0.050879 0.059500
0 0.127946 0.500750 0.054620 0.059500
0 0.125889 0.428500 0.052001 0.071000
0 0.152076 0.369250 0.054246 0.071500
0 0.202020 0.406000 0.043397 0.064000
0 0.185559 0.460000 0.048634 0.064000
0 0.242798 0.449750 0.053124 0.066500
0 0.294613 0.488750 0.045267 0.070500
0 0.323232 0.443000 0.053124 0.064000
0 0.350917 0.501500 0.051627 0.059000
0 0.327160 0.544750 0.049009 0.059500
0 0.274224 0.540500 0.050879 0.066000
0 0.279835 0.601250 0.039656 0.056500
0 0.328657 0.603500 0.047512 0.066000
0 0.257576 0.656750 0.047512 0.056500
0 0.300412 0.661000 0.037411 0.058000
0 0.277591 0.709000 0.036663 0.048000
0 0.267490 0.755000 0.040404 0.047000
0 0.312757 0.769500 0.041900 0.054000
0 0.324168 0.729750 0.049009 0.042500
0 0.355967 0.781750 0.045267 0.050500
0 0.375234 0.703750 0.044893 0.057500
0 0.401796 0.769500 0.038908 0.053000
0 0.442948 0.771000 0.044145 0.044000
0 0.419566 0.721750 0.048260 0.058500
0 0.348672 0.657750 0.044893 0.046500
0 0.379723 0.616000 0.045642 0.051000
0 0.406098 0.646750 0.041526 0.054500
0 0.371306 0.570500 0.049009 0.059000
0 0.417508 0.592250 0.044145 0.060500
0 0.442387 0.629000 0.040778 0.064000
0 0.407407 0.528750 0.044893 0.063500
0 0.413954 0.458750 0.050505 0.070500
0 0.373924 0.414000 0.052750 0.060000
0 0.321736 0.377000 0.051627 0.066000
0 0.278526 0.393750 0.052001 0.067500
0 0.242798 0.343000 0.051627 0.074000
0 0.191171 0.307500 0.050131 0.070000
0 0.223345 0.269250 0.062851 0.076500
0 0.283202 0.315250 0.053124 0.077500
0 0.329218 0.291000 0.056865 0.063000
0 0.371306 0.343250 0.057987 0.059500
0 0.268051 0.223750 0.060980 0.077500
0 0.214179 0.190250 0.058736 0.076500
0 0.256453 0.109000 0.062477 0.072000
0 0.321923 0.128250 0.054246 0.076500
0 0.375982 0.134500 0.055368 0.089000
0 0.362514 0.231250 0.059858 0.076500
0 0.432660 0.151750 0.059484 0.082500
0 0.434343 0.228250 0.059110 0.070500
0 0.395249 0.291500 0.054994 0.078000
0 0.449308 0.325000 0.056865 0.078000
0 0.433034 0.392750 0.048260 0.063500
0 0.508792 0.152250 0.055368 0.080500
0 0.558361 0.200750 0.060980 0.079500
0 0.500000 0.232250 0.057987 0.071500
0 0.548260 0.268000 0.049757 0.066000
0 0.628133 0.169000 0.059110 0.079000
0 0.682753 0.206500 0.053872 0.081000
0 0.503367 0.327000 0.048260 0.086000
0 0.478302 0.388000 0.056491 0.060000
0 0.540591 0.365750 0.053124 0.070500
0 0.589600 0.383250 0.050131 0.071500
0 0.609428 0.314750 0.062103 0.074500
0 0.661803 0.325750 0.047138 0.077500
0 0.709689 0.277000 0.054620 0.073000
0 0.462402 0.456000 0.053124 0.068000
0 0.514964 0.440000 0.052001 0.075000
0 0.565282 0.448250 0.045642 0.071500
0 0.609615 0.471000 0.043771 0.065000
0 0.645903 0.417000 0.051253 0.061000
0 0.662738 0.480500 0.046016 0.065000
0 0.694912 0.383750 0.052001 0.054500
0 0.734755 0.413500 0.054620 0.064000
0 0.720913 0.477250 0.056117 0.071500
0 0.462028 0.515000 0.050879 0.064000
0 0.511036 0.531000 0.048634 0.063000
0 0.561354 0.509500 0.046016 0.061000
0 0.560793 0.572000 0.044893 0.062000
0 0.514029 0.591750 0.042649 0.056500
0 0.468013 0.581500 0.042649 0.057000
0 0.486345 0.644750 0.047886 0.055500
0 0.531238 0.663250 0.043397 0.054500
0 0.455481 0.677500 0.044519 0.048000
0 0.500000 0.697000 0.043771 0.052000
0 0.494014 0.754750 0.044519 0.046500
0 0.544332 0.752750 0.041900 0.044500
0 0.562477 0.712250 0.044519 0.048500
0 0.589039 0.752000 0.046016 0.048000
0 0.608679 0.714250 0.041152 0.053500
0 0.642724 0.757500 0.039656 0.055000
0 0.645342 0.689000 0.046390 0.049000
0 0.575571 0.649250 0.046016 0.052500
0 0.626263 0.636500 0.047886 0.043000
0 0.667228 0.594000 0.050505 0.045000
0 0.672652 0.646500 0.044893 0.055000
0 0.604190 0.533750 0.047886 0.056500
0 0.650206 0.531500 0.045642 0.056000
0 0.697344 0.545000 0.047138 0.052000
0 0.747288 0.536750 0.050505 0.063500
0 0.716798 0.629750 0.047886 0.055500
0 0.723719 0.678000 0.043023 0.053000
0 0.689487 0.740250 0.044893 0.055500
0 0.763562 0.613000 0.051627 0.059000
0 0.807146 0.585000 0.052001 0.060000
0 0.798167 0.519250 0.050505 0.058500
0 0.822484 0.460250 0.043771 0.067500
0 0.798728 0.400000 0.051627 0.064000
0 0.752151 0.344000 0.052750 0.066000
0 0.775533 0.272250 0.060606 0.071500
0 0.839693 0.296250 0.054994 0.065500
0 0.840816 0.365500 0.055743 0.068000
0 0.868313 0.415250 0.046390 0.066500
0 0.723345 0.138000 0.062477 0.087000
0 0.754770 0.207500 0.057239 0.077000
0 0.805462 0.163750 0.065844 0.089500
0 0.842686 0.201500 0.051253 0.087000
0 0.902357 0.318750 0.055368 0.078500
0 0.909278 0.363250 0.048260 0.070500
0 0.958474 0.316000 0.053872 0.073000