0 0.170668 0.764500 0.063766 0.070000
0 0.202738 0.845500 0.071643 0.076000
0 0.221305 0.739000 0.066767 0.086000
0 0.271380 0.793250 0.067892 0.081500
0 0.335334 0.783000 0.065266 0.084000
0 0.169355 0.689750 0.059640 0.095500
0 0.155664 0.580750 0.070518 0.083500
0 0.188485 0.476000 0.074644 0.077000
0 0.243061 0.563000 0.061515 0.087000
0 0.240998 0.660500 0.071643 0.076000
0 0.283946 0.718250 0.064516 0.087500
0 0.353901 0.714250 0.068642 0.090500
0 0.403038 0.751500 0.067892 0.088000
0 0.463241 0.779250 0.071268 0.097500
0 0.531320 0.756750 0.074644 0.087500
0 0.305326 0.621500 0.067517 0.087000
0 0.379407 0.603750 0.068642 0.078500
0 0.433046 0.653500 0.076894 0.079000
0 0.493811 0.649750 0.073893 0.092500
0 0.288822 0.477250 0.072018 0.095500
0 0.351088 0.535500 0.071268 0.085000
0 0.356527 0.456000 0.071643 0.082000
0 0.419167 0.515000 0.074644 0.093000
0 0.453488 0.570500 0.071268 0.086000
0 0.299137 0.394250 0.076144 0.088500
0 0.297824 0.308750 0.076519 0.086500
0 0.370780 0.313000 0.075394 0.090000
0 0.413916 0.376750 0.069392 0.093500
0 0.463616 0.315500 0.073518 0.096000
0 0.472431 0.217750 0.076144 0.096500
0 0.529257 0.271250 0.069767 0.103500
0 0.463991 0.438250 0.078020 0.087500
0 0.535446 0.456750 0.071643 0.088500
0 0.524944 0.557250 0.077644 0.091500
0 0.571455 0.643250 0.070893 0.102500
0 0.608777 0.751000 0.081770 0.082000
0 0.667479 0.682250 0.077644 0.085500
0 0.735934 0.697750 0.074269 0.100500
0 0.819955 0.696500 0.079520 0.098000
0 0.577644 0.517750 0.080270 0.087500
0 0.634471 0.579750 0.080645 0.088500
0 0.713991 0.604000 0.076144 0.092000
0 0.777382 0.613500 0.074644 0.104000
0 0.842273 0.616250 0.063391 0.095500
0 0.869092 0.532750 0.076519 0.084500
0 0.795949 0.511750 0.072768 0.095500
0 0.726182 0.522500 0.076519 0.097000
0 0.660728 0.493250 0.074644 0.096500
0 0.612341 0.422250 0.074644 0.101500
0 0.562266 0.361000 0.075769 0.092000
0 0.587584 0.224500 0.079895 0.104000
0 0.633158 0.300000 0.082521 0.096000
0 0.695236 0.354750 0.068642 0.102500
0 0.739497 0.428750 0.076894 0.103500
0 0.801200 0.403750 0.073518 0.098500
0 0.875094 0.397750 0.072768 0.107500
0 0.875656 0.312000 0.073893 0.099000
0 0.775319 0.296000 0.074269 0.109000
0 0.651163 0.175750 0.081770 0.097500
0 0.701238 0.263000 0.073143 0.110000
0 0.737247 0.180750 0.082896 0.103500
0 0.825956 0.221250 0.079520 0.102500