0 0.135784 0.316250 0.034509 0.057500
0 0.132408 0.373250 0.035259 0.054500
0 0.135784 0.421750 0.038260 0.052500
0 0.139160 0.471500 0.032258 0.053000
0 0.164479 0.477000 0.038635 0.058000
0 0.151913 0.522750 0.036759 0.057500
0 0.185296 0.567750 0.038260 0.059500
0 0.168230 0.606750 0.037884 0.055500
0 0.207989 0.641000 0.039385 0.053000
0 0.250750 0.599000 0.040135 0.057000
0 0.297074 0.649000 0.042011 0.059000
0 0.357652 0.636750 0.035634 0.059500
0 0.352776 0.576000 0.043136 0.066000
0 0.326894 0.537500 0.043886 0.062000
0 0.281133 0.523000 0.040885 0.059000
0 0.252626 0.495500 0.040885 0.052000
0 0.218680 0.500250 0.039760 0.059500
0 0.224494 0.552250 0.039385 0.057500
0 0.191485 0.425500 0.036384 0.058000
0 0.219242 0.410750 0.038635 0.054500
0 0.254876 0.443500 0.040135 0.060000
0 0.286572 0.465000 0.042761 0.066000
0 0.332146 0.468250 0.042386 0.061500
0 0.316392 0.413250 0.039385 0.059500
0 0.277757 0.367000 0.037134 0.059000
0 0.242123 0.370750 0.038635 0.056500
0 0.210053 0.346000 0.036759 0.053000
0 0.170855 0.367250 0.045386 0.050500
0 0.188297 0.316500 0.038260 0.054000
0 0.206677 0.261000 0.037509 0.062000
0 0.232746 0.289000 0.039385 0.057000
0 0.268005 0.262750 0.043886 0.063500
0 0.296512 0.277500 0.038635 0.061000
0 0.287509 0.221750 0.043886 0.060500
0 0.337022 0.213500 0.036384 0.057000
0 0.363091 0.184250 0.040510 0.053500
0 0.376032 0.236000 0.037134 0.056000
0 0.332333 0.270750 0.038260 0.059500
0 0.273818 0.321250 0.039010 0.047500
0 0.313766 0.331750 0.040885 0.054500
0 0.361965 0.324000 0.038260 0.057000
0 0.343398 0.377500 0.042386 0.062000
0 0.358027 0.430500 0.040135 0.053000
0 0.391598 0.584000 0.042011 0.060000
0 0.433233 0.599000 0.039760 0.058000
0 0.475431 0.613500 0.040885 0.050000
0 0.496624 0.597500 0.043511 0.051000
0 0.461740 0.570500 0.043511 0.056000
0 0.418417 0.544500 0.046137 0.050000
0 0.366092 0.535250 0.040510 0.061500
0 0.382596 0.475750 0.039760 0.060500
0 0.410915 0.488500 0.042386 0.054000
0 0.451238 0.502500 0.040510 0.055000
0 0.503751 0.537750 0.048012 0.062500
0 0.535071 0.559750 0.044636 0.064500
0 0.537322 0.504250 0.046887 0.061500
0 0.546699 0.666250 0.044636 0.059500
0 0.583458 0.644000 0.048387 0.067000
0 0.586459 0.571750 0.049137 0.059500
0 0.581020 0.516250 0.048762 0.065500
0 0.506002 0.469500 0.042761 0.062000
0 0.466242 0.455500 0.039010 0.060000
0 0.427419 0.434000 0.040885 0.059000
0 0.403226 0.408000 0.043511 0.056000
0 0.391973 0.358000 0.039010 0.049000
0 0.392723 0.305500 0.040510 0.058000
0 0.421793 0.329750 0.043136 0.054500
0 0.437359 0.382000 0.039010 0.057000
0 0.467929 0.371750 0.041635 0.059500
0 0.500750 0.404500 0.048012 0.063000
0 0.538822 0.439750 0.046887 0.069500
0 0.568267 0.378500 0.044261 0.065000
0 0.526257 0.363500 0.045761 0.064000
0 0.473743 0.316750 0.043511 0.058500
0 0.525319 0.309750 0.043886 0.061500
0 0.420855 0.271000 0.047262 0.063000
0 0.429107 0.202500 0.043511 0.063000
0 0.454989 0.239250 0.042761 0.060500
0 0.487622 0.199000 0.042011 0.061000
0 0.497374 0.250000 0.045761 0.062000
0 0.566579 0.253750 0.040885 0.058500
0 0.569017 0.311000 0.043511 0.060000
0 0.605776 0.347000 0.048012 0.064000
0 0.609715 0.287500 0.043886 0.068000
0 0.617592 0.230000 0.044636 0.061000
0 0.650038 0.314500 0.044261 0.061000
0 0.693548 0.300500 0.042761 0.062000
0 0.683421 0.243750 0.045761 0.060500
0 0.725619 0.226750 0.053638 0.065500
0 0.752626 0.274500 0.047637 0.062000
0 0.791823 0.299250 0.046512 0.056500
0 0.833833 0.276500 0.045761 0.061000
0 0.732558 0.350750 0.052513 0.064500
0 0.736122 0.407000 0.049887 0.061000
0 0.693361 0.373000 0.045386 0.064000
0 0.648350 0.379500 0.051388 0.061000
0 0.595274 0.447500 0.047262 0.062000
0 0.635784 0.437000 0.045011 0.060000
0 0.683796 0.431750 0.050263 0.056500
0 0.661103 0.493250 0.044636 0.065500
0 0.613841 0.493250 0.049137 0.063500
0 0.627532 0.547750 0.043511 0.051500
0 0.669167 0.577000 0.051763 0.062000
0 0.700113 0.533000 0.046887 0.064000
0 0.738185 0.493750 0.048012 0.071500
0 0.767067 0.534750 0.046512 0.071500
0 0.736872 0.578250 0.047637 0.061500
0 0.625281 0.623750 0.049512 0.069500
0 0.642723 0.667250 0.051388 0.057500
0 0.693361 0.662750 0.046137 0.069500
0 0.694674 0.595500 0.046512 0.049000
0 0.738935 0.620000 0.050263 0.053000
0 0.737059 0.681000 0.047262 0.061000
0 0.708552 0.742500 0.045761 0.060000
0 0.764816 0.723250 0.044261 0.058500
0 0.803263 0.743500 0.044636 0.057000
0 0.781133 0.671500 0.044636 0.063000
0 0.810578 0.685250 0.042761 0.057500
0 0.786384 0.596500 0.047637 0.058000
0 0.808702 0.624000 0.042761 0.058000
0 0.812828 0.544750 0.046512 0.065500
0 0.801200 0.479250 0.049512 0.064500
0 0.798387 0.416750 0.047637 0.057500
0 0.806639 0.359000 0.054389 0.065000
0 0.849400 0.329250 0.050638 0.054500
0 0.903976 0.347250 0.054764 0.068500
0 0.854651 0.383000 0.053638 0.065000
0 0.890285 0.427000 0.051388 0.064000
0 0.922918 0.458000 0.046887 0.066000
0 0.839647 0.440250 0.047637 0.063500
0 0.851463 0.521250 0.046512 0.062500
0 0.914666 0.522750 0.053638 0.059500
0 0.856152 0.568250 0.043136 0.056500
0 0.882971 0.604000 0.036759 0.053000
0 0.861215 0.634500 0.048762 0.069000
0 0.872843 0.692250 0.050263 0.061500
0 0.861965 0.758250 0.049512 0.062500