0 0.114966 0.220500 0.046137 0.057000
0 0.167854 0.239500 0.039385 0.057000
0 0.231245 0.154000 0.043136 0.062000
0 0.384846 0.254500 0.023256 0.037000
0 0.095086 0.459250 0.031133 0.041500
0 0.115154 0.441750 0.032258 0.040500
0 0.135409 0.408500 0.029257 0.033000
0 0.143098 0.377000 0.031883 0.040000
0 0.164666 0.407750 0.026257 0.031500
0 0.181920 0.419000 0.030758 0.036000
0 0.153413 0.438500 0.027007 0.039000
0 0.171418 0.355500 0.027757 0.038000
0 0.185671 0.380250 0.030758 0.038500
0 0.202738 0.347000 0.034134 0.038000
0 0.218492 0.385000 0.033383 0.046000
0 0.216617 0.427750 0.035634 0.039500
0 0.242311 0.449000 0.030008 0.036000
0 0.179295 0.458000 0.035259 0.040000
0 0.168605 0.484250 0.028132 0.039500
0 0.188485 0.500000 0.028882 0.040000
0 0.138597 0.488500 0.031883 0.043000
0 0.132221 0.521500 0.030383 0.039000
0 0.089460 0.501000 0.031883 0.036000
0 0.103713 0.527500 0.036384 0.039000
0 0.121530 0.564500 0.035259 0.031000
0 0.155101 0.566500 0.031883 0.031000
0 0.173856 0.586000 0.028882 0.042000
0 0.183608 0.618500 0.028132 0.045000
0 0.150038 0.618750 0.030008 0.035500
0 0.121155 0.599000 0.032258 0.040000
0 0.213616 0.579500 0.033383 0.037000
0 0.189047 0.541000 0.024756 0.036000
0 0.212491 0.549250 0.034134 0.031500
0 0.215491 0.521750 0.029632 0.035500
0 0.247937 0.549000 0.027757 0.031000
0 0.258065 0.518750 0.027007 0.033500
0 0.216242 0.473750 0.029632 0.039500
0 0.235934 0.492250 0.026257 0.040500
0 0.256189 0.483000 0.024756 0.040000
0 0.213991 0.626000 0.031133 0.040000
0 0.240998 0.617750 0.028882 0.037500
0 0.271193 0.622750 0.030758 0.031500
0 0.278320 0.651250 0.031508 0.040500
0 0.313016 0.685750 0.034134 0.040500
0 0.343586 0.703000 0.025506 0.039000
0 0.365154 0.717000 0.028882 0.034000
0 0.349587 0.742000 0.028507 0.039000
0 0.366279 0.771750 0.025131 0.043500
0 0.368905 0.811500 0.025881 0.041000
0 0.387097 0.838500 0.029257 0.039000
0 0.415791 0.843000 0.026632 0.045000
0 0.437547 0.811500 0.020630 0.037000
0 0.448050 0.783750 0.022881 0.042500
0 0.411290 0.753500 0.030383 0.041000
0 0.434546 0.748500 0.028132 0.031000
0 0.399475 0.717250 0.030008 0.038500
0 0.427044 0.711500 0.029632 0.050000
0 0.449925 0.714500 0.026632 0.039000
0 0.442048 0.678250 0.025131 0.038500
0 0.389535 0.677000 0.030383 0.040000
0 0.364216 0.678250 0.029257 0.041500
0 0.342086 0.654750 0.025506 0.038500
0 0.328020 0.625000 0.028132 0.038000
0 0.353713 0.612000 0.027757 0.032000
0 0.315641 0.589000 0.026632 0.038000
0 0.353151 0.581750 0.031133 0.040500
0 0.378095 0.587000 0.024756 0.038000
0 0.401163 0.604750 0.022881 0.036500
0 0.409040 0.572500 0.028882 0.038000
0 0.433421 0.579500 0.024381 0.038000
0 0.424231 0.613750 0.026257 0.034500
0 0.435296 0.639250 0.026632 0.038500
0 0.411103 0.646500 0.025506 0.041000
0 0.384471 0.638000 0.027757 0.036000
0 0.275881 0.565750 0.028882 0.037500
0 0.287509 0.537750 0.028132 0.032500
0 0.307952 0.553500 0.023256 0.034000
0 0.337772 0.540000 0.028882 0.038000
0 0.315079 0.521250 0.031508 0.041500
0 0.291073 0.505500 0.028507 0.038000
0 0.289197 0.470500 0.032258 0.035000
0 0.326144 0.482750 0.028882 0.040500
0 0.340023 0.502750 0.028132 0.031500
0 0.365529 0.517000 0.031133 0.041000
0 0.392348 0.527250 0.028507 0.038500
0 0.421043 0.533000 0.022131 0.038000
0 0.360090 0.477250 0.026257 0.036500
0 0.381283 0.475000 0.028132 0.038000
0 0.411103 0.489750 0.028507 0.036500
0 0.307389 0.444000 0.028882 0.030000
0 0.273443 0.428500 0.030008 0.036000
0 0.256377 0.407250 0.025881 0.034500
0 0.265941 0.378250 0.032258 0.043500
0 0.260690 0.349750 0.030758 0.035500
0 0.246437 0.321500 0.030758 0.039000
0 0.262003 0.308250 0.018380 0.027500
0 0.311328 0.307250 0.031508 0.037500
0 0.314891 0.341500 0.031133 0.035000
0 0.345461 0.305000 0.029257 0.037000
0 0.346774 0.341000 0.020630 0.034000
0 0.354651 0.367750 0.029632 0.035500
0 0.329895 0.379500 0.028882 0.036000
0 0.297262 0.361500 0.025881 0.035000
0 0.303263 0.404500 0.027382 0.036000
0 0.332521 0.414500 0.025881 0.035000
0 0.356339 0.424250 0.025506 0.036500
0 0.372093 0.437250 0.028507 0.039500
0 0.378657 0.401500 0.029632 0.036000
0 0.398162 0.418750 0.028132 0.031500
0 0.410165 0.446000 0.025131 0.036000
0 0.381095 0.365000 0.027007 0.036000
0 0.372843 0.328750 0.025506 0.030500
0 0.373031 0.295500 0.028882 0.035000
0 0.402288 0.307000 0.025131 0.034000
0 0.397599 0.328750 0.027007 0.037500
0 0.423481 0.347500 0.023256 0.037000
0 0.427232 0.315500 0.027757 0.035000
0 0.410540 0.388250 0.027382 0.039500
0 0.423106 0.410250 0.027007 0.035500
0 0.434734 0.380000 0.027007 0.036000
0 0.447862 0.411250 0.027007 0.035500
0 0.438485 0.441750 0.030758 0.038500
0 0.437172 0.476500 0.024381 0.039000
0 0.446549 0.511750 0.030383 0.042500
0 0.459302 0.549000 0.026632 0.032000
0 0.459302 0.584000 0.023631 0.044000
0 0.462303 0.313750 0.027382 0.030500
0 0.458177 0.348250 0.028882 0.034500
0 0.483871 0.352500 0.027007 0.034000
0 0.496437 0.325750 0.028882 0.032500
0 0.507877 0.350750 0.024006 0.033500
0 0.520255 0.333750 0.018755 0.023500
0 0.537697 0.327000 0.026632 0.034000
0 0.569580 0.339000 0.022131 0.022000
0 0.566767 0.359250 0.028507 0.031500
0 0.581583 0.375500 0.019130 0.025000
0 0.584771 0.359500 0.017254 0.025000
0 0.598837 0.375500 0.024381 0.033000
0 0.616467 0.382750 0.015379 0.021500
0 0.614966 0.398250 0.016879 0.026500
0 0.600713 0.404250 0.019130 0.027500
0 0.570330 0.392750 0.028132 0.035500
0 0.534321 0.367000 0.023631 0.032000
0 0.499812 0.387000 0.027382 0.032000
0 0.524756 0.400750 0.023256 0.030500
0 0.508252 0.417000 0.030758 0.034000
0 0.529257 0.428500 0.027757 0.041000
0 0.468680 0.383250 0.026632 0.035500
0 0.477307 0.422500 0.029632 0.033000
0 0.457989 0.462250 0.026257 0.041500
0 0.480870 0.456250 0.028507 0.037500
0 0.499062 0.483500 0.031133 0.035000
0 0.519692 0.504250 0.024381 0.030500
0 0.469055 0.494750 0.028882 0.031500
0 0.480870 0.518750 0.030008 0.031500
0 0.507689 0.531750 0.027382 0.032500
0 0.490435 0.555250 0.031883 0.040500
0 0.501313 0.588750 0.027382 0.042500
0 0.519880 0.566750 0.027007 0.036500
0 0.538447 0.539250 0.027382 0.035500
0 0.561140 0.516250 0.027007 0.033500
0 0.538260 0.470000 0.028507 0.038000
0 0.551200 0.445000 0.024381 0.032000
0 0.564704 0.551500 0.029632 0.043000
0 0.546137 0.576500 0.028507 0.039000
0 0.473743 0.611250 0.026257 0.041500
0 0.462678 0.649250 0.025131 0.038500
0 0.485746 0.660500 0.027757 0.035000
0 0.498687 0.628750 0.027382 0.034500
0 0.470368 0.692000 0.027007 0.041000
0 0.466992 0.749750 0.027757 0.037500
0 0.483871 0.734250 0.027007 0.035500
0 0.500563 0.759500 0.030383 0.028000
0 0.508627 0.798500 0.028507 0.045000
0 0.475619 0.785000 0.028507 0.036000
0 0.482183 0.814250 0.023631 0.035500
0 0.496062 0.837500 0.029632 0.041000
0 0.529445 0.840000 0.030383 0.040000
0 0.554201 0.842500 0.027382 0.040000
0 0.536384 0.884500 0.029257 0.043000
0 0.573143 0.897000 0.033008 0.038000
0 0.590023 0.867750 0.030758 0.039500
0 0.603713 0.897500 0.030383 0.035000
0 0.522506 0.939750 0.030758 0.046500
0 0.552138 0.933750 0.030008 0.042500
0 0.587772 0.941500 0.030758 0.043000
0 0.628095 0.925250 0.031133 0.042500
0 0.652288 0.905250 0.031508 0.041500
0 0.632971 0.854750 0.028132 0.039500
0 0.510690 0.689500 0.033383 0.037000
0 0.511065 0.729000 0.027382 0.039000
0 0.525881 0.764250 0.027007 0.035500
0 0.533008 0.800750 0.023256 0.041500
0 0.565266 0.777750 0.035259 0.031500
0 0.566392 0.809750 0.031508 0.036500
0 0.557014 0.744000 0.032258 0.040000
0 0.533946 0.712250 0.031883 0.039500
0 0.556827 0.688750 0.031133 0.032500
0 0.528507 0.660250 0.032258 0.037500
0 0.546137 0.645500 0.027007 0.035000
0 0.544261 0.615000 0.029257 0.041000
0 0.575019 0.638250 0.030758 0.041500
0 0.581208 0.671500 0.029632 0.029000
0 0.579332 0.704500 0.025881 0.041000
0 0.582333 0.737000 0.026632 0.038000
0 0.598462 0.774750 0.032633 0.043500
0 0.612153 0.805000 0.033008 0.038000
0 0.642161 0.797000 0.033008 0.041000
0 0.614779 0.739500 0.027757 0.039000
0 0.646662 0.754000 0.030008 0.042000
0 0.602588 0.705750 0.025131 0.034500
0 0.632408 0.714250 0.032258 0.033500
0 0.661290 0.846000 0.024756 0.036000
0 0.660728 0.867500 0.026632 0.031000
0 0.683233 0.825000 0.025881 0.038000
0 0.675544 0.789000 0.027757 0.035000
0 0.715491 0.804750 0.036384 0.039500
0 0.665416 0.734500 0.028507 0.031000
0 0.680795 0.755750 0.029257 0.036500
0 0.715304 0.760500 0.027757 0.037000
0 0.672356 0.699750 0.028882 0.038500
0 0.709865 0.711750 0.028132 0.037500
0 0.725056 0.730750 0.027757 0.035500
0 0.734059 0.687750 0.026257 0.038500
0 0.749625 0.659000 0.028132 0.036000
0 0.715491 0.661000 0.025881 0.039000
0 0.689235 0.660000 0.031883 0.042000
0 0.657914 0.645750 0.028507 0.041500
0 0.674606 0.625750 0.027382 0.031500
0 0.625094 0.630750 0.031133 0.041500
0 0.626407 0.673250 0.030008 0.039500
0 0.596024 0.620000 0.025506 0.044000
0 0.567892 0.602500 0.030008 0.035000
0 0.593773 0.574000 0.023256 0.039000
0 0.612528 0.586000 0.021755 0.041000
0 0.643473 0.600500 0.033383 0.039000
0 0.680983 0.595750 0.028882 0.034500
0 0.717367 0.617000 0.028132 0.046000
0 0.738185 0.622750 0.024006 0.041500
0 0.744561 0.583250 0.033008 0.037500
0 0.705364 0.582250 0.025881 0.034500
0 0.682296 0.558750 0.030758 0.042500
0 0.652476 0.568750 0.028132 0.034500
0 0.628282 0.542500 0.026257 0.037000
0 0.703488 0.539000 0.028882 0.038000
0 0.743998 0.545000 0.031883 0.036000
0 0.715679 0.512250 0.028507 0.035500
0 0.670293 0.518500 0.026257 0.035000
0 0.629220 0.518250 0.025881 0.026500
0 0.600150 0.521750 0.028507 0.031500
0 0.595086 0.491000 0.033383 0.036000
0 0.634471 0.490500 0.028882 0.043000
0 0.675544 0.482500 0.028507 0.042000
0 0.691485 0.490500 0.019880 0.039000
0 0.583646 0.454250 0.033008 0.034500
0 0.579707 0.429000 0.031883 0.029000
0 0.608215 0.437000 0.025881 0.036000
0 0.631658 0.424250 0.022506 0.039500
0 0.660915 0.440000 0.025506 0.036000
0 0.687172 0.432500 0.027757 0.032000
0 0.676857 0.415500 0.019130 0.024000
0 0.656789 0.407250 0.025506 0.036500