0 0.213428 0.150500 0.085521 0.104000
0 0.313016 0.155500 0.081395 0.104000
0 0.173668 0.245250 0.083271 0.096500
0 0.138972 0.335500 0.083646 0.101000
0 0.221118 0.367000 0.077644 0.105000
0 0.158290 0.428250 0.077269 0.099500
0 0.132971 0.545000 0.086647 0.096000
0 0.204614 0.587750 0.085896 0.093500
0 0.228432 0.478250 0.078770 0.108500
0 0.292386 0.328500 0.083646 0.098000
0 0.360278 0.255000 0.079145 0.107000
0 0.442048 0.252500 0.079145 0.104000
0 0.403788 0.344250 0.077644 0.093500
0 0.308327 0.416750 0.081020 0.090500
0 0.391410 0.429000 0.075394 0.101000
0 0.338335 0.500000 0.072018 0.099000
0 0.280008 0.556500 0.081395 0.100000
0 0.286572 0.652500 0.081020 0.088000
0 0.291260 0.743250 0.073893 0.099500
0 0.355214 0.795750 0.072768 0.099500
0 0.363841 0.686500 0.066017 0.102000
0 0.416729 0.839750 0.073518 0.100500
0 0.485746 0.334250 0.074269 0.103500
0 0.463428 0.421000 0.076144 0.104000
0 0.559640 0.328250 0.077269 0.097500
0 0.554951 0.426500 0.073893 0.106000
0 0.505251 0.506500 0.080270 0.093000
0 0.423293 0.553500 0.083646 0.085000
0 0.427794 0.660000 0.075394 0.097000
0 0.434546 0.749000 0.078395 0.088000
0 0.475806 0.868250 0.073143 0.082500
0 0.533196 0.921500 0.070143 0.089000
0 0.597524 0.919250 0.068267 0.096500
0 0.567142 0.853250 0.069017 0.095500
0 0.639722 0.867750 0.070143 0.098500
0 0.503188 0.778250 0.070143 0.092500
0 0.491935 0.686500 0.063391 0.095000
0 0.499437 0.604750 0.079145 0.093500
0 0.615904 0.391000 0.070518 0.096000
0 0.675919 0.358250 0.066017 0.091500
0 0.675544 0.452500 0.072018 0.102000
0 0.664666 0.536750 0.073518 0.082500
0 0.563391 0.562500 0.072018 0.090000
0 0.550263 0.647000 0.071268 0.086000
0 0.544636 0.723500 0.063766 0.089000
0 0.609715 0.773750 0.067892 0.094500
0 0.608215 0.692750 0.073143 0.091500
0 0.697299 0.804500 0.063766 0.105000
0 0.736872 0.824750 0.066392 0.089500
0 0.624156 0.600250 0.068267 0.093500
0 0.777194 0.462500 0.067517 0.088000
0 0.732933 0.514500 0.073518 0.096000
0 0.686609 0.618500 0.076894 0.092000
0 0.679107 0.698500 0.067142 0.090000
0 0.727494 0.748250 0.075394 0.094500
0 0.810765 0.776500 0.061890 0.089000
0 0.793886 0.697250 0.067142 0.091500
0 0.722993 0.660000 0.064141 0.092000
0 0.832333 0.618250 0.077269 0.101500
0 0.759752 0.575250 0.070893 0.088500
0 0.819767 0.530750 0.069392 0.089500
0 0.608215 0.481000 0.065641 0.083000