0 0.072206 0.516000 0.044636 0.060000
0 0.080083 0.576250 0.043136 0.057500
0 0.114591 0.586500 0.046887 0.059000
0 0.145911 0.619500 0.043511 0.066000
0 0.163541 0.545250 0.044261 0.067500
0 0.108965 0.501250 0.045386 0.063500
0 0.152476 0.489500 0.051388 0.056000
0 0.091710 0.429750 0.049137 0.059500
0 0.129220 0.436250 0.045386 0.061500
0 0.124344 0.370000 0.049137 0.067000
0 0.173856 0.414250 0.049137 0.065500
0 0.183796 0.358500 0.045011 0.060000
0 0.213053 0.312000 0.044261 0.061000
0 0.249437 0.349250 0.053263 0.064500
0 0.292011 0.310250 0.049887 0.060500
0 0.307952 0.358000 0.051013 0.066000
0 0.307014 0.417750 0.046887 0.062500
0 0.212866 0.378750 0.046887 0.063500
0 0.215679 0.438250 0.051763 0.058500
0 0.249812 0.409500 0.051013 0.064000
0 0.281883 0.462000 0.052138 0.063000
0 0.234246 0.490000 0.045386 0.068000
0 0.201988 0.529750 0.043886 0.068500
0 0.198800 0.625750 0.045761 0.067500
0 0.219992 0.591750 0.040885 0.064500
0 0.259190 0.588500 0.048012 0.063000
0 0.277757 0.532750 0.049887 0.057500
0 0.257502 0.657500 0.046137 0.065000
0 0.248125 0.717500 0.046137 0.070000
0 0.284509 0.704000 0.049137 0.056000
0 0.311140 0.668000 0.055889 0.066000
0 0.326519 0.725250 0.048387 0.059500
0 0.365529 0.742500 0.052888 0.065000
0 0.363653 0.677250 0.049137 0.061500
0 0.387659 0.623750 0.049137 0.065500
0 0.409602 0.673500 0.045761 0.059000
0 0.318267 0.600500 0.049137 0.060000
0 0.321455 0.541000 0.042761 0.061000
0 0.364029 0.557750 0.043136 0.059500
0 0.402663 0.568250 0.049887 0.060500
0 0.349400 0.500000 0.049137 0.064000
0 0.347337 0.438500 0.054014 0.065000
0 0.394036 0.450250 0.052138 0.063500
0 0.349962 0.370250 0.053263 0.066500
0 0.403788 0.381000 0.047637 0.067000
0 0.409602 0.253750 0.054014 0.065500
0 0.460990 0.244500 0.047262 0.059000
0 0.471493 0.306000 0.051013 0.068000
0 0.517254 0.305250 0.045011 0.067500
0 0.547262 0.350750 0.051013 0.066500
0 0.531320 0.210250 0.049137 0.063500
0 0.563766 0.258250 0.051013 0.066500
0 0.593961 0.237000 0.041635 0.054000
0 0.604089 0.288500 0.047637 0.069000
0 0.625281 0.273250 0.031508 0.056500
0 0.594336 0.351000 0.048387 0.068000
0 0.446924 0.365000 0.050638 0.071000
0 0.478245 0.396750 0.047262 0.071500
0 0.526069 0.407750 0.052138 0.061500
0 0.437172 0.431000 0.046887 0.070000
0 0.411478 0.509000 0.046512 0.057000
0 0.447299 0.483000 0.052138 0.057000
0 0.492686 0.459000 0.044636 0.059000
0 0.488185 0.516250 0.049137 0.065500
0 0.544261 0.474750 0.048012 0.060500
0 0.577269 0.514500 0.049512 0.065000
0 0.583833 0.440500 0.049887 0.061000
0 0.529445 0.538500 0.041635 0.060000
0 0.453301 0.556000 0.047637 0.063000
0 0.437359 0.616750 0.047262 0.067500
0 0.478620 0.638000 0.045761 0.066000
0 0.511815 0.599750 0.046137 0.067500
0 0.545574 0.639750 0.045386 0.068500
0 0.567142 0.578500 0.046512 0.057000
0 0.588522 0.630250 0.045761 0.060500
0 0.562078 0.678750 0.039385 0.048500
0 0.590585 0.711750 0.041635 0.062500
0 0.550075 0.752250 0.047637 0.069500
0 0.515754 0.683500 0.051013 0.069000
0 0.493623 0.724000 0.045761 0.066000
0 0.452176 0.697500 0.048387 0.066000
0 0.423293 0.716000 0.025131 0.037000
0 0.446924 0.740250 0.037134 0.040500
0 0.667104 0.233500 0.046137 0.065000
0 0.712678 0.267750 0.047262 0.064500
0 0.741560 0.282500 0.036759 0.056000
0 0.767817 0.278000 0.037509 0.062000
0 0.826332 0.272750 0.046512 0.058500
0 0.795574 0.339250 0.042011 0.058500
0 0.771193 0.356000 0.051763 0.065000
0 0.770818 0.396250 0.040510 0.039500
0 0.752063 0.425500 0.050263 0.059000
0 0.790323 0.458000 0.042761 0.066000
0 0.823143 0.416500 0.044636 0.061000
0 0.859715 0.373000 0.049512 0.060000
0 0.864029 0.432250 0.043886 0.043500
0 0.818642 0.475250 0.037134 0.060500
0 0.855589 0.475250 0.044261 0.059500
0 0.885596 0.491000 0.039760 0.063000
0 0.711365 0.327750 0.053638 0.058500
0 0.719992 0.371750 0.053638 0.066500
0 0.662041 0.298250 0.054014 0.057500
0 0.634659 0.334000 0.045761 0.064000
0 0.624531 0.399500 0.050263 0.063000
0 0.643848 0.451750 0.051388 0.064500
0 0.675544 0.383000 0.051013 0.065000
0 0.616467 0.490250 0.051388 0.064500
0 0.626969 0.553500 0.052138 0.079000
0 0.634284 0.593250 0.049512 0.056500
0 0.666729 0.512250 0.052888 0.062500
0 0.684359 0.571250 0.051388 0.057500
0 0.701800 0.467250 0.054014 0.066500
0 0.712678 0.526500 0.050263 0.063000
0 0.748875 0.552000 0.051388 0.064000
0 0.757314 0.497250 0.047262 0.066500
0 0.799887 0.516250 0.043886 0.059500
0 0.804951 0.585500 0.048012 0.061000
0 0.727494 0.620500 0.049137 0.064000
0 0.743623 0.680750 0.050638 0.059500
0 0.628657 0.666750 0.051013 0.069500
0 0.646287 0.718250 0.052513 0.061500
0 0.680233 0.654000 0.055139 0.069000
0 0.695236 0.702000 0.052138 0.058000
0 0.703113 0.747500 0.053638 0.057000
0 0.747374 0.742750 0.047637 0.062500
0 0.801575 0.764500 0.058515 0.071000
0 0.833458 0.731500 0.049512 0.056000
0 0.795761 0.689000 0.046887 0.049000
0 0.806452 0.647750 0.049512 0.066500
0 0.829520 0.613250 0.035634 0.053500
0 0.827457 0.563000 0.040510 0.063000
0 0.858027 0.534250 0.044636 0.060500
0 0.886909 0.555500 0.043886 0.061000
0 0.862903 0.594750 0.049137 0.057500
0 0.877157 0.650750 0.045386 0.057500
0 0.904164 0.728750 0.058140 0.063500
0 0.927794 0.674000 0.046887 0.064000
0 0.915604 0.617750 0.048012 0.059500