0 0.090960 0.424000 0.073143 0.098000
0 0.127157 0.502250 0.082521 0.095500
0 0.113841 0.594500 0.076144 0.099000
0 0.159415 0.665000 0.075019 0.108000
0 0.226182 0.710500 0.075019 0.099000
0 0.193548 0.570250 0.072018 0.099500
0 0.257689 0.613500 0.081020 0.105000
0 0.310765 0.667000 0.076894 0.101000
0 0.175169 0.419750 0.077269 0.094500
0 0.224869 0.476250 0.076894 0.093500
0 0.180608 0.318500 0.070893 0.109000
0 0.243623 0.380500 0.071643 0.103000
0 0.244374 0.277250 0.068642 0.089500
0 0.304764 0.323250 0.070893 0.088500
0 0.259565 0.190250 0.066767 0.091500
0 0.320893 0.232500 0.073143 0.085000
0 0.306827 0.421500 0.073518 0.099000
0 0.292573 0.526750 0.072018 0.106500
0 0.360090 0.395750 0.070518 0.094500
0 0.354464 0.481250 0.078770 0.085500
0 0.339085 0.578250 0.080270 0.099500
0 0.413353 0.635000 0.074269 0.110000
0 0.369467 0.733250 0.075769 0.104500
0 0.440923 0.740250 0.071643 0.111500
0 0.447112 0.540750 0.080270 0.098500
0 0.493061 0.654000 0.077644 0.101000
0 0.527944 0.750250 0.080645 0.108500
0 0.396099 0.229250 0.072018 0.099500
0 0.424044 0.328250 0.074644 0.097500
0 0.473181 0.378000 0.079895 0.094000
0 0.472806 0.235000 0.067142 0.095000
0 0.519130 0.298500 0.074269 0.099000
0 0.541635 0.393000 0.064516 0.094000
0 0.425544 0.448750 0.073143 0.094500
0 0.500188 0.473250 0.070893 0.092500
0 0.527194 0.560250 0.079895 0.093500
0 0.578020 0.490750 0.079520 0.100500
0 0.604839 0.578000 0.075394 0.088000
0 0.586647 0.271250 0.069017 0.092500
0 0.660915 0.299750 0.068267 0.096500
0 0.610840 0.356000 0.073143 0.096000
0 0.633158 0.424750 0.074269 0.101500
0 0.700675 0.380000 0.064516 0.097000
0 0.760503 0.361250 0.070893 0.097500
0 0.674794 0.507000 0.080270 0.102000
0 0.746249 0.502250 0.070143 0.100500
0 0.678357 0.603750 0.070143 0.101500
0 0.742873 0.606000 0.067142 0.111000
0 0.636909 0.679750 0.073518 0.098500
0 0.564704 0.664250 0.068642 0.113500
0 0.602401 0.767000 0.076519 0.093000
0 0.685109 0.800750 0.073893 0.104500
0 0.751125 0.804500 0.074644 0.103000
0 0.705176 0.699750 0.073518 0.107500
0 0.820705 0.878750 0.075769 0.109500
0 0.819580 0.765000 0.070518 0.094000
0 0.773068 0.699000 0.066767 0.103000
0 0.807202 0.563250 0.071268 0.090500
0 0.836459 0.668500 0.072018 0.086000
0 0.904539 0.739250 0.073893 0.108500
0 0.872468 0.581750 0.072018 0.096500
0 0.804951 0.425750 0.064516 0.099500
0 0.858965 0.490000 0.073518 0.091000
0 0.912416 0.466250 0.073893 0.101500
0 0.942423 0.567500 0.073893 0.097000
0 0.943361 0.675250 0.070518 0.100500