0 0.132971 0.538250 0.099400 0.111500
0 0.117592 0.637000 0.091148 0.121000
0 0.182671 0.705750 0.087022 0.134500
0 0.264066 0.758000 0.096024 0.123000
0 0.368717 0.792000 0.091523 0.113000
0 0.451425 0.843000 0.098650 0.128000
0 0.554389 0.860250 0.093773 0.116500
0 0.230683 0.502000 0.091523 0.120000
0 0.319205 0.503250 0.096024 0.134500
0 0.255064 0.603750 0.089272 0.118500
0 0.349775 0.640250 0.088897 0.131500
0 0.407539 0.557500 0.091148 0.129000
0 0.428545 0.682500 0.100900 0.127000
0 0.525319 0.712750 0.088897 0.117500
0 0.511628 0.597250 0.089272 0.130500
0 0.621343 0.731000 0.099400 0.125000
0 0.637284 0.811500 0.096774 0.098000
0 0.732746 0.865500 0.101650 0.123000
0 0.835146 0.841250 0.104651 0.110500
0 0.903601 0.738500 0.099025 0.123000
0 0.714179 0.732500 0.095274 0.114000
0 0.801388 0.692250 0.100900 0.128500
0 0.603526 0.581000 0.102026 0.123000
0 0.691860 0.629250 0.099400 0.107500
0 0.259002 0.372250 0.085896 0.106500
0 0.309827 0.288000 0.081770 0.123000
0 0.386534 0.254750 0.093398 0.135500
0 0.386722 0.136250 0.094524 0.126500
0 0.458740 0.183250 0.103526 0.139500
0 0.460803 0.315500 0.086647 0.127000
0 0.385034 0.386250 0.091148 0.119500
0 0.451800 0.446750 0.089647 0.127500
0 0.537509 0.377000 0.095274 0.124000
0 0.612153 0.465000 0.097524 0.120000
0 0.697112 0.489000 0.085896 0.131000
0 0.762566 0.562000 0.088522 0.128000
0 0.860840 0.596750 0.112528 0.131500
0 0.836459 0.470500 0.096774 0.131000
0 0.668417 0.359500 0.093773 0.118000
0 0.755251 0.365750 0.081395 0.130500
0 0.539572 0.251000 0.104651 0.130000
0 0.594711 0.145000 0.087397 0.131000
0 0.670293 0.075750 0.097524 0.127500
0 0.663728 0.231750 0.104651 0.131500
0 0.765004 0.208250 0.103901 0.137500