0 0.581395 0.783250 0.072018 0.077500
0 0.525506 0.818250 0.061515 0.082500
0 0.480120 0.839000 0.060765 0.082000
0 0.418042 0.837750 0.060390 0.074500
0 0.375844 0.868000 0.057014 0.069000
0 0.312078 0.855500 0.057014 0.066000
0 0.263691 0.800250 0.052513 0.072500
0 0.298575 0.795500 0.057764 0.079000
0 0.365716 0.790250 0.055514 0.072500
0 0.414854 0.759500 0.054014 0.077000
0 0.481245 0.769750 0.057014 0.069500
0 0.550263 0.732500 0.056264 0.071000
0 0.599587 0.676500 0.058890 0.076000
0 0.537322 0.650250 0.060390 0.072500
0 0.486872 0.694750 0.055514 0.075500
0 0.421418 0.682500 0.060390 0.071000
0 0.358215 0.724500 0.057014 0.077000
0 0.280195 0.718500 0.054764 0.075000
0 0.238560 0.746750 0.057014 0.073500
0 0.183421 0.724250 0.054014 0.077500
0 0.197487 0.689750 0.066392 0.078500
0 0.152663 0.646250 0.056264 0.069500
0 0.144224 0.572000 0.059640 0.079000
0 0.225994 0.592750 0.059640 0.076500
0 0.289385 0.621250 0.055889 0.074500
0 0.339835 0.647500 0.065266 0.077000
0 0.399662 0.636000 0.061890 0.081000
0 0.462491 0.618750 0.066017 0.076500
0 0.574081 0.594500 0.057389 0.074000
0 0.605776 0.454500 0.063016 0.081000
0 0.555889 0.511750 0.063016 0.080500
0 0.497937 0.494250 0.062641 0.076500
0 0.511253 0.573250 0.060015 0.079500
0 0.438485 0.545250 0.062266 0.081500
0 0.319580 0.574000 0.072018 0.085000
0 0.272881 0.540250 0.062641 0.086500
0 0.165604 0.497000 0.058890 0.079000
0 0.196549 0.432250 0.057764 0.083500
0 0.266129 0.458000 0.054389 0.084000
0 0.322768 0.483000 0.063391 0.088000
0 0.396099 0.484000 0.060015 0.077000
0 0.448425 0.447500 0.061140 0.081000
0 0.537884 0.441250 0.063016 0.082500
0 0.570143 0.363750 0.060765 0.083500
0 0.603713 0.300250 0.058140 0.080500
0 0.530945 0.301000 0.063391 0.087000
0 0.588147 0.210750 0.060015 0.089500
0 0.522693 0.201750 0.058890 0.088500
0 0.469617 0.303000 0.055514 0.083000
0 0.494936 0.374250 0.064141 0.095500
0 0.430608 0.373750 0.061515 0.085500
0 0.368342 0.359500 0.057764 0.084000
0 0.305701 0.394000 0.063016 0.081000
0 0.239685 0.369250 0.062266 0.089500
0 0.270630 0.310750 0.065641 0.084500
0 0.342086 0.275250 0.060765 0.076500
0 0.397974 0.271750 0.061515 0.086500
0 0.694486 0.174250 0.063391 0.080500
0 0.763316 0.148000 0.066017 0.091000
0 0.827082 0.184000 0.064516 0.093000
0 0.880720 0.243750 0.073518 0.093500
0 0.795574 0.261000 0.063016 0.079000
0 0.739685 0.238000 0.069017 0.092000
0 0.654539 0.246500 0.062266 0.090000
0 0.689235 0.314500 0.067892 0.094000
0 0.750750 0.327500 0.066392 0.093000
0 0.808140 0.344500 0.059640 0.092000
0 0.876594 0.334750 0.065266 0.091500
0 0.849962 0.408250 0.063016 0.088500
0 0.769505 0.430500 0.061890 0.092000
0 0.707802 0.390500 0.061515 0.085000
0 0.634284 0.373000 0.057014 0.094000
0 0.676107 0.472250 0.061140 0.083500
0 0.737622 0.498000 0.061140 0.086000
0 0.804951 0.488500 0.062266 0.083000
0 0.622281 0.527250 0.061515 0.088500
0 0.680608 0.547500 0.058890 0.087000
0 0.755626 0.569500 0.061140 0.075000
0 0.634284 0.614500 0.063016 0.080000
0 0.690923 0.633000 0.066767 0.077000