0 0.385221 0.056250 0.045761 0.053500
0 0.434546 0.059000 0.045386 0.066000
0 0.482558 0.059000 0.050638 0.064000
0 0.521380 0.044500 0.048012 0.059000
0 0.511065 0.094750 0.049887 0.055500
0 0.549137 0.084000 0.046512 0.061000
0 0.596962 0.099000 0.045386 0.079000
0 0.364404 0.128000 0.045386 0.050000
0 0.411665 0.118500 0.049137 0.059000
0 0.452176 0.120500 0.044636 0.057000
0 0.484621 0.149250 0.047262 0.065500
0 0.371530 0.163000 0.047637 0.073000
0 0.416729 0.199750 0.050263 0.064500
0 0.388785 0.236250 0.056639 0.069500
0 0.461740 0.196750 0.051013 0.063500
0 0.526069 0.180500 0.047637 0.062000
0 0.577644 0.160000 0.048012 0.057000
0 0.619467 0.174250 0.049887 0.064500
0 0.654351 0.148750 0.049137 0.059500
0 0.580833 0.217250 0.047637 0.062500
0 0.537884 0.239750 0.049512 0.059500
0 0.486684 0.247000 0.049887 0.060000
0 0.443361 0.251500 0.051013 0.061000
0 0.380720 0.297500 0.051013 0.063000
0 0.421605 0.299750 0.045011 0.062500
0 0.371155 0.357250 0.044636 0.064500
0 0.425731 0.346250 0.048012 0.066500
0 0.470743 0.332500 0.047262 0.060000
0 0.353526 0.402250 0.049137 0.064500
0 0.468492 0.393500 0.051763 0.062000
0 0.508065 0.367500 0.050638 0.063000
0 0.562078 0.333000 0.048387 0.064000
0 0.566954 0.276500 0.053638 0.065000
0 0.611590 0.322750 0.047637 0.072500
0 0.373406 0.474500 0.055889 0.058000
0 0.411103 0.449500 0.049512 0.066000
0 0.456677 0.457250 0.051388 0.065500
0 0.550263 0.403250 0.046512 0.069500
0 0.521755 0.459500 0.052513 0.064000
0 0.592648 0.380000 0.045761 0.064000
0 0.676107 0.207500 0.049137 0.063000
0 0.721118 0.194750 0.048387 0.066500
0 0.653601 0.283000 0.051388 0.068000
0 0.702738 0.286000 0.046887 0.059000
0 0.741748 0.278500 0.047637 0.062000
0 0.684359 0.327750 0.052888 0.070500
0 0.728995 0.337750 0.046887 0.064500
0 0.727494 0.406250 0.052888 0.067500
0 0.635409 0.401750 0.049512 0.071500
0 0.681733 0.418500 0.050638 0.068000
0 0.774756 0.432750 0.057389 0.081500
0 0.723931 0.462250 0.057014 0.070500
0 0.578395 0.438000 0.050263 0.070000
0 0.620030 0.474000 0.056264 0.073000
0 0.692423 0.519750 0.052513 0.064500
0 0.747562 0.522250 0.054014 0.071500
0 0.813766 0.508250 0.055139 0.072500
0 0.418042 0.511500 0.041635 0.067000
0 0.368905 0.541750 0.054389 0.056500
0 0.445799 0.547750 0.047637 0.064500
0 0.480683 0.509750 0.052888 0.061500
0 0.568455 0.502000 0.049887 0.064000
0 0.525694 0.531500 0.052138 0.065000
0 0.596212 0.552000 0.049137 0.068000
0 0.640473 0.539750 0.053638 0.070500
0 0.736872 0.576000 0.055139 0.070000
0 0.635409 0.596500 0.047262 0.067000
0 0.492686 0.572250 0.052888 0.070500
0 0.373406 0.597000 0.049137 0.068000
0 0.422543 0.604500 0.046887 0.072000
0 0.461553 0.618250 0.047637 0.077500
0 0.516129 0.621000 0.052513 0.070000
0 0.559827 0.586000 0.051388 0.063000
0 0.590773 0.629250 0.054764 0.065500
0 0.690735 0.615000 0.052888 0.068000
0 0.737247 0.643000 0.053638 0.080000
0 0.774381 0.619750 0.054389 0.070500
0 0.804951 0.677500 0.053263 0.068000
0 0.748312 0.709500 0.052513 0.068000
0 0.690923 0.683500 0.056264 0.074000
0 0.634284 0.677500 0.051013 0.068000
0 0.580270 0.692750 0.055514 0.065500
0 0.384659 0.657500 0.048387 0.070000
0 0.431733 0.666000 0.045761 0.070000
0 0.490060 0.681000 0.046137 0.067000
0 0.536759 0.695500 0.046512 0.069000
0 0.579520 0.692000 0.057014 0.067000
0 0.394786 0.714500 0.049887 0.068000
0 0.457614 0.724500 0.043511 0.066000
0 0.503938 0.748250 0.046887 0.077500
0 0.572393 0.750750 0.054764 0.084500
0 0.615154 0.736750 0.057764 0.074500
0 0.534134 0.801500 0.057014 0.073000
0 0.564891 0.845250 0.041260 0.072500
0 0.612153 0.818750 0.050263 0.072500
0 0.605589 0.882750 0.057389 0.073500
0 0.669355 0.862000 0.052138 0.068000
0 0.665416 0.794750 0.054764 0.076500
0 0.708177 0.752000 0.057764 0.073000
0 0.750000 0.780750 0.051388 0.075500