0 0.047074 0.314000 0.060390 0.075000
0 0.053263 0.377500 0.052513 0.066000
0 0.059827 0.437000 0.052138 0.062000
0 0.094711 0.472500 0.046137 0.066000
0 0.072956 0.507250 0.045386 0.061500
0 0.120780 0.535250 0.043511 0.058500
0 0.148350 0.514750 0.046887 0.057500
0 0.177044 0.498000 0.051763 0.058000
0 0.189047 0.554500 0.051763 0.064000
0 0.137659 0.452750 0.046512 0.065500
0 0.110090 0.412500 0.051388 0.060000
0 0.106339 0.351750 0.053638 0.068500
0 0.103713 0.252250 0.058140 0.070500
0 0.160165 0.278250 0.054764 0.069500
0 0.164291 0.355000 0.049512 0.072000
0 0.185671 0.416500 0.052513 0.062000
0 0.224869 0.463250 0.052888 0.057500
0 0.237434 0.517750 0.048762 0.059500
0 0.268942 0.546000 0.049512 0.064000
0 0.234434 0.579500 0.051013 0.061000
0 0.160728 0.581500 0.049137 0.060000
0 0.136534 0.623000 0.045011 0.062000
0 0.183608 0.661250 0.047637 0.053500
0 0.200300 0.610000 0.052513 0.055000
0 0.243811 0.638000 0.046512 0.056000
0 0.282071 0.617250 0.050263 0.063500
0 0.317704 0.572000 0.044261 0.055000
0 0.359527 0.576500 0.049137 0.063000
0 0.336084 0.624500 0.041260 0.058000
0 0.387472 0.639250 0.043511 0.063500
0 0.405289 0.586000 0.047637 0.062000
0 0.309640 0.505750 0.049137 0.059500
0 0.275319 0.455750 0.051763 0.066500
0 0.237434 0.402500 0.055514 0.069000
0 0.215304 0.318750 0.052513 0.070500
0 0.208740 0.245000 0.052138 0.072000
0 0.252438 0.273000 0.053263 0.076000
0 0.267629 0.339000 0.051388 0.067000
0 0.304201 0.299750 0.049512 0.080500
0 0.316954 0.230250 0.056264 0.077500
0 0.373781 0.239750 0.058890 0.074500
0 0.359902 0.309750 0.055889 0.076500
0 0.300638 0.394000 0.048387 0.074000
0 0.334021 0.452500 0.049137 0.066000
0 0.350150 0.374250 0.049887 0.058500
0 0.391973 0.410000 0.051763 0.069000
0 0.404351 0.340500 0.051763 0.070000
0 0.423481 0.271750 0.052513 0.073500
0 0.381283 0.465500 0.052888 0.063000
0 0.363278 0.507500 0.040885 0.059000
0 0.408852 0.520000 0.051013 0.068000
0 0.428545 0.462500 0.046887 0.066000
0 0.439422 0.622000 0.046137 0.051000
0 0.451050 0.551250 0.047637 0.056500
0 0.486497 0.581750 0.042761 0.053500
0 0.512003 0.563000 0.050263 0.055000
0 0.528695 0.595250 0.046137 0.055500
0 0.538635 0.670250 0.050263 0.057500
0 0.592461 0.628000 0.050638 0.058000
0 0.557389 0.558500 0.048762 0.054000
0 0.552326 0.501500 0.044636 0.058000
0 0.506939 0.494250 0.047637 0.060500
0 0.457802 0.498750 0.048387 0.058500
0 0.477119 0.449250 0.049512 0.063500
0 0.446549 0.392250 0.048387 0.066500
0 0.463428 0.340750 0.058140 0.075500
0 0.501313 0.394000 0.052138 0.069000
0 0.526069 0.441500 0.046887 0.060000
0 0.572018 0.439500 0.049512 0.067000
0 0.600713 0.492000 0.054389 0.057000
0 0.612341 0.540750 0.050638 0.057500
0 0.639535 0.586500 0.051763 0.060000
0 0.690548 0.586250 0.048762 0.064500
0 0.661290 0.530750 0.047262 0.057500
0 0.655101 0.486750 0.048387 0.065500
0 0.625094 0.442750 0.049887 0.057500
0 0.671605 0.418750 0.052138 0.063500
0 0.546699 0.388000 0.047637 0.068000
0 0.592273 0.381000 0.047262 0.065000
0 0.523631 0.331500 0.051763 0.069000
0 0.489685 0.272750 0.055889 0.069500
0 0.541823 0.270250 0.055889 0.073500
0 0.572581 0.324250 0.052888 0.072500
0 0.626219 0.334750 0.055139 0.067500
0 0.600713 0.260000 0.053638 0.071000
0 0.573518 0.204500 0.060015 0.077000
0 0.409790 0.175000 0.058890 0.077000
0 0.461928 0.208000 0.053638 0.072000
0 0.520818 0.173000 0.051388 0.082000
0 0.568830 0.124250 0.058140 0.086500
0 0.624531 0.108000 0.060015 0.086000
0 0.648725 0.220000 0.059640 0.081000
0 0.680795 0.274000 0.062266 0.069000
0 0.710428 0.165500 0.057764 0.085000
0 0.756377 0.215000 0.052138 0.078000
0 0.781508 0.279000 0.045386 0.075000
0 0.739497 0.300250 0.058140 0.076500
0 0.699925 0.351750 0.054764 0.067500
0 0.742498 0.391750 0.049137 0.065500
0 0.778882 0.347250 0.047637 0.065500
0 0.828582 0.385000 0.055514 0.065000
0 0.876594 0.414000 0.052513 0.074000
0 0.883346 0.338250 0.055514 0.071500
0 0.885784 0.250750 0.054389 0.080500
0 0.836647 0.459000 0.050638 0.065000
0 0.870030 0.483500 0.049887 0.055000
0 0.833458 0.520000 0.049512 0.068000
0 0.868530 0.555250 0.050638 0.062500
0 0.821080 0.587000 0.047262 0.060000
0 0.768567 0.614750 0.049512 0.051500
0 0.733871 0.573000 0.045386 0.057000
0 0.771193 0.553000 0.050263 0.058000
0 0.717554 0.526500 0.049512 0.054000
0 0.699737 0.468250 0.052138 0.064500
0 0.781695 0.461250 0.053263 0.061500