0 0.342086 0.148750 0.030758 0.042500
0 0.333083 0.194500 0.027757 0.038000
0 0.338147 0.232000 0.030383 0.039000
0 0.363091 0.236500 0.027007 0.040000
0 0.373968 0.182250 0.028507 0.038500
0 0.413166 0.172500 0.028882 0.040000
0 0.409790 0.210000 0.031133 0.042000
0 0.393661 0.239000 0.031883 0.038000
0 0.401163 0.268250 0.028132 0.034500
0 0.430608 0.266750 0.024756 0.033500
0 0.438672 0.289000 0.028132 0.038000
0 0.449925 0.237000 0.028882 0.037000
0 0.443173 0.200500 0.031133 0.037000
0 0.469242 0.201750 0.027757 0.048500
0 0.476182 0.242750 0.030383 0.041500
0 0.505626 0.254750 0.033008 0.051500
0 0.530195 0.271750 0.022881 0.041500
0 0.556452 0.254500 0.028132 0.048000
0 0.552701 0.299750 0.036384 0.039500
0 0.477307 0.284250 0.031883 0.040500
0 0.501313 0.321000 0.030383 0.044000
0 0.525131 0.329250 0.027757 0.049500
0 0.460615 0.327000 0.027007 0.046000
0 0.430795 0.323000 0.029632 0.048000
0 0.404539 0.306750 0.026632 0.041500
0 0.364029 0.272000 0.031133 0.038000
0 0.339272 0.272000 0.026632 0.039000
0 0.296324 0.209000 0.024006 0.042000
0 0.278132 0.241250 0.026632 0.045500
0 0.306077 0.252750 0.033008 0.043500
0 0.265191 0.273000 0.032258 0.043000
0 0.307389 0.296250 0.028882 0.045500
0 0.266692 0.312000 0.031508 0.039000
0 0.247187 0.321250 0.027757 0.033500
0 0.267629 0.358750 0.031883 0.045500
0 0.290698 0.381000 0.029257 0.041000
0 0.313953 0.379250 0.027757 0.043500
0 0.313203 0.341750 0.030758 0.045500
0 0.347337 0.324500 0.032258 0.044000
0 0.374719 0.316250 0.037509 0.053500
0 0.350525 0.357500 0.033383 0.035000
0 0.380345 0.360000 0.028507 0.040000
0 0.409227 0.351250 0.029257 0.038500
0 0.255439 0.398500 0.030008 0.038000
0 0.257689 0.444250 0.032258 0.042500
0 0.251125 0.463000 0.025131 0.030000
0 0.274569 0.483500 0.034509 0.035000
0 0.296699 0.428500 0.027757 0.041000
0 0.309265 0.462250 0.026632 0.040500
0 0.349400 0.403250 0.034884 0.039500
0 0.376782 0.395750 0.031883 0.039500
0 0.333083 0.434500 0.030758 0.043000
0 0.364029 0.445750 0.026632 0.038500
0 0.381283 0.471750 0.025131 0.040500
0 0.407352 0.391750 0.030758 0.044500
0 0.416729 0.429250 0.030008 0.037500
0 0.434734 0.372750 0.030008 0.035500
0 0.447487 0.403500 0.030758 0.042000
0 0.464741 0.368250 0.028507 0.037500
0 0.480683 0.403750 0.027382 0.046500
0 0.445236 0.450000 0.030758 0.039000
0 0.410540 0.474000 0.026632 0.035000
0 0.436047 0.484500 0.031883 0.048000
0 0.462491 0.475250 0.030758 0.033500
0 0.469992 0.442250 0.021005 0.038500
0 0.335709 0.477000 0.030758 0.040000
0 0.313953 0.506750 0.031508 0.043500
0 0.279632 0.528000 0.034134 0.040000
0 0.242498 0.495250 0.034134 0.040500
0 0.248687 0.541000 0.030008 0.038000
0 0.282258 0.581250 0.031883 0.040500
0 0.266504 0.590750 0.022131 0.039500
0 0.289197 0.617250 0.030008 0.037500
0 0.259940 0.631500 0.033008 0.041000
0 0.279820 0.669750 0.030758 0.043500
0 0.301575 0.654750 0.027757 0.040500
0 0.326519 0.645750 0.030383 0.040500
0 0.333833 0.604500 0.030758 0.039000
0 0.316767 0.572250 0.026632 0.046500
0 0.345649 0.515250 0.032633 0.032500
0 0.357652 0.537750 0.034884 0.044500
0 0.384659 0.512750 0.028882 0.039500
0 0.412228 0.517500 0.027007 0.035000
0 0.401725 0.551750 0.027757 0.041500
0 0.434734 0.546750 0.027757 0.043500
0 0.455739 0.516000 0.030758 0.036000
0 0.461740 0.551750 0.027007 0.044500
0 0.428170 0.583500 0.032633 0.045000
0 0.448800 0.598750 0.033383 0.042500
0 0.397787 0.602250 0.030383 0.043500
0 0.359715 0.577250 0.031508 0.042500
0 0.368905 0.619750 0.032633 0.042500
0 0.385409 0.648250 0.035634 0.045500
0 0.308890 0.695750 0.032633 0.032500
0 0.335709 0.699250 0.033008 0.040500
0 0.358215 0.666750 0.032258 0.038500
0 0.369842 0.697750 0.030758 0.042500
0 0.346587 0.735750 0.033008 0.043500
0 0.323893 0.742000 0.025881 0.042000
0 0.335709 0.772750 0.033008 0.041500
0 0.365716 0.771750 0.030758 0.038500
0 0.339835 0.818000 0.030008 0.039000
0 0.371530 0.807500 0.029632 0.042000
0 0.397224 0.817000 0.024756 0.041000
0 0.370030 0.849250 0.032633 0.032500
0 0.397974 0.860250 0.032258 0.041500
0 0.427044 0.868750 0.026632 0.037500
0 0.414291 0.906500 0.028132 0.040000
0 0.440360 0.907000 0.027007 0.038000
0 0.467179 0.904500 0.033383 0.040000
0 0.447487 0.857250 0.030758 0.041500
0 0.478057 0.853250 0.031883 0.041500
0 0.422543 0.815000 0.024381 0.045000
0 0.458365 0.818250 0.030008 0.032500
0 0.399850 0.772750 0.033758 0.041500
0 0.427232 0.763250 0.028507 0.043500
0 0.455551 0.774500 0.033383 0.036000
0 0.450863 0.742250 0.030758 0.042500
0 0.387284 0.728500 0.032633 0.045000
0 0.408665 0.696500 0.031133 0.042000
0 0.436797 0.706500 0.031133 0.040000
0 0.424044 0.666000 0.032633 0.045000
0 0.419355 0.625500 0.036009 0.041000
0 0.448425 0.653000 0.024381 0.047000
0 0.463991 0.691000 0.030008 0.049000
0 0.478807 0.658000 0.031133 0.046000
0 0.470743 0.617250 0.030758 0.038500
0 0.477869 0.584750 0.029257 0.040500
0 0.505251 0.603250 0.027007 0.045500
0 0.532071 0.611000 0.028132 0.043000
0 0.515191 0.657500 0.030383 0.049000
0 0.542198 0.648750 0.027382 0.042500
0 0.497937 0.555500 0.031883 0.043000
0 0.501125 0.703750 0.029257 0.048500
0 0.490810 0.737000 0.034134 0.032000
0 0.493811 0.777750 0.028132 0.043500
0 0.485371 0.819500 0.028507 0.036000
0 0.514629 0.812500 0.027757 0.037000
0 0.515379 0.872250 0.030008 0.035500
0 0.518567 0.902000 0.028132 0.037000
0 0.501313 0.916500 0.028882 0.041000
0 0.564141 0.913250 0.030008 0.035500
0 0.556452 0.863250 0.031883 0.040500
0 0.547262 0.839250 0.031508 0.041500
0 0.557202 0.805000 0.030383 0.039000
0 0.527382 0.776000 0.032258 0.054000
0 0.551200 0.762750 0.029632 0.037500
0 0.533758 0.718000 0.031508 0.042000
0 0.556077 0.695750 0.031133 0.040500
0 0.568267 0.733250 0.030758 0.046500
0 0.593961 0.737500 0.028882 0.044000
0 0.591335 0.782750 0.029632 0.046500
0 0.617404 0.803250 0.023256 0.045500
0 0.612153 0.867250 0.033758 0.047500
0 0.597712 0.897250 0.030383 0.048500
0 0.641785 0.876750 0.029257 0.050500
0 0.669167 0.855750 0.028507 0.042500
0 0.646849 0.823000 0.028882 0.043000
0 0.670105 0.805500 0.028882 0.037000
0 0.696924 0.827500 0.028507 0.035000
0 0.696737 0.793750 0.028882 0.042500
0 0.721305 0.803000 0.025506 0.036000
0 0.642348 0.774250 0.026632 0.046500
0 0.632596 0.727250 0.027382 0.040500
0 0.659977 0.748000 0.030383 0.049000
0 0.688860 0.732250 0.031133 0.039500
0 0.720368 0.754000 0.032633 0.047000
0 0.751875 0.771500 0.027382 0.050000
0 0.769317 0.804000 0.030758 0.047000
0 0.787134 0.775750 0.025881 0.038500
0 0.784321 0.746500 0.030758 0.045000
0 0.663166 0.701750 0.027007 0.039500
0 0.607839 0.689000 0.029632 0.041000
0 0.580833 0.698500 0.030383 0.039000
0 0.575394 0.658250 0.027007 0.043500
0 0.608777 0.656500 0.033008 0.035000
0 0.635034 0.642000 0.033008 0.040000
0 0.682858 0.661750 0.037134 0.038500
0 0.700300 0.694750 0.028507 0.042500
0 0.722993 0.694250 0.025881 0.028500
0 0.740998 0.672000 0.036384 0.044000
0 0.759190 0.649250 0.021755 0.044500
0 0.777194 0.672000 0.030008 0.049000
0 0.798575 0.703250 0.035259 0.042500
0 0.810765 0.668500 0.025881 0.039000
0 0.808515 0.628500 0.031133 0.042000
0 0.813578 0.592000 0.031508 0.042000
0 0.834209 0.554250 0.028507 0.046500
0 0.774756 0.564250 0.025881 0.039500
0 0.772881 0.604000 0.029632 0.044000
0 0.744186 0.605250 0.033008 0.040500
0 0.691110 0.623500 0.026632 0.041000
0 0.677794 0.599750 0.029257 0.042500
0 0.710615 0.589000 0.031133 0.045000
0 0.643473 0.605000 0.031883 0.042000
0 0.617404 0.586000 0.030008 0.035000
0 0.590210 0.620750 0.027382 0.042500
0 0.564329 0.618750 0.032633 0.035500
0 0.560015 0.577000 0.029257 0.041000
0 0.587584 0.571250 0.028882 0.041500
0 0.544261 0.538500 0.031508 0.038000
0 0.583646 0.534000 0.027007 0.041000
0 0.615716 0.548750 0.036384 0.036500
0 0.650225 0.557500 0.031133 0.045000
0 0.689235 0.561000 0.029632 0.041000
0 0.512753 0.516750 0.030758 0.044500
0 0.533758 0.497500 0.030008 0.038000
0 0.564141 0.497500 0.029257 0.041000
0 0.585334 0.472750 0.030383 0.038500
0 0.608777 0.498000 0.030758 0.047000
0 0.625656 0.514000 0.027007 0.039000
0 0.671043 0.503750 0.032258 0.043500
0 0.676294 0.468500 0.030758 0.038000
0 0.646287 0.463750 0.032258 0.037500
0 0.617029 0.451500 0.034509 0.039000
0 0.555326 0.460000 0.032633 0.037000
0 0.554389 0.431750 0.027757 0.032500
0 0.518567 0.438000 0.030383 0.044000
0 0.496999 0.444500 0.024756 0.037000
0 0.512753 0.471750 0.030008 0.044500
0 0.493248 0.349500 0.031508 0.045000
0 0.511628 0.389500 0.029257 0.046000
0 0.533196 0.363250 0.031883 0.036500
0 0.562641 0.380250 0.029257 0.038500
0 0.580083 0.404750 0.030383 0.037500
0 0.609715 0.390500 0.032633 0.044000
0 0.632033 0.415250 0.027757 0.037500
0 0.587209 0.367500 0.029632 0.032000
0 0.558890 0.346750 0.027757 0.035500
0 0.581770 0.310500 0.029257 0.035000
0 0.608777 0.336250 0.030758 0.034500
0 0.647037 0.355500 0.027757 0.045000
0 0.653976 0.316000 0.027382 0.042000
0 0.625469 0.282750 0.030383 0.041500
0 0.593961 0.257000 0.028882 0.043000
0 0.594336 0.230250 0.034134 0.032500
0 0.619655 0.244500 0.032258 0.042000
0 0.663166 0.247250 0.030758 0.038500
0 0.649475 0.276500 0.029632 0.039000
0 0.675731 0.280500 0.028882 0.038000
0 0.710053 0.226750 0.033758 0.040500
0 0.687172 0.358000 0.034509 0.042000
0 0.717554 0.353000 0.028507 0.046000
0 0.708177 0.393750 0.030008 0.040500
0 0.681733 0.418750 0.030383 0.042500
0 0.711365 0.428000 0.029632 0.038000
0 0.737809 0.445500 0.031508 0.046000
0 0.720743 0.473500 0.029632 0.037000
0 0.716054 0.498000 0.035259 0.042000
0 0.735184 0.515250 0.031508 0.046500
0 0.769505 0.521750 0.028882 0.044500
0 0.734621 0.554750 0.039385 0.039500
0 0.804389 0.500750 0.031133 0.047500
0 0.828582 0.487750 0.030008 0.043500
0 0.809265 0.444250 0.026632 0.040500
0 0.774381 0.460500 0.029632 0.044000
0 0.787697 0.406500 0.033758 0.043000
0 0.750563 0.377500 0.027007 0.036000
0 0.805701 0.407250 0.022506 0.043500
0 0.783196 0.370750 0.029257 0.038500
0 0.760315 0.352250 0.031508 0.036500
0 0.814891 0.362500 0.030383 0.044000
0 0.859715 0.358500 0.025506 0.048000
0 0.777194 0.308000 0.033008 0.046000
0 0.806639 0.283750 0.029632 0.048500
0 0.738372 0.263750 0.033383 0.044500
0 0.754876 0.280250 0.027382 0.038500
0 0.744374 0.301750 0.030383 0.041500