0 0.168230 0.448500 0.019130 0.035000
0 0.179107 0.467750 0.019880 0.037500
0 0.172168 0.489250 0.022506 0.039500
0 0.162041 0.521250 0.024006 0.039500
0 0.157539 0.560750 0.018755 0.037500
0 0.171605 0.566000 0.019880 0.039000
0 0.181170 0.556500 0.021755 0.035000
0 0.190360 0.547000 0.017629 0.041000
0 0.205364 0.540750 0.021380 0.042500
0 0.167479 0.612500 0.021380 0.038000
0 0.183046 0.602250 0.021755 0.040500
0 0.184921 0.639000 0.023256 0.037000
0 0.204239 0.636500 0.022131 0.040000
0 0.233683 0.584250 0.022506 0.041500
0 0.253938 0.598250 0.023256 0.039500
0 0.257127 0.632000 0.026632 0.039000
0 0.249250 0.647500 0.026632 0.033000
0 0.199925 0.500500 0.018005 0.033000
0 0.216992 0.509000 0.022881 0.038000
0 0.215116 0.480750 0.023631 0.031500
0 0.202363 0.464750 0.028882 0.038500
0 0.187547 0.426000 0.022506 0.038000
0 0.199550 0.392000 0.020255 0.038000
0 0.215116 0.422500 0.022131 0.035000
0 0.216617 0.389500 0.022131 0.041000
0 0.239872 0.361000 0.022881 0.040000
0 0.261440 0.353750 0.023256 0.043500
0 0.293698 0.352250 0.024006 0.038500
0 0.277194 0.389000 0.026257 0.039000
0 0.262378 0.411500 0.025131 0.042000
0 0.236122 0.461000 0.025131 0.039000
0 0.248312 0.479500 0.026257 0.032000
0 0.254689 0.495000 0.024756 0.034000
0 0.267067 0.457750 0.024006 0.040500
0 0.289197 0.425000 0.027007 0.036000
0 0.240998 0.534500 0.022131 0.042000
0 0.283571 0.646500 0.023256 0.040000
0 0.306264 0.643500 0.023631 0.044000
0 0.282821 0.610250 0.027007 0.041500
0 0.270818 0.575750 0.027757 0.042500
0 0.272881 0.537250 0.025881 0.040500
0 0.277382 0.499500 0.025131 0.043000
0 0.292948 0.468250 0.027007 0.044500
0 0.316017 0.417750 0.023631 0.042500
0 0.326332 0.372250 0.023256 0.043500
0 0.331770 0.425750 0.025131 0.042500
0 0.351463 0.441000 0.026257 0.047000
0 0.348462 0.387250 0.023256 0.041500
0 0.358590 0.351000 0.025506 0.037000
0 0.379220 0.362000 0.027007 0.042000
0 0.367592 0.396000 0.026257 0.041000
0 0.331770 0.468250 0.027382 0.042500
0 0.320705 0.508250 0.026257 0.036500
0 0.301575 0.532750 0.024756 0.043500
0 0.346774 0.518000 0.028132 0.039000
0 0.358027 0.481750 0.027382 0.040500
0 0.316204 0.567250 0.025506 0.031500
0 0.347712 0.545250 0.024756 0.028500
0 0.328395 0.584000 0.027382 0.044000
0 0.335334 0.622000 0.028507 0.040000
0 0.355214 0.650750 0.024756 0.044500
0 0.385034 0.659500 0.027382 0.051000
0 0.377157 0.553000 0.030383 0.043000
0 0.396474 0.618750 0.024756 0.046500
0 0.420293 0.620250 0.028882 0.046500
0 0.405851 0.712000 0.027757 0.039000
0 0.423856 0.674000 0.025506 0.046000
0 0.442798 0.661000 0.028882 0.042000
0 0.420293 0.747250 0.027382 0.044500
0 0.444111 0.735250 0.029257 0.039500
0 0.445236 0.779000 0.027007 0.042000
0 0.476932 0.843250 0.029632 0.048500
0 0.480495 0.796750 0.031508 0.043500
0 0.505251 0.809500 0.035259 0.043000
0 0.528507 0.802750 0.033008 0.044500
0 0.476369 0.750250 0.027757 0.049500
0 0.504501 0.748500 0.031508 0.044000
0 0.535446 0.746250 0.031883 0.042500
0 0.575019 0.748750 0.039760 0.048500
0 0.595274 0.784250 0.035259 0.044500
0 0.616654 0.741250 0.036009 0.047500
0 0.461928 0.697250 0.028882 0.039500
0 0.463803 0.671000 0.027382 0.047000
0 0.495686 0.707500 0.033383 0.038000
0 0.565641 0.705000 0.027757 0.037000
0 0.501313 0.662000 0.030383 0.041000
0 0.539385 0.674500 0.033758 0.040000
0 0.570893 0.674500 0.034509 0.047000
0 0.605589 0.686750 0.032633 0.054500
0 0.634471 0.660750 0.034884 0.046500
0 0.644599 0.701000 0.034884 0.041000
0 0.678920 0.702500 0.033008 0.052000
0 0.458740 0.628750 0.030758 0.045500
0 0.492123 0.618250 0.031508 0.047500
0 0.562266 0.628000 0.034509 0.043000
0 0.590960 0.638250 0.032633 0.043500
0 0.410165 0.576750 0.031883 0.035500
0 0.452738 0.592000 0.033008 0.039000
0 0.411853 0.541250 0.027757 0.037500
0 0.439047 0.555750 0.028882 0.042500
0 0.484059 0.567750 0.028882 0.045500
0 0.394036 0.507750 0.025881 0.040500
0 0.407164 0.492750 0.030383 0.044500
0 0.390848 0.463500 0.029257 0.045000
0 0.395724 0.422500 0.030758 0.041000
0 0.393286 0.389750 0.029632 0.037500
0 0.406602 0.347000 0.030758 0.044000
0 0.429295 0.383000 0.029632 0.043000
0 0.446924 0.347750 0.028882 0.042500
0 0.424794 0.422000 0.026632 0.043000
0 0.433233 0.461750 0.029257 0.040500
0 0.438485 0.508000 0.032258 0.043000
0 0.456114 0.395250 0.028507 0.045500
0 0.453676 0.436500 0.026632 0.045000
0 0.467742 0.474250 0.027757 0.046500
0 0.480308 0.524500 0.030383 0.048000
0 0.464366 0.338000 0.027007 0.047000
0 0.481995 0.373750 0.030008 0.037500
0 0.477682 0.420750 0.030383 0.041500
0 0.498875 0.403250 0.034509 0.041500
0 0.504126 0.440750 0.033758 0.045500
0 0.496999 0.484750 0.030008 0.051500
0 0.522131 0.511000 0.032258 0.047000
0 0.544824 0.529750 0.033383 0.040500
0 0.529257 0.577250 0.030758 0.042500
0 0.555326 0.577250 0.031133 0.049500
0 0.705364 0.649750 0.034134 0.040500
0 0.788822 0.665500 0.039760 0.042000
0 0.640660 0.610750 0.037509 0.046500
0 0.608965 0.590750 0.035634 0.046500
0 0.575394 0.527500 0.035259 0.038000
0 0.622281 0.546750 0.033008 0.046500
0 0.654914 0.573500 0.034509 0.051000
0 0.700863 0.559500 0.040135 0.049000
0 0.720743 0.593500 0.043136 0.045000
0 0.753376 0.572250 0.043136 0.048500
0 0.793511 0.553500 0.041635 0.052000
0 0.836084 0.562250 0.038260 0.058500
0 0.733308 0.542500 0.039760 0.044000
0 0.776257 0.507750 0.038635 0.046500
0 0.820143 0.490750 0.043136 0.052500
0 0.666354 0.522250 0.035634 0.042500
0 0.702363 0.503000 0.039385 0.044000
0 0.736309 0.484000 0.036009 0.047000
0 0.766317 0.444750 0.035259 0.049500
0 0.814891 0.419500 0.042386 0.047000
0 0.836084 0.370000 0.042011 0.054000
0 0.496999 0.322000 0.033758 0.042000
0 0.511628 0.353500 0.033008 0.041000
0 0.527382 0.426500 0.035259 0.043000
0 0.536197 0.464250 0.033383 0.046500
0 0.561140 0.493500 0.034509 0.043000
0 0.545949 0.346000 0.034134 0.042000
0 0.546324 0.387000 0.035634 0.046000
0 0.561328 0.434750 0.034884 0.051500
0 0.576332 0.311500 0.035634 0.042000
0 0.576894 0.368750 0.033008 0.050500
0 0.594149 0.412500 0.036759 0.045000
0 0.597149 0.460250 0.039010 0.048500
0 0.617592 0.501500 0.034134 0.049000
0 0.609527 0.300750 0.033758 0.042500
0 0.620405 0.337250 0.036759 0.050500
0 0.620405 0.395500 0.036759 0.045000
0 0.636909 0.285500 0.035259 0.054000
0 0.650788 0.377250 0.036759 0.050500
0 0.671043 0.278000 0.036009 0.050000
0 0.630345 0.439500 0.037134 0.047000
0 0.658852 0.416250 0.039385 0.040500
0 0.700300 0.351750 0.040510 0.045500
0 0.722243 0.288500 0.040135 0.050000
0 0.743998 0.348750 0.040135 0.048500
0 0.693361 0.411250 0.034134 0.051500
0 0.674044 0.455250 0.040510 0.049500
0 0.722618 0.442250 0.038635 0.048500
0 0.745311 0.398500 0.033758 0.051000
0 0.647974 0.485750 0.032633 0.045500