0 0.186609 0.265250 0.103151 0.106500
0 0.123968 0.361250 0.094899 0.101500
0 0.131470 0.507000 0.091148 0.111000
0 0.203676 0.413500 0.091523 0.114000
0 0.253001 0.344000 0.090398 0.104000
0 0.290510 0.241250 0.088147 0.110500
0 0.183608 0.591000 0.085896 0.093000
0 0.243436 0.506500 0.081770 0.103000
0 0.266692 0.600750 0.078020 0.101500
0 0.334396 0.604250 0.081395 0.097500
0 0.329520 0.516750 0.085896 0.097500
0 0.308702 0.423000 0.084021 0.108000
0 0.354464 0.332000 0.083271 0.107000
0 0.369092 0.229250 0.084771 0.103500
0 0.442986 0.193500 0.079520 0.104000
0 0.515191 0.193750 0.067892 0.118500
0 0.586459 0.193500 0.077644 0.108000
0 0.488747 0.287000 0.080270 0.106000
0 0.621155 0.264500 0.063766 0.092000
0 0.390848 0.428750 0.075769 0.098500
0 0.456489 0.396000 0.075769 0.101000
0 0.544074 0.336000 0.076144 0.103000
0 0.610278 0.358250 0.072018 0.093500
0 0.399287 0.552750 0.070893 0.101500
0 0.393286 0.652000 0.076894 0.097000
0 0.454801 0.687000 0.069392 0.081000
0 0.453863 0.606750 0.070518 0.090500
0 0.460990 0.503250 0.072768 0.096500
0 0.524381 0.453500 0.072768 0.109000
0 0.504126 0.554250 0.073518 0.094500
0 0.524381 0.623500 0.072768 0.083000
0 0.526069 0.717500 0.073143 0.092000
0 0.569205 0.767500 0.064891 0.084000
0 0.630908 0.842250 0.065266 0.090500
0 0.683608 0.901250 0.065641 0.089500
0 0.737622 0.906000 0.064141 0.080000
0 0.774944 0.823000 0.054014 0.077000
0 0.716617 0.801500 0.067892 0.075000
0 0.672356 0.771750 0.055889 0.081500
0 0.625281 0.752250 0.065266 0.087500
0 0.808140 0.757750 0.058140 0.084500
0 0.759377 0.740250 0.058140 0.081500
0 0.676857 0.697250 0.062641 0.082500
0 0.623968 0.658750 0.069392 0.083500
0 0.576332 0.538250 0.071643 0.087500
0 0.634284 0.577250 0.070518 0.093500
0 0.678732 0.604500 0.072393 0.080000
0 0.721680 0.661000 0.060765 0.077000
0 0.820330 0.674500 0.054764 0.078000
0 0.777569 0.646250 0.066767 0.085500
0 0.743061 0.588750 0.063766 0.089500
0 0.842648 0.592250 0.061140 0.084500
0 0.601088 0.453250 0.070893 0.093500
0 0.655664 0.492250 0.072768 0.094500
0 0.705176 0.519750 0.056264 0.097500
0 0.765004 0.522750 0.064891 0.083500
0 0.822393 0.490250 0.055889 0.084500
0 0.784134 0.444750 0.061890 0.089500
0 0.727494 0.434750 0.063391 0.094500
0 0.677982 0.401500 0.063391 0.096000
0 0.683046 0.312750 0.063766 0.088500
0 0.752251 0.351000 0.067892 0.091000