0 0.083083 0.384000 0.071643 0.090000
0 0.185296 0.356500 0.075769 0.090000
0 0.151913 0.459250 0.071268 0.084500
0 0.267067 0.342750 0.075019 0.092500
0 0.223556 0.460000 0.078770 0.086000
0 0.196737 0.512000 0.071643 0.081000
0 0.216054 0.574500 0.070518 0.079000
0 0.251875 0.646750 0.065641 0.074500
0 0.303451 0.673500 0.070518 0.075000
0 0.307389 0.602000 0.070893 0.076000
0 0.272131 0.545250 0.070893 0.076500
0 0.315266 0.462750 0.071643 0.086500
0 0.332146 0.405000 0.086647 0.095000
0 0.381283 0.476000 0.075394 0.090000
0 0.342461 0.561750 0.078020 0.065500
0 0.368530 0.621250 0.068642 0.079500
0 0.366467 0.716250 0.061515 0.062500
0 0.432858 0.738250 0.058515 0.062500
0 0.414666 0.688000 0.073143 0.068000
0 0.483683 0.793750 0.067892 0.060500
0 0.483683 0.731000 0.067142 0.070000
0 0.441298 0.635500 0.073893 0.070000
0 0.413728 0.569250 0.072768 0.069500
0 0.424419 0.344250 0.084396 0.093500
0 0.443173 0.459250 0.079895 0.093500
0 0.503751 0.335500 0.080270 0.104000
0 0.537322 0.407750 0.075394 0.090500
0 0.509752 0.484750 0.073518 0.075500
0 0.486309 0.561500 0.076894 0.082000
0 0.505251 0.631250 0.072768 0.070500
0 0.532821 0.690500 0.065641 0.065000
0 0.537697 0.747500 0.065641 0.065000
0 0.546887 0.809250 0.057764 0.066500
0 0.603526 0.784000 0.061515 0.073000
0 0.666729 0.768750 0.061140 0.069500
0 0.601463 0.716250 0.065641 0.068500
0 0.704801 0.733250 0.066017 0.060500
0 0.653601 0.685000 0.062641 0.082000
0 0.588147 0.645750 0.075019 0.072500
0 0.566579 0.586500 0.070143 0.086000
0 0.584959 0.495250 0.070143 0.085500
0 0.586459 0.299500 0.082146 0.108000
0 0.619467 0.391250 0.089647 0.095500
0 0.662978 0.288500 0.076144 0.102000
0 0.743811 0.276000 0.078020 0.099000
0 0.799512 0.312000 0.073143 0.096000
0 0.719805 0.400750 0.074269 0.098500
0 0.673668 0.479500 0.079520 0.090000
0 0.778132 0.408000 0.076144 0.098000
0 0.885221 0.427500 0.078020 0.095000
0 0.632221 0.558500 0.076894 0.095000
0 0.728620 0.482000 0.076894 0.100000
0 0.790135 0.536500 0.079145 0.082000
0 0.916542 0.539000 0.070143 0.094000
0 0.716242 0.587000 0.075394 0.082000
0 0.714741 0.640000 0.079895 0.081000
0 0.785446 0.624250 0.081770 0.081500
0 0.886347 0.606000 0.087022 0.082000
0 0.775506 0.710000 0.072393 0.073000
0 0.771380 0.780000 0.064141 0.072000
0 0.819580 0.732750 0.066767 0.071500
0 0.887284 0.693500 0.076144 0.068000