0 0.130908 0.380500 0.056264 0.081000
0 0.101838 0.437000 0.061890 0.071000
0 0.106902 0.508750 0.053263 0.077500
0 0.102401 0.578750 0.051763 0.067500
0 0.096024 0.648000 0.051763 0.071000
0 0.135034 0.688000 0.048012 0.069000
0 0.149475 0.590250 0.040885 0.080500
0 0.184734 0.598250 0.046137 0.072500
0 0.182858 0.650500 0.056639 0.057000
0 0.190548 0.709500 0.047262 0.069000
0 0.235746 0.747000 0.054389 0.069000
0 0.269692 0.731250 0.057014 0.073500
0 0.232371 0.681000 0.055139 0.070000
0 0.246062 0.618500 0.057014 0.070000
0 0.183796 0.519750 0.058515 0.072500
0 0.179670 0.434500 0.052513 0.081000
0 0.228057 0.469750 0.066017 0.075500
0 0.239872 0.545500 0.058890 0.076000
0 0.292573 0.527000 0.066767 0.072000
0 0.290510 0.462750 0.056639 0.079500
0 0.259190 0.390000 0.056264 0.093000
0 0.205551 0.374500 0.060765 0.086000
0 0.277194 0.295500 0.056264 0.087000
0 0.316204 0.370250 0.060015 0.089500
0 0.355964 0.429250 0.057764 0.077500
0 0.346587 0.502250 0.057014 0.076500
0 0.295386 0.601000 0.059640 0.071000
0 0.289947 0.665500 0.060015 0.065000
0 0.327082 0.717750 0.048762 0.073500
0 0.339835 0.656250 0.052513 0.071500
0 0.315266 0.783250 0.054389 0.051500
0 0.425169 0.768500 0.055139 0.061000
0 0.381283 0.706250 0.050638 0.067500
0 0.434734 0.704750 0.061515 0.068500
0 0.396287 0.635000 0.057389 0.071000
0 0.352401 0.579750 0.063391 0.072500
0 0.414291 0.566000 0.060390 0.069000
0 0.449175 0.623750 0.055889 0.076500
0 0.488372 0.694500 0.053263 0.077000
0 0.508815 0.631750 0.059640 0.086500
0 0.542948 0.707750 0.058890 0.074500
0 0.570893 0.637250 0.057014 0.068500
0 0.604276 0.701000 0.057014 0.069000
0 0.634284 0.646750 0.061515 0.078500
0 0.659977 0.705750 0.055889 0.073500
0 0.595086 0.570500 0.057389 0.084000
0 0.537322 0.555000 0.058890 0.076000
0 0.477682 0.554000 0.058890 0.074000
0 0.403413 0.492000 0.058890 0.077000
0 0.455551 0.479250 0.063391 0.073500
0 0.526444 0.478750 0.064141 0.072500
0 0.476744 0.391250 0.067517 0.085500
0 0.416167 0.415250 0.064141 0.087500
0 0.369655 0.342500 0.067142 0.089000
0 0.343023 0.266750 0.067892 0.091500
0 0.437172 0.228000 0.059640 0.084000
0 0.441860 0.322500 0.061515 0.093000
0 0.490435 0.257500 0.067892 0.095000
0 0.520068 0.168250 0.076894 0.080500
0 0.497562 0.098750 0.055139 0.079500
0 0.617217 0.252500 0.068642 0.093000
0 0.540510 0.310000 0.066767 0.094000
0 0.601650 0.349750 0.071268 0.103500
0 0.638035 0.413000 0.057764 0.088000
0 0.551763 0.393500 0.062266 0.083000
0 0.614966 0.490500 0.067892 0.082000
0 0.742123 0.124250 0.076144 0.096500
0 0.700488 0.237000 0.081395 0.102000
0 0.765754 0.264250 0.063391 0.108500
0 0.811890 0.328500 0.077644 0.100000
0 0.839085 0.398500 0.065266 0.100000
0 0.675731 0.326750 0.060390 0.091500
0 0.733121 0.359500 0.076144 0.087000
0 0.699925 0.443750 0.066767 0.096500
0 0.768567 0.439000 0.066767 0.094000
0 0.783008 0.517750 0.064891 0.088500
0 0.849775 0.481250 0.068642 0.079500
0 0.906977 0.536000 0.061515 0.088000
0 0.843586 0.572750 0.066767 0.082500
0 0.706489 0.532250 0.062641 0.088500
0 0.743248 0.591250 0.072393 0.073500
0 0.656789 0.586000 0.060765 0.077000
0 0.699737 0.639750 0.061140 0.073500
0 0.764254 0.660250 0.067892 0.078500
0 0.776444 0.712500 0.056264 0.058000
0 0.720930 0.701500 0.064516 0.070000
0 0.826332 0.643750 0.066767 0.072500
0 0.841335 0.702250 0.066017 0.066500
0 0.914104 0.697000 0.063016 0.077000
0 0.914104 0.623250 0.066767 0.072500
0 0.921793 0.426250 0.067892 0.073500
0 0.932483 0.352250 0.067517 0.086500
0 0.901350 0.282000 0.069017 0.089000