0 0.090773 0.268000 0.033758 0.060000
0 0.057764 0.332000 0.038260 0.058000
0 0.062266 0.386500 0.036009 0.053000
0 0.080083 0.405000 0.034134 0.063000
0 0.052138 0.435250 0.037509 0.050500
0 0.070705 0.462500 0.037884 0.056000
0 0.050825 0.508000 0.036384 0.055000
0 0.146287 0.241750 0.044261 0.065500
0 0.120405 0.312000 0.040510 0.059000
0 0.150413 0.364250 0.036759 0.061500
0 0.124344 0.418000 0.042386 0.060000
0 0.129407 0.451500 0.035259 0.043000
0 0.118717 0.503750 0.031133 0.053500
0 0.100900 0.542250 0.029257 0.047500
0 0.120218 0.559500 0.034134 0.050000
0 0.122281 0.634500 0.036759 0.061000
0 0.203113 0.211000 0.043136 0.065000
0 0.185671 0.297250 0.034509 0.062500
0 0.201238 0.341500 0.037884 0.056000
0 0.197112 0.402000 0.037884 0.061000
0 0.159790 0.451500 0.036759 0.064000
0 0.155664 0.493500 0.040510 0.044000
0 0.174981 0.514750 0.038635 0.057500
0 0.159977 0.543500 0.036384 0.050000
0 0.188860 0.589500 0.033383 0.054000
0 0.212866 0.638750 0.037134 0.054500
0 0.250000 0.650250 0.044636 0.063500
0 0.295386 0.691250 0.038635 0.056500
0 0.314516 0.738750 0.041635 0.067500
0 0.353901 0.687750 0.048387 0.059500
0 0.325956 0.635500 0.040510 0.066000
0 0.279257 0.607250 0.044636 0.055500
0 0.252251 0.578750 0.043136 0.043500
0 0.201988 0.546750 0.038635 0.062500
0 0.297449 0.574500 0.042761 0.041000
0 0.292011 0.538500 0.044636 0.076000
0 0.255251 0.538250 0.040135 0.060500
0 0.238935 0.497250 0.041260 0.051500
0 0.197674 0.456750 0.035259 0.074500
0 0.229557 0.454250 0.039010 0.064500
0 0.227494 0.379750 0.034884 0.066500
0 0.290323 0.482500 0.042761 0.056000
0 0.299700 0.430750 0.042011 0.063500
0 0.275131 0.392500 0.040135 0.066000
0 0.265004 0.324250 0.040885 0.063500
0 0.226744 0.277000 0.032633 0.059000
0 0.253751 0.276250 0.040135 0.065500
0 0.277382 0.233750 0.041635 0.058500
0 0.263878 0.122250 0.036384 0.071500
0 0.297262 0.173750 0.043886 0.065500
0 0.339460 0.126500 0.042761 0.060000
0 0.346962 0.177000 0.041260 0.070000
0 0.320893 0.248500 0.046887 0.057000
0 0.306077 0.305250 0.045011 0.068500
0 0.324831 0.365500 0.042011 0.066000
0 0.401538 0.129000 0.046887 0.065000
0 0.386909 0.185750 0.049137 0.071500
0 0.378470 0.243250 0.045011 0.068500
0 0.355026 0.330500 0.040885 0.069000
0 0.392723 0.303500 0.045761 0.064000
0 0.421793 0.257500 0.040135 0.078000
0 0.436422 0.156000 0.046887 0.073000
0 0.483871 0.168250 0.048762 0.067500
0 0.471868 0.229500 0.051013 0.064000
0 0.384846 0.388000 0.042761 0.063000
0 0.356339 0.436000 0.036759 0.066000
0 0.371530 0.492750 0.044636 0.060500
0 0.400975 0.436000 0.045011 0.066000
0 0.374906 0.560750 0.044636 0.061500
0 0.358215 0.601500 0.042011 0.052000
0 0.400038 0.628500 0.041635 0.057000
0 0.422543 0.676250 0.043886 0.059500
0 0.388222 0.718500 0.037509 0.058000
0 0.414666 0.759000 0.043136 0.061000
0 0.461553 0.782500 0.044636 0.058000
0 0.548012 0.799500 0.046512 0.062000
0 0.594149 0.770750 0.051013 0.063500
0 0.614029 0.729500 0.046512 0.064000
0 0.639722 0.697000 0.053638 0.069000
0 0.507689 0.759000 0.044636 0.061000
0 0.557764 0.731750 0.049512 0.063500
0 0.459115 0.708750 0.043511 0.053500
0 0.503376 0.689750 0.046512 0.057500
0 0.457802 0.656500 0.044636 0.057000
0 0.500000 0.642500 0.045761 0.068000
0 0.555701 0.659000 0.047637 0.064000
0 0.595461 0.670250 0.047637 0.070500
0 0.630345 0.618750 0.052138 0.073500
0 0.581583 0.607750 0.052138 0.068500
0 0.534134 0.592000 0.040510 0.068000
0 0.479182 0.564000 0.049137 0.072000
0 0.423293 0.585750 0.048387 0.060500
0 0.623593 0.545500 0.055889 0.065000
0 0.569767 0.538750 0.046512 0.062500
0 0.522881 0.530250 0.046512 0.061500
0 0.407727 0.526500 0.044261 0.063000
0 0.452363 0.501750 0.047262 0.065500
0 0.497374 0.477750 0.045011 0.060500
0 0.548200 0.486750 0.049887 0.066500
0 0.462491 0.440750 0.044261 0.065500
0 0.605776 0.482500 0.049512 0.068000
0 0.646849 0.466250 0.057389 0.068500
0 0.502063 0.421000 0.045386 0.068000
0 0.553826 0.390500 0.046887 0.077000
0 0.601650 0.418500 0.055514 0.068000
0 0.423481 0.371250 0.043511 0.059500
0 0.467179 0.373500 0.046887 0.068000
0 0.505814 0.348500 0.046137 0.067000
0 0.474119 0.315750 0.045011 0.064500
0 0.520443 0.274500 0.048387 0.069000
0 0.529070 0.211500 0.049137 0.063000
0 0.574269 0.254750 0.054764 0.064500
0 0.558327 0.315250 0.053638 0.068500
0 0.627719 0.274000 0.057389 0.077000
0 0.609340 0.333750 0.057389 0.074500
0 0.661853 0.373000 0.059640 0.070000
0 0.686984 0.324000 0.058140 0.071000