0 0.485559 0.929500 0.043886 0.048000
0 0.532258 0.931500 0.043511 0.070000
0 0.585334 0.920000 0.046887 0.058000
0 0.489310 0.876500 0.044636 0.065000
0 0.537509 0.863750 0.046512 0.049500
0 0.586272 0.870000 0.046512 0.055000
0 0.625469 0.832000 0.049887 0.057000
0 0.575956 0.824250 0.053638 0.054500
0 0.525694 0.815750 0.052138 0.055500
0 0.507314 0.779500 0.052888 0.077000
0 0.462303 0.825750 0.050638 0.069500
0 0.406789 0.817750 0.052138 0.064500
0 0.443923 0.761500 0.054389 0.067000
0 0.344149 0.802750 0.061890 0.071500
0 0.273443 0.751750 0.057764 0.071500
0 0.232933 0.808250 0.062266 0.069500
0 0.217554 0.735000 0.060015 0.082000
0 0.334021 0.724250 0.064891 0.067500
0 0.390285 0.751000 0.055139 0.059000
0 0.158102 0.694000 0.058890 0.074000
0 0.237059 0.656000 0.061515 0.079000
0 0.297449 0.672250 0.069017 0.071500
0 0.370780 0.683250 0.056639 0.083500
0 0.424981 0.708000 0.060765 0.063000
0 0.489310 0.716750 0.060390 0.073500
0 0.545761 0.722500 0.045011 0.070000
0 0.608590 0.737250 0.049137 0.066500
0 0.618155 0.777500 0.053263 0.050000
0 0.664291 0.736750 0.052513 0.062500
0 0.660165 0.667500 0.055514 0.055000
0 0.586084 0.676500 0.049137 0.071000
0 0.528695 0.665250 0.055139 0.065500
0 0.120780 0.615750 0.065266 0.071500
0 0.180795 0.611750 0.070518 0.080500
0 0.246437 0.568500 0.069767 0.066000
0 0.297637 0.601500 0.064141 0.071000
0 0.360653 0.608250 0.061890 0.072500
0 0.418980 0.642500 0.065266 0.075000
0 0.484621 0.628750 0.059265 0.075500
0 0.558890 0.609250 0.052513 0.075500
0 0.611590 0.610750 0.048387 0.066500
0 0.657352 0.558250 0.052138 0.067500
0 0.612903 0.549500 0.057014 0.069000
0 0.556077 0.527750 0.056639 0.079500
0 0.510315 0.569000 0.057389 0.075000
0 0.451800 0.584250 0.059640 0.073500
0 0.493998 0.500000 0.057764 0.077000
0 0.433608 0.502750 0.063766 0.090500
0 0.384659 0.540250 0.054389 0.079500
0 0.326707 0.543500 0.068267 0.079000
0 0.249250 0.504000 0.068642 0.082000
0 0.194861 0.527750 0.066392 0.084500
0 0.121905 0.541750 0.069017 0.080500
0 0.140660 0.447000 0.062266 0.073000
0 0.198237 0.444500 0.069392 0.089000
0 0.288635 0.426500 0.066392 0.085000
0 0.407352 0.431250 0.066767 0.084500
0 0.486122 0.432750 0.062266 0.081500
0 0.551013 0.452750 0.057764 0.079500
0 0.611403 0.487250 0.060015 0.077500
0 0.667104 0.481250 0.051388 0.078500
0 0.674044 0.396000 0.054764 0.083000
0 0.606527 0.410500 0.060015 0.080000
0 0.668792 0.315250 0.062266 0.084500
0 0.598087 0.330750 0.066392 0.081500
0 0.535446 0.375000 0.061140 0.093000
0 0.489310 0.344000 0.070143 0.086000
0 0.415229 0.341250 0.075769 0.095500
0 0.349400 0.377750 0.070893 0.086500
0 0.228245 0.375500 0.076894 0.092000
0 0.161103 0.375500 0.073143 0.088000
0 0.226182 0.271750 0.075769 0.104500
0 0.285821 0.331500 0.069767 0.096000
0 0.361965 0.297000 0.075019 0.092000
0 0.430233 0.200000 0.070518 0.101000
0 0.468867 0.254500 0.064516 0.087000
0 0.532071 0.291500 0.054389 0.089000
0 0.532821 0.198500 0.067892 0.098000
0 0.618342 0.225000 0.067892 0.099000
0 0.534321 0.100500 0.062641 0.104000
0 0.647599 0.163750 0.067142 0.095500
0 0.686234 0.228500 0.061140 0.102000
0 0.756939 0.269500 0.061515 0.095000
0 0.806077 0.262500 0.059265 0.093000
0 0.828770 0.322500 0.057389 0.085000
0 0.729745 0.344750 0.058140 0.086500
0 0.776632 0.381750 0.049887 0.071500
0 0.848087 0.396500 0.056264 0.075000
0 0.727682 0.422500 0.057764 0.079000
0 0.783383 0.440000 0.052138 0.073000
0 0.832896 0.462750 0.048387 0.075500
0 0.733121 0.482250 0.059640 0.065500
0 0.769505 0.507000 0.052888 0.078000
0 0.713616 0.537500 0.057389 0.063000
0 0.704989 0.617500 0.052888 0.063000
0 0.708927 0.688000 0.048012 0.066000
0 0.707427 0.738500 0.042761 0.065000