0 0.110090 0.557750 0.064141 0.068500
0 0.157164 0.599750 0.062266 0.060500
0 0.191673 0.558000 0.056264 0.081000
0 0.159602 0.482000 0.060390 0.081000
0 0.213803 0.442250 0.066017 0.078500
0 0.255439 0.495000 0.066767 0.084000
0 0.290698 0.434500 0.060015 0.080000
0 0.263503 0.368750 0.057389 0.084500
0 0.316204 0.366000 0.058515 0.088000
0 0.353526 0.438250 0.058140 0.080500
0 0.339460 0.281000 0.063016 0.091000
0 0.405101 0.300500 0.069017 0.088000
0 0.388410 0.383750 0.061890 0.085500
0 0.450863 0.393250 0.065266 0.068500
0 0.418042 0.481000 0.055139 0.075000
0 0.322393 0.512250 0.057389 0.071500
0 0.293136 0.564000 0.053638 0.077000
0 0.222806 0.616000 0.049512 0.070000
0 0.256564 0.670500 0.056264 0.068000
0 0.307389 0.643500 0.054389 0.073000
0 0.361778 0.654750 0.058140 0.062500
0 0.416542 0.677750 0.058890 0.071500
0 0.447299 0.753000 0.060390 0.059000
0 0.473368 0.702750 0.055514 0.062500
0 0.513128 0.728250 0.053263 0.067500
0 0.534884 0.656250 0.053263 0.068500
0 0.481620 0.561250 0.062266 0.074500
0 0.494749 0.608000 0.051763 0.059000
0 0.419730 0.599500 0.057764 0.074000
0 0.375469 0.553000 0.053263 0.075000
0 0.474119 0.486500 0.056264 0.071000
0 0.519317 0.437500 0.059640 0.071000
0 0.535821 0.509500 0.060390 0.074000
0 0.500188 0.332750 0.054389 0.074500
0 0.472431 0.278250 0.060390 0.083500
0 0.495124 0.191250 0.063766 0.097500
0 0.565079 0.192000 0.067142 0.091000
0 0.575019 0.275500 0.067517 0.078000
0 0.577644 0.370750 0.062266 0.096500
0 0.579520 0.449250 0.055514 0.072500
0 0.591148 0.506250 0.062266 0.071500
0 0.568642 0.586250 0.052513 0.075500
0 0.623406 0.577500 0.052513 0.080000
0 0.585521 0.635000 0.057014 0.074000
0 0.616842 0.687000 0.060390 0.056000
0 0.660353 0.651750 0.062641 0.075500
0 0.707989 0.609000 0.055889 0.083000
0 0.713053 0.668250 0.055514 0.076500
0 0.755814 0.724000 0.066017 0.069000
0 0.805701 0.681500 0.060015 0.072000
0 0.759190 0.568500 0.054764 0.086000
0 0.797262 0.596500 0.059640 0.080000
0 0.848837 0.629250 0.057764 0.079500
0 0.879407 0.674000 0.055139 0.075000
0 0.668417 0.694000 0.052513 0.058000
0 0.709490 0.523250 0.054389 0.079500
0 0.684359 0.450750 0.063391 0.076500
0 0.761815 0.468000 0.063016 0.077000
0 0.824831 0.540250 0.066017 0.085500
0 0.812828 0.452750 0.055514 0.072500
0 0.866092 0.465500 0.055514 0.063000
0 0.873218 0.411000 0.062266 0.080000
0 0.796137 0.384000 0.069392 0.089000
0 0.734621 0.402250 0.061140 0.074500
0 0.642911 0.397750 0.063016 0.076500
0 0.626407 0.315500 0.060015 0.077000
0 0.692423 0.346500 0.061515 0.075000
0 0.736309 0.309000 0.051013 0.083000
0 0.680795 0.256250 0.072768 0.091500
0 0.631470 0.203500 0.064141 0.090000
0 0.609527 0.117250 0.067517 0.086500
0 0.689985 0.170750 0.067142 0.087500
0 0.725244 0.213500 0.058140 0.082000
0 0.727307 0.086250 0.066767 0.102500
0 0.797637 0.158000 0.065641 0.088000
0 0.866092 0.152250 0.069017 0.091500
0 0.829145 0.238500 0.059640 0.089000
0 0.857277 0.308000 0.061890 0.077000
0 0.575394 0.729500 0.061515 0.070000
0 0.912416 0.399750 0.049887 0.081500