0 0.146849 0.387250 0.060390 0.067500
0 0.150600 0.338000 0.037884 0.045000
0 0.179482 0.259000 0.030383 0.045000
0 0.183233 0.310250 0.051388 0.067500
0 0.214179 0.263250 0.052513 0.080500
0 0.255251 0.229500 0.058890 0.089000
0 0.330458 0.259750 0.054014 0.083500
0 0.294636 0.322250 0.057389 0.076500
0 0.239872 0.347500 0.059640 0.086000
0 0.215491 0.404250 0.051388 0.075500
0 0.188860 0.455750 0.055139 0.066500
0 0.287697 0.391500 0.060765 0.070000
0 0.239872 0.482250 0.056639 0.076500
0 0.176107 0.522250 0.057389 0.075500
0 0.252438 0.543500 0.047262 0.072000
0 0.200863 0.609000 0.052888 0.069000
0 0.254314 0.640500 0.049512 0.064000
0 0.293886 0.695500 0.055889 0.070000
0 0.325769 0.741000 0.052888 0.060000
0 0.325581 0.804000 0.029257 0.066000
0 0.355214 0.799000 0.052513 0.065000
0 0.362153 0.867000 0.037134 0.061000
0 0.385034 0.846500 0.052888 0.073000
0 0.382033 0.732750 0.044636 0.064500
0 0.388035 0.672500 0.050638 0.067000
0 0.310953 0.581000 0.054764 0.067000
0 0.366467 0.591750 0.053263 0.067500
0 0.298575 0.490250 0.051013 0.068500
0 0.344336 0.529000 0.051763 0.071000
0 0.343398 0.438000 0.049887 0.067000
0 0.390848 0.501000 0.048012 0.066000
0 0.359902 0.381250 0.051388 0.072500
0 0.367592 0.311750 0.051013 0.073500
0 0.437734 0.893000 0.051763 0.068000
0 0.513128 0.920750 0.049512 0.061500
0 0.500563 0.872000 0.047637 0.069000
0 0.446362 0.835000 0.047262 0.064000
0 0.417479 0.786250 0.048012 0.073500
0 0.450675 0.740500 0.052888 0.065000
0 0.483683 0.784750 0.053638 0.072500
0 0.533008 0.817000 0.049512 0.070000
0 0.553638 0.863000 0.046512 0.056000
0 0.440735 0.687000 0.049512 0.063000
0 0.490060 0.706500 0.052138 0.069000
0 0.532071 0.742250 0.049137 0.067500
0 0.431170 0.617750 0.049137 0.067500
0 0.480870 0.643750 0.048012 0.070500
0 0.539760 0.669250 0.049512 0.066500
0 0.523818 0.610000 0.047637 0.063000
0 0.476182 0.576000 0.046887 0.063000
0 0.419542 0.551250 0.057389 0.070500
0 0.474306 0.513000 0.047637 0.064000
0 0.518005 0.545250 0.050263 0.060500
0 0.398350 0.429000 0.053263 0.067000
0 0.442611 0.452750 0.053263 0.068500
0 0.515191 0.479750 0.045386 0.060500
0 0.418230 0.360750 0.051763 0.066500
0 0.459490 0.388500 0.045011 0.065000
0 0.504501 0.424750 0.048762 0.069500
0 0.426294 0.292250 0.049887 0.060500
0 0.482933 0.322250 0.048387 0.065500
0 0.526632 0.340000 0.046512 0.069000
0 0.393098 0.181250 0.053263 0.080500
0 0.449737 0.149250 0.055514 0.075500
0 0.437922 0.229500 0.047637 0.067000
0 0.478432 0.260500 0.050638 0.064000
0 0.504689 0.191500 0.050638 0.072000
0 0.518942 0.121500 0.054389 0.066000
0 0.573893 0.115000 0.051763 0.070000
0 0.552138 0.199750 0.048012 0.071500
0 0.533571 0.265500 0.051388 0.073000
0 0.579707 0.252250 0.046137 0.069500
0 0.630908 0.206250 0.049512 0.065500
0 0.660165 0.253750 0.041260 0.071500
0 0.628282 0.272250 0.045011 0.065500
0 0.566954 0.314250 0.041635 0.063500
0 0.617967 0.340500 0.049887 0.070000
0 0.664104 0.317500 0.043886 0.066000
0 0.570893 0.384250 0.051013 0.067500
0 0.557202 0.441500 0.051388 0.066000
0 0.612341 0.409500 0.042386 0.062000
0 0.651725 0.398750 0.037884 0.064500
0 0.686422 0.454000 0.045761 0.065000
0 0.604089 0.468750 0.052888 0.064500
0 0.565266 0.506000 0.052513 0.062000
0 0.639910 0.507000 0.048012 0.063000
0 0.610090 0.533000 0.041635 0.061000
0 0.561890 0.569750 0.049512 0.064500
0 0.615154 0.595500 0.044261 0.068000
0 0.651913 0.573500 0.037509 0.065000
0 0.698050 0.546750 0.044261 0.063500
0 0.580645 0.635000 0.045011 0.063000
0 0.644974 0.629750 0.041635 0.070500
0 0.682296 0.614250 0.042011 0.069500
0 0.727307 0.598750 0.042011 0.060500
0 0.714554 0.646750 0.042761 0.059500
0 0.670293 0.658000 0.040510 0.056000
0 0.608402 0.669750 0.045761 0.067500
0 0.581208 0.716250 0.055889 0.064500
0 0.615529 0.746500 0.040510 0.064000
0 0.661853 0.728000 0.044636 0.062000
0 0.637097 0.794250 0.047637 0.065500
0 0.570705 0.772750 0.043136 0.063500
0 0.596399 0.829250 0.047262 0.055500
0 0.592461 0.885250 0.043886 0.060500
0 0.695986 0.277500 0.040135 0.064000
0 0.751125 0.281000 0.042386 0.065000
0 0.795386 0.346750 0.043886 0.062500
0 0.732558 0.354000 0.043511 0.059000
0 0.770818 0.405250 0.046512 0.065500
0 0.716242 0.417750 0.043886 0.058500
0 0.742123 0.492750 0.042386 0.056500
0 0.775131 0.472250 0.040885 0.063500
0 0.749437 0.535250 0.036009 0.051500
0 0.773068 0.571000 0.039760 0.058000