0 0.563786 0.044500 0.030677 0.046000
0 0.604751 0.042750 0.030303 0.034500
0 0.618780 0.064000 0.024691 0.041000
0 0.533109 0.065250 0.032922 0.042500
0 0.520202 0.073750 0.033296 0.042500
0 0.506921 0.108750 0.029181 0.051500
0 0.580434 0.083000 0.028807 0.047000
0 0.601571 0.086500 0.023195 0.047000
0 0.634680 0.104250 0.028807 0.045500
0 0.627572 0.151000 0.024317 0.046000
0 0.602132 0.131500 0.028058 0.049000
0 0.551066 0.103500 0.030677 0.042000
0 0.536289 0.140000 0.032548 0.046000
0 0.575383 0.142000 0.027684 0.044000
0 0.619155 0.169000 0.032174 0.037000
0 0.485784 0.143250 0.035541 0.039500
0 0.503928 0.191000 0.029929 0.041000
0 0.560419 0.186000 0.023943 0.047000
0 0.585297 0.189250 0.031051 0.044500
0 0.606809 0.223750 0.024691 0.043500
0 0.579686 0.230000 0.033296 0.041000
0 0.541900 0.219250 0.034044 0.050500
0 0.485971 0.233750 0.035915 0.046500
0 0.519267 0.257500 0.027684 0.049000
0 0.559110 0.257750 0.029555 0.037500
0 0.600449 0.264000 0.027684 0.047000
0 0.621025 0.276750 0.023943 0.036500
0 0.625327 0.318000 0.034792 0.044000
0 0.605499 0.330250 0.027310 0.049500
0 0.577441 0.305250 0.024317 0.052500
0 0.545455 0.300250 0.029929 0.049500
0 0.502993 0.294750 0.031799 0.048500
0 0.487467 0.332500 0.036663 0.047000
0 0.531425 0.330000 0.034044 0.048000
0 0.559297 0.356000 0.034418 0.047000
0 0.620651 0.367000 0.026188 0.054000
0 0.589974 0.384250 0.026936 0.048500
0 0.571081 0.402750 0.024317 0.050500
0 0.541526 0.382000 0.035541 0.048000
0 0.508230 0.367750 0.028807 0.047500
0 0.476244 0.381500 0.030677 0.044000
0 0.516461 0.402500 0.031799 0.050000
0 0.463524 0.440750 0.037411 0.059500
0 0.538159 0.429250 0.026562 0.049500
0 0.596521 0.436750 0.028807 0.044500
0 0.613169 0.473000 0.029929 0.038000
0 0.571642 0.463250 0.023195 0.049500
0 0.547138 0.480000 0.028807 0.051000
0 0.516087 0.477250 0.029555 0.052500
0 0.486158 0.491000 0.033296 0.053000
0 0.448747 0.508750 0.040030 0.060500
0 0.449495 0.572750 0.040778 0.053500
0 0.473251 0.549000 0.026936 0.054000
0 0.499439 0.531750 0.034418 0.042500
0 0.546203 0.523500 0.035166 0.045000
0 0.580621 0.538000 0.032922 0.049000
0 0.602881 0.520000 0.031051 0.050000
0 0.630752 0.570500 0.031425 0.049000
0 0.577628 0.578000 0.031425 0.051000
0 0.535915 0.575000 0.028807 0.055000
0 0.476244 0.605250 0.030677 0.063500
0 0.446128 0.640750 0.034044 0.062500
0 0.477553 0.672000 0.040030 0.051000
0 0.519454 0.626250 0.038533 0.050500
0 0.550692 0.636500 0.029181 0.048000
0 0.575758 0.631750 0.032922 0.049500
0 0.608118 0.611250 0.031051 0.044500
0 0.629817 0.655500 0.033296 0.051000
0 0.605874 0.687000 0.037037 0.050000
0 0.568088 0.684000 0.037785 0.046000
0 0.531051 0.682500 0.033296 0.056000
0 0.496446 0.714250 0.033670 0.058500
0 0.475309 0.725500 0.038533 0.060000
0 0.542836 0.726000 0.038159 0.053000
0 0.586046 0.733000 0.029555 0.057000
0 0.636551 0.717000 0.033296 0.051000
0 0.430041 0.750000 0.039282 0.070000
0 0.462215 0.792750 0.039282 0.057500
0 0.494762 0.779500 0.034044 0.058000
0 0.530116 0.775250 0.031425 0.060500
0 0.570146 0.778500 0.029181 0.054000
0 0.597643 0.793750 0.026562 0.056500
0 0.519828 0.836750 0.039282 0.061500
0 0.566966 0.837750 0.034792 0.055500
0 0.604190 0.870250 0.035166 0.050500
0 0.474560 0.861500 0.034792 0.060000
0 0.505612 0.910250 0.039282 0.061500
0 0.543210 0.869500 0.035915 0.043000
0 0.568462 0.892500 0.040030 0.051000
0 0.545455 0.927250 0.039656 0.057500
0 0.595211 0.938500 0.031425 0.057000
0 0.629256 0.921750 0.033670 0.048500
0 0.654508 0.929250 0.026562 0.048500
0 0.658997 0.877750 0.031051 0.056500
0 0.681631 0.899500 0.029181 0.055000
0 0.622709 0.835500 0.036289 0.042000
0 0.659371 0.814000 0.034044 0.057000
0 0.685746 0.846500 0.030677 0.057000
0 0.702207 0.875250 0.026188 0.042500
0 0.726899 0.854000 0.032174 0.045000
0 0.701085 0.814000 0.029181 0.050000
0 0.683689 0.787000 0.028807 0.051000
0 0.632623 0.783500 0.032174 0.057000
0 0.649270 0.753250 0.029555 0.040500
0 0.686120 0.733250 0.030677 0.049500
0 0.716236 0.771000 0.020576 0.047000
0 0.735129 0.799250 0.020950 0.050500
0 0.737561 0.746250 0.030303 0.050500
0 0.738496 0.696500 0.029181 0.043000
0 0.717546 0.713750 0.024691 0.048500
0 0.661803 0.710750 0.027684 0.046500
0 0.663674 0.659750 0.028432 0.051500
0 0.689487 0.684500 0.026936 0.047000
0 0.710999 0.657500 0.027310 0.040000
0 0.685746 0.641750 0.025440 0.043500
0 0.639731 0.612250 0.023943 0.049500
0 0.658249 0.590500 0.031799 0.038000
0 0.682192 0.593250 0.027310 0.041500
0 0.713244 0.604250 0.022821 0.041500
0 0.745230 0.631750 0.031425 0.049500
0 0.740928 0.576000 0.027310 0.042000
0 0.703143 0.565250 0.027310 0.045500
0 0.676955 0.548250 0.024317 0.041500
0 0.643846 0.549250 0.026936 0.051500
0 0.641227 0.509250 0.028432 0.039500
0 0.702394 0.510500 0.023569 0.047000
0 0.728582 0.530000 0.028807 0.046000
0 0.719229 0.487000 0.027310 0.037000
0 0.673027 0.480500 0.029929 0.048000
0 0.635990 0.460750 0.032174 0.046500
0 0.691358 0.463500 0.029181 0.050000
0 0.718107 0.440500 0.026562 0.041000
0 0.665918 0.438250 0.029929 0.042500
0 0.646278 0.398000 0.027310 0.052000
0 0.673214 0.387250 0.030303 0.040500
0 0.700524 0.407750 0.027310 0.046500
0 0.718481 0.398000 0.023569 0.041000
0 0.711560 0.353500 0.025440 0.048000
0 0.694912 0.368250 0.026562 0.044500
0 0.673214 0.337250 0.028058 0.049500
0 0.689487 0.321750 0.026936 0.041500
0 0.705948 0.308500 0.020950 0.045000
0 0.649270 0.287500 0.029555 0.049000
0 0.678077 0.282250 0.025814 0.040500
0 0.708941 0.278000 0.024691 0.032000
0 0.690236 0.248750 0.025440 0.041500
0 0.707632 0.231250 0.028058 0.044500
0 0.666293 0.227250 0.024691 0.039500
0 0.638047 0.242000 0.027310 0.035000
0 0.638421 0.200750 0.023569 0.040500
0 0.685933 0.202750 0.025065 0.047500
0 0.713056 0.186750 0.021698 0.043500
0 0.671156 0.171500 0.026936 0.034000
0 0.684998 0.162500 0.023943 0.041000
0 0.702394 0.136250 0.025065 0.043500
0 0.675832 0.109750 0.025065 0.036500
0 0.658249 0.133500 0.026562 0.035000