0 0.111965 0.236500 0.041635 0.064000
0 0.147224 0.200500 0.046137 0.057000
0 0.102963 0.307000 0.040135 0.059000
0 0.085709 0.353750 0.046887 0.060500
0 0.125281 0.331250 0.042011 0.064500
0 0.130345 0.379500 0.052888 0.062000
0 0.107652 0.433500 0.042011 0.056000
0 0.113466 0.477000 0.046887 0.055000
0 0.110090 0.530750 0.046137 0.064500
0 0.159977 0.513000 0.046887 0.082000
0 0.156414 0.442500 0.046512 0.066000
0 0.147599 0.275250 0.044636 0.060500
0 0.182858 0.224000 0.047637 0.057000
0 0.206114 0.158250 0.041635 0.062500
0 0.175169 0.338250 0.051013 0.070500
0 0.185859 0.401500 0.044636 0.061000
0 0.132033 0.596250 0.056264 0.066500
0 0.165791 0.633000 0.051013 0.071000
0 0.197862 0.688500 0.044636 0.073000
0 0.239122 0.750000 0.054389 0.067000
0 0.200300 0.561000 0.052513 0.070000
0 0.212303 0.462750 0.047262 0.064500
0 0.254314 0.171250 0.046512 0.060500
0 0.208927 0.291250 0.044261 0.057500
0 0.229932 0.345000 0.048012 0.059000
0 0.220368 0.402500 0.047637 0.071000
0 0.245311 0.505500 0.045011 0.068000
0 0.212678 0.619250 0.047262 0.065500
0 0.251125 0.666500 0.069392 0.083000
0 0.290885 0.768750 0.049137 0.074500
0 0.263316 0.566500 0.045761 0.067000
0 0.252626 0.269000 0.043886 0.059000
0 0.284134 0.221500 0.044636 0.068000
0 0.267629 0.308000 0.050638 0.063000
0 0.279632 0.382500 0.051388 0.071000
0 0.268005 0.445000 0.049137 0.060000
0 0.295386 0.518250 0.044636 0.057500
0 0.318455 0.421000 0.045761 0.065000
0 0.310578 0.264250 0.045011 0.050500
0 0.309827 0.310000 0.051013 0.079000
0 0.310578 0.172000 0.039010 0.067000
0 0.341523 0.141250 0.048387 0.059500
0 0.341710 0.215250 0.048762 0.061500
0 0.356152 0.372500 0.049887 0.067000
0 0.355214 0.452250 0.047262 0.068500
0 0.337584 0.519500 0.045761 0.065000
0 0.314516 0.574000 0.038635 0.066000
0 0.299137 0.642500 0.047637 0.072000
0 0.336272 0.704250 0.048387 0.069500
0 0.346212 0.768250 0.048012 0.074500
0 0.383721 0.769000 0.057014 0.078000
0 0.377344 0.700250 0.039760 0.072500
0 0.337584 0.620000 0.050263 0.077000
0 0.354464 0.555500 0.054764 0.065000
0 0.403226 0.633500 0.049512 0.072000
0 0.414666 0.697500 0.049887 0.088000
0 0.393098 0.127750 0.051013 0.066500
0 0.386159 0.205000 0.044636 0.057000
0 0.390098 0.260500 0.042011 0.065000
0 0.390848 0.319500 0.047262 0.061000
0 0.390660 0.409500 0.049887 0.065000
0 0.398537 0.504750 0.046137 0.068500
0 0.423106 0.569500 0.054014 0.072000
0 0.455176 0.631250 0.050638 0.072500
0 0.430983 0.170000 0.050263 0.061000
0 0.487809 0.139500 0.052888 0.061000
0 0.543698 0.139750 0.052888 0.068500
0 0.458740 0.216500 0.052513 0.057000
0 0.448612 0.272250 0.051763 0.064500
0 0.447112 0.356250 0.044261 0.060500
0 0.436797 0.406000 0.050638 0.081000
0 0.442611 0.480000 0.053263 0.075000
0 0.471680 0.543500 0.053638 0.071000
0 0.456864 0.752000 0.055514 0.072000
0 0.491935 0.690000 0.046137 0.073000
0 0.507127 0.769500 0.066017 0.086000
0 0.508252 0.213250 0.051763 0.060500
0 0.557952 0.225000 0.052888 0.062000
0 0.526257 0.291250 0.051013 0.067500
0 0.489122 0.330750 0.050263 0.068500
0 0.492498 0.410750 0.044261 0.063500
0 0.504501 0.464250 0.058515 0.070500
0 0.544074 0.398750 0.056639 0.061500
0 0.567329 0.324750 0.052138 0.071500
0 0.529070 0.529750 0.050638 0.067500
0 0.509190 0.597000 0.061140 0.074000
0 0.543323 0.701000 0.052888 0.071000
0 0.568267 0.771250 0.045761 0.075500
0 0.559077 0.468000 0.049137 0.072000
0 0.566204 0.582250 0.060390 0.070500
0 0.585709 0.651750 0.062641 0.085500
0 0.613653 0.730250 0.062266 0.069500
0 0.617404 0.827000 0.066767 0.092000
0 0.617217 0.256000 0.053638 0.070000
0 0.652476 0.270250 0.056639 0.067500
0 0.628657 0.340500 0.059265 0.069000
0 0.598275 0.406250 0.058515 0.064500
0 0.616092 0.471250 0.057389 0.078500
0 0.650975 0.432750 0.054389 0.068500
0 0.630345 0.590500 0.059640 0.075000
0 0.643848 0.664000 0.057389 0.069000
0 0.675731 0.732000 0.060390 0.082000
0 0.680233 0.809250 0.063391 0.080500
0 0.747374 0.804750 0.065641 0.091500
0 0.753938 0.719500 0.057764 0.089000
0 0.659040 0.525750 0.053263 0.079500
0 0.702926 0.660500 0.064516 0.080000
0 0.736497 0.593500 0.062641 0.094000
0 0.716804 0.493750 0.063016 0.073500
0 0.778132 0.529500 0.059640 0.091000
0 0.792761 0.471500 0.061890 0.071000
0 0.729745 0.423750 0.057389 0.073500
0 0.692423 0.375750 0.058515 0.069500
0 0.711178 0.288750 0.062266 0.075500
0 0.755814 0.358250 0.062266 0.071500