0 0.263128 0.346750 0.034134 0.048500
0 0.250750 0.405250 0.029632 0.048500
0 0.262191 0.449500 0.026257 0.042000
0 0.266879 0.491250 0.030383 0.042500
0 0.251500 0.504250 0.021380 0.037500
0 0.245124 0.538250 0.025881 0.039500
0 0.268755 0.558000 0.032633 0.033000
0 0.277007 0.574000 0.034884 0.034000
0 0.288635 0.531250 0.031133 0.034500
0 0.308140 0.553750 0.035634 0.041500
0 0.239122 0.600500 0.030383 0.046000
0 0.209677 0.660500 0.030758 0.045000
0 0.233308 0.695000 0.032258 0.043000
0 0.253001 0.723000 0.032633 0.044000
0 0.286197 0.732500 0.030758 0.040000
0 0.269317 0.670250 0.033008 0.045500
0 0.261065 0.635250 0.030758 0.041500
0 0.292386 0.612750 0.031883 0.039500
0 0.297637 0.652000 0.025881 0.042000
0 0.321080 0.669500 0.031508 0.046000
0 0.345274 0.657250 0.034134 0.039500
0 0.332521 0.628500 0.028882 0.039000
0 0.350150 0.607250 0.034134 0.045500
0 0.376594 0.626250 0.031508 0.043500
0 0.382033 0.663500 0.028132 0.042000
0 0.352213 0.701750 0.030758 0.050500
0 0.303638 0.691750 0.025131 0.037500
0 0.323518 0.715250 0.028882 0.040500
0 0.308515 0.758000 0.034884 0.048000
0 0.339647 0.773750 0.031133 0.042500
0 0.358777 0.796000 0.031883 0.046000
0 0.390660 0.820500 0.033383 0.046000
0 0.419917 0.838000 0.032633 0.041000
0 0.443361 0.806750 0.032258 0.043500
0 0.422918 0.775000 0.027382 0.039000
0 0.392348 0.763000 0.032258 0.043000
0 0.361028 0.747750 0.030383 0.046500
0 0.397037 0.710500 0.034134 0.044000
0 0.420480 0.737500 0.034509 0.048000
0 0.445986 0.763000 0.033758 0.039000
0 0.454801 0.722000 0.031883 0.051000
0 0.478057 0.757750 0.034884 0.047500
0 0.477494 0.790250 0.033758 0.039500
0 0.460240 0.843250 0.031508 0.041500
0 0.422918 0.684000 0.034134 0.042000
0 0.458927 0.675250 0.037884 0.046500
0 0.406789 0.651000 0.034884 0.042000
0 0.437922 0.643500 0.029632 0.044000
0 0.470368 0.637500 0.027007 0.045000
0 0.422918 0.599750 0.036384 0.043500
0 0.459115 0.589750 0.030758 0.044500
0 0.489497 0.599250 0.032258 0.045500
0 0.375656 0.579000 0.030383 0.040000
0 0.345649 0.562750 0.031883 0.044500
0 0.359340 0.524750 0.034509 0.042500
0 0.394599 0.527250 0.028507 0.041500
0 0.404539 0.569750 0.029632 0.046500
0 0.437359 0.559500 0.029257 0.045000
0 0.467367 0.550500 0.028507 0.044000
0 0.423668 0.528250 0.032633 0.043500
0 0.301200 0.497500 0.033008 0.042000
0 0.332521 0.491250 0.033383 0.033500
0 0.317892 0.459250 0.029632 0.043500
0 0.290135 0.461750 0.029632 0.043500
0 0.300263 0.418750 0.034884 0.042500
0 0.306827 0.374250 0.027757 0.040500
0 0.324831 0.395750 0.031508 0.039500
0 0.339272 0.427750 0.034884 0.041500
0 0.361403 0.466500 0.030383 0.043000
0 0.387284 0.495250 0.031133 0.039500
0 0.435296 0.492000 0.031883 0.039000
0 0.465304 0.491750 0.031133 0.036500
0 0.420105 0.452750 0.031508 0.041500
0 0.451425 0.457250 0.031133 0.044500
0 0.481620 0.459500 0.030008 0.039000
0 0.444674 0.434250 0.027382 0.025500
0 0.465116 0.421000 0.033008 0.046000
0 0.379032 0.439500 0.034884 0.046000
0 0.369655 0.408750 0.030383 0.041500
0 0.404539 0.411500 0.032633 0.044000
0 0.371343 0.379250 0.031508 0.031500
0 0.342836 0.355750 0.025506 0.040500
0 0.311515 0.330750 0.028882 0.047500
0 0.342836 0.324750 0.030008 0.038500
0 0.371343 0.339750 0.031508 0.042500
0 0.394224 0.372500 0.033758 0.042000
0 0.422543 0.349250 0.027382 0.041500
0 0.403226 0.331750 0.027757 0.040500
0 0.371718 0.301750 0.034509 0.042500
0 0.367779 0.265250 0.031883 0.040500
0 0.400413 0.278750 0.029632 0.032500
0 0.409040 0.301000 0.028132 0.041000
0 0.433608 0.319250 0.025506 0.042500
0 0.438860 0.285000 0.033758 0.035000
0 0.459865 0.297500 0.030008 0.039000
0 0.456489 0.329000 0.033008 0.042000
0 0.490060 0.311250 0.030383 0.040500
0 0.453488 0.380500 0.030758 0.044000
0 0.479370 0.371250 0.027007 0.044500
0 0.505439 0.283500 0.027382 0.038000
0 0.531695 0.286000 0.028882 0.038000
0 0.549887 0.267250 0.027007 0.035500
0 0.561703 0.304750 0.030383 0.030500
0 0.569392 0.338000 0.026257 0.041000
0 0.593586 0.300000 0.032633 0.029000
0 0.609152 0.274500 0.028507 0.034000
0 0.639160 0.266000 0.030758 0.028000
0 0.650413 0.296750 0.029257 0.044500
0 0.671793 0.331250 0.022506 0.029500
0 0.679670 0.357250 0.028507 0.037500
0 0.601650 0.337500 0.030758 0.037000
0 0.619467 0.330250 0.025881 0.039500
0 0.626782 0.369000 0.030758 0.042000
0 0.631095 0.404250 0.026632 0.042500
0 0.594149 0.371000 0.031508 0.046000
0 0.514629 0.336500 0.027757 0.039000
0 0.538072 0.339500 0.029632 0.037000
0 0.549512 0.374500 0.030008 0.040000
0 0.567142 0.397000 0.028507 0.043000
0 0.517817 0.388500 0.026632 0.043000
0 0.496062 0.396750 0.027382 0.042500
0 0.507314 0.426500 0.028132 0.042000
0 0.533946 0.431000 0.030383 0.042000
0 0.564141 0.437000 0.030008 0.041000
0 0.597149 0.428750 0.026257 0.033500
0 0.585521 0.461500 0.033008 0.044000
0 0.524569 0.465750 0.031133 0.041500
0 0.500375 0.482750 0.031508 0.046500
0 0.528882 0.504500 0.026257 0.041000
0 0.557014 0.479000 0.035259 0.044000
0 0.582708 0.499500 0.030383 0.038000
0 0.555514 0.518750 0.033008 0.047500
0 0.532071 0.546750 0.034134 0.043500
0 0.484996 0.522500 0.033758 0.041000
0 0.500563 0.554250 0.033383 0.044500
0 0.525881 0.596500 0.036009 0.052000
0 0.558515 0.563000 0.029257 0.040000
0 0.585521 0.544250 0.027757 0.041500
0 0.609527 0.521000 0.032258 0.039000
0 0.618530 0.487000 0.030758 0.035000
0 0.510690 0.634250 0.039385 0.050500
0 0.541823 0.634750 0.028882 0.047500
0 0.570143 0.609250 0.037509 0.044500
0 0.593023 0.584500 0.036759 0.040000
0 0.594711 0.626500 0.032633 0.041000
0 0.568642 0.651500 0.036759 0.045000
0 0.551388 0.690000 0.037509 0.049000
0 0.499625 0.672250 0.035259 0.043500
0 0.492873 0.706500 0.038260 0.051000
0 0.526632 0.714250 0.031508 0.041500
0 0.558140 0.731250 0.033758 0.035500
0 0.536572 0.759750 0.032633 0.040500
0 0.564704 0.771000 0.034134 0.047000
0 0.513503 0.804500 0.035259 0.051000
0 0.528507 0.825250 0.030758 0.040500
0 0.551950 0.812500 0.030383 0.046000
0 0.493061 0.834000 0.036384 0.048000
0 0.508815 0.870000 0.031133 0.049000
0 0.465679 0.897750 0.031883 0.050500
0 0.503001 0.915500 0.031508 0.044000
0 0.489310 0.942000 0.028882 0.049000
0 0.620780 0.791750 0.030758 0.042500
0 0.628095 0.761500 0.032633 0.048000
0 0.658477 0.759250 0.029632 0.043500
0 0.597712 0.730500 0.029632 0.041000
0 0.581395 0.693500 0.030008 0.043000
0 0.600338 0.663750 0.032633 0.042500
0 0.620968 0.701250 0.034884 0.040500
0 0.662416 0.718500 0.032258 0.042000
0 0.696924 0.739750 0.030008 0.040500
0 0.693736 0.702750 0.034134 0.043500
0 0.722993 0.703000 0.033383 0.036000
0 0.649850 0.682000 0.036384 0.037000
0 0.677982 0.668250 0.036384 0.044500
0 0.634471 0.644000 0.031133 0.045000
0 0.621905 0.602500 0.036009 0.046000
0 0.619092 0.561250 0.029632 0.041500
0 0.651350 0.584750 0.031133 0.042500
0 0.667854 0.623000 0.031133 0.045000
0 0.700300 0.636500 0.030758 0.051000
0 0.724494 0.660750 0.030383 0.037500
0 0.687172 0.590750 0.033758 0.035500
0 0.652288 0.542750 0.031508 0.040500
0 0.687547 0.553250 0.027007 0.046500
0 0.664104 0.502000 0.031883 0.043000
0 0.697862 0.509750 0.034134 0.041500
0 0.721493 0.519250 0.030383 0.039500
0 0.723556 0.557250 0.030758 0.046500
0 0.714366 0.608750 0.034134 0.043500
0 0.741185 0.627750 0.032258 0.045500
0 0.747937 0.590000 0.033008 0.039000
0 0.647974 0.467250 0.034884 0.043500
0 0.687359 0.478500 0.030383 0.029000
0 0.666729 0.428500 0.033383 0.044000
0 0.693173 0.437750 0.033758 0.039500
0 0.719992 0.442250 0.031883 0.043500
0 0.734246 0.480000 0.037884 0.042000
0 0.750188 0.509500 0.031508 0.041000
0 0.755251 0.550500 0.032633 0.041000
0 0.683608 0.393750 0.026632 0.048500
0 0.710240 0.408250 0.030383 0.038500
0 0.745686 0.419000 0.022506 0.043000
0 0.715866 0.356000 0.031883 0.040000
0 0.701988 0.317750 0.034134 0.037500
0 0.725431 0.308000 0.031508 0.040000
0 0.755251 0.325250 0.031133 0.037500
0 0.751688 0.367750 0.033008 0.045500
0 0.777382 0.353000 0.030383 0.042000
0 0.806264 0.334000 0.031883 0.036000
0 0.831395 0.357250 0.031133 0.041500
0 0.816579 0.396750 0.030758 0.039500
0 0.835896 0.410000 0.031133 0.042000
0 0.876594 0.391250 0.031508 0.044500
0 0.875469 0.432750 0.029257 0.041500
0 0.857464 0.452000 0.032258 0.042000
0 0.823143 0.442500 0.026632 0.042000
0 0.794449 0.417250 0.025506 0.038500
0 0.775881 0.431750 0.028882 0.046500
0 0.798762 0.454000 0.031133 0.042000
0 0.771568 0.476750 0.031508 0.041500
0 0.796512 0.492750 0.029632 0.043500
0 0.823331 0.485250 0.025506 0.041500
0 0.776257 0.519750 0.026632 0.041500
0 0.895724 0.483500 0.030008 0.045000
0 0.925731 0.473250 0.024756 0.039500
0 0.935296 0.510750 0.038635 0.041500
0 0.885409 0.517250 0.029632 0.039500
0 0.910540 0.543500 0.034134 0.046000
0 0.930045 0.551750 0.029632 0.041500
0 0.926482 0.591250 0.026257 0.047500
0 0.942798 0.626750 0.028882 0.042500
0 0.897224 0.580250 0.030758 0.042500
0 0.868717 0.557250 0.031508 0.037500
0 0.855964 0.520250 0.030008 0.040500
0 0.857089 0.489250 0.033758 0.031500
0 0.828957 0.534250 0.031508 0.043500
0 0.847337 0.569250 0.030008 0.041500
0 0.808702 0.563750 0.030008 0.038500
0 0.786572 0.568750 0.032258 0.044500
0 0.797074 0.599750 0.029257 0.041500
0 0.768567 0.609250 0.027757 0.040500
0 0.825956 0.603250 0.026257 0.044500
0 0.851463 0.614750 0.029257 0.040500
0 0.888972 0.617500 0.034509 0.045000
0 0.910353 0.628250 0.027757 0.037500
0 0.923106 0.676750 0.030758 0.043500
0 0.889910 0.656000 0.024381 0.040000
0 0.864779 0.670500 0.030383 0.038000
0 0.837959 0.647250 0.028507 0.042500
0 0.804389 0.643750 0.036384 0.039500
0 0.820893 0.672250 0.027382 0.044500
0 0.841523 0.692250 0.032633 0.041500
0 0.867217 0.717000 0.030758 0.042000
0 0.901725 0.731750 0.032258 0.035500
0 0.933608 0.740500 0.030758 0.043000
0 0.760315 0.651000 0.027007 0.042000
0 0.789010 0.688250 0.028882 0.043500
0 0.764816 0.694000 0.030008 0.041000
0 0.770818 0.730750 0.034509 0.040500
0 0.808140 0.751000 0.034884 0.045000
0 0.816204 0.712250 0.027757 0.040500
0 0.839835 0.731500 0.031508 0.043000
0 0.790135 0.786750 0.035634 0.042500
0 0.750750 0.810500 0.032633 0.045000
0 0.767629 0.848750 0.033383 0.038500