0 0.143286 0.112750 0.037509 0.059500
0 0.174606 0.103750 0.049887 0.072500
0 0.230870 0.085500 0.055139 0.059000
0 0.118342 0.216500 0.064141 0.075000
0 0.154164 0.182500 0.058515 0.067000
0 0.173293 0.219500 0.065266 0.079000
0 0.204801 0.174500 0.060765 0.072000
0 0.255251 0.156750 0.049887 0.065500
0 0.286384 0.102000 0.055139 0.064000
0 0.299887 0.145250 0.063391 0.069500
0 0.255626 0.218000 0.058140 0.070000
0 0.119842 0.323250 0.055139 0.068500
0 0.148537 0.376750 0.063016 0.072500
0 0.188860 0.335000 0.054389 0.069000
0 0.225806 0.293750 0.054764 0.077500
0 0.160915 0.433000 0.060015 0.081000
0 0.217179 0.394250 0.054014 0.062500
0 0.220555 0.457750 0.057014 0.073500
0 0.191485 0.510750 0.056639 0.059500
0 0.258065 0.505750 0.053263 0.069500
0 0.348275 0.078750 0.055889 0.066500
0 0.411665 0.067750 0.049887 0.061500
0 0.375844 0.162000 0.054764 0.061000
0 0.335709 0.228750 0.002251 0.012500
0 0.350713 0.213750 0.049512 0.068500
0 0.296512 0.264000 0.052888 0.075000
0 0.265191 0.366250 0.051763 0.065500
0 0.274006 0.443250 0.055139 0.069500
0 0.310015 0.482500 0.055139 0.069000
0 0.367967 0.483500 0.051763 0.071000
0 0.315266 0.369000 0.053638 0.063000
0 0.365529 0.409750 0.055889 0.065500
0 0.342836 0.308000 0.048012 0.073000
0 0.378470 0.275000 0.049512 0.064000
0 0.390285 0.353000 0.055139 0.064000
0 0.411478 0.429000 0.045761 0.071000
0 0.431733 0.487000 0.051013 0.062000
0 0.398162 0.212500 0.041635 0.070000
0 0.420293 0.168750 0.046887 0.061500
0 0.423856 0.305500 0.043511 0.065000
0 0.438110 0.368750 0.051013 0.069500
0 0.466617 0.428000 0.052513 0.071000
0 0.456114 0.101750 0.048012 0.062500
0 0.520630 0.141750 0.042011 0.051500
0 0.467554 0.181250 0.047637 0.074500
0 0.518380 0.181250 0.051013 0.063500
0 0.561515 0.174000 0.048012 0.061000
0 0.609902 0.171000 0.048762 0.062000
0 0.665416 0.185000 0.047262 0.061000
0 0.447862 0.242250 0.050263 0.071500
0 0.498125 0.251000 0.046512 0.071000
0 0.558140 0.232000 0.048012 0.068000
0 0.596587 0.219250 0.043136 0.063500
0 0.639722 0.245750 0.044636 0.059500
0 0.691673 0.263000 0.040510 0.064000
0 0.698425 0.237750 0.041260 0.058500
0 0.612716 0.283500 0.046137 0.066000
0 0.530383 0.301500 0.049512 0.061000
0 0.482558 0.317250 0.050638 0.058500
0 0.487809 0.379750 0.051388 0.066500
0 0.533383 0.372250 0.048012 0.062500
0 0.574831 0.327250 0.047637 0.062500
0 0.531133 0.424000 0.049512 0.063000
0 0.496062 0.474750 0.051388 0.066500
0 0.477682 0.524750 0.050638 0.069500
0 0.517629 0.558000 0.049512 0.069000
0 0.536384 0.506750 0.048012 0.064500
0 0.564329 0.556750 0.054389 0.061500
0 0.607464 0.607000 0.049887 0.064000
0 0.620780 0.557750 0.042011 0.056500
0 0.592648 0.517250 0.054014 0.065500
0 0.570705 0.459000 0.043886 0.068000
0 0.573143 0.401750 0.040510 0.058500
0 0.623218 0.361500 0.043136 0.061000
0 0.656227 0.321250 0.049137 0.058500
0 0.728432 0.294250 0.043511 0.057500
0 0.614404 0.455750 0.039760 0.066500
0 0.650225 0.620750 0.048387 0.066500
0 0.685296 0.618000 0.043511 0.061000
0 0.675731 0.559250 0.043136 0.064500
0 0.638785 0.501500 0.047262 0.053000
0 0.662041 0.436250 0.042761 0.065500
0 0.657727 0.385500 0.039385 0.060000
0 0.677419 0.497500 0.043511 0.059000
0 0.701050 0.369500 0.045011 0.064000
0 0.696924 0.439000 0.039010 0.061000
0 0.717742 0.537750 0.044636 0.058500
0 0.749437 0.596250 0.045761 0.062500
0 0.777944 0.574250 0.036009 0.073500
0 0.761628 0.518250 0.038635 0.060500
0 0.731245 0.474250 0.040885 0.065500
0 0.762566 0.460500 0.038260 0.059000
0 0.730495 0.413000 0.044636 0.057000
0 0.746999 0.348750 0.042386 0.062500
0 0.776257 0.313500 0.040135 0.060000
0 0.835334 0.318250 0.039760 0.063500
0 0.864404 0.348500 0.036384 0.062000
0 0.799325 0.349750 0.039760 0.043500
0 0.785259 0.387000 0.046887 0.059000
0 0.808140 0.413750 0.034134 0.056500
0 0.851650 0.401000 0.047637 0.057000
0 0.807577 0.473000 0.043511 0.052000
0 0.825769 0.462500 0.036384 0.058000
0 0.829520 0.517250 0.039385 0.061500
0 0.808140 0.555250 0.044636 0.058500