0 0.101275 0.231750 0.068267 0.085500
0 0.156227 0.186750 0.070143 0.091500
0 0.220930 0.213250 0.065266 0.077500
0 0.184921 0.281500 0.071268 0.074000
0 0.146474 0.352250 0.067892 0.077500
0 0.284134 0.098000 0.076894 0.082000
0 0.271193 0.181750 0.069767 0.075500
0 0.250000 0.294250 0.057389 0.081500
0 0.310203 0.247000 0.060765 0.086000
0 0.349587 0.202000 0.059265 0.082000
0 0.397224 0.132250 0.056264 0.079500
0 0.472431 0.111750 0.053638 0.082500
0 0.378282 0.268250 0.060390 0.084500
0 0.313953 0.331750 0.063766 0.077500
0 0.268755 0.368750 0.064891 0.072500
0 0.224681 0.416000 0.060765 0.074000
0 0.223931 0.485750 0.062266 0.080500
0 0.267817 0.443250 0.061515 0.083500
0 0.327644 0.404500 0.064141 0.071000
0 0.460428 0.195000 0.053638 0.070000
0 0.431358 0.258750 0.051763 0.080500
0 0.413353 0.331250 0.063016 0.078500
0 0.382596 0.384000 0.066017 0.077000
0 0.372093 0.459250 0.066017 0.076500
0 0.322768 0.491750 0.056639 0.068500
0 0.283196 0.554750 0.060765 0.072500
0 0.309452 0.608000 0.059265 0.076000
0 0.350525 0.554750 0.061140 0.075500
0 0.317142 0.698500 0.057389 0.071000
0 0.374156 0.635500 0.061890 0.078000
0 0.403038 0.576500 0.055889 0.077000
0 0.415229 0.505000 0.053263 0.078000
0 0.435109 0.444500 0.057014 0.067000
0 0.465866 0.509750 0.054014 0.071500
0 0.465116 0.374500 0.060015 0.081000
0 0.484809 0.310500 0.068642 0.083000
0 0.503938 0.238250 0.052138 0.075500
0 0.514629 0.179500 0.057014 0.067000
0 0.587022 0.157750 0.055514 0.076500
0 0.555326 0.237250 0.052888 0.076500
0 0.545761 0.304250 0.060765 0.075500
0 0.522693 0.375000 0.051388 0.077000
0 0.496999 0.438250 0.056264 0.066500
0 0.456114 0.569250 0.054764 0.065500
0 0.429857 0.628750 0.060015 0.067500
0 0.371718 0.699500 0.053263 0.067000
0 0.349400 0.779250 0.058890 0.059500
0 0.374344 0.827500 0.057014 0.067000
0 0.385409 0.886500 0.057389 0.067000
0 0.423856 0.813500 0.051013 0.057000
0 0.419730 0.773000 0.049512 0.072000
0 0.423106 0.694000 0.054764 0.074000
0 0.441673 0.889000 0.046887 0.072000
0 0.483496 0.914750 0.046512 0.067500
0 0.547449 0.940250 0.055139 0.062500
0 0.510690 0.858250 0.050638 0.058500
0 0.489685 0.814500 0.058890 0.073000
0 0.457427 0.748750 0.046137 0.071500
0 0.564329 0.843250 0.046887 0.059500
0 0.547262 0.801750 0.050263 0.070500
0 0.517629 0.759250 0.057014 0.071500
0 0.472431 0.689000 0.055889 0.074000
0 0.483496 0.628000 0.053263 0.070000
0 0.519505 0.573500 0.052513 0.082000
0 0.521380 0.502750 0.054764 0.075500
0 0.623031 0.851000 0.051763 0.058000
0 0.603151 0.783000 0.057014 0.066000
0 0.574644 0.732000 0.051763 0.056000
0 0.537697 0.702500 0.055139 0.075000
0 0.553076 0.631250 0.053638 0.062500
0 0.597899 0.674250 0.053263 0.062500
0 0.575019 0.557750 0.048762 0.070500
0 0.555514 0.431750 0.050263 0.068500
0 0.573893 0.360000 0.052513 0.081000
0 0.590210 0.310000 0.049887 0.076000
0 0.610840 0.240000 0.052888 0.079000
0 0.621343 0.176500 0.046137 0.077000
0 0.687547 0.241000 0.043511 0.082000
0 0.674044 0.276500 0.051763 0.077000
0 0.631845 0.347500 0.053638 0.074000
0 0.679857 0.352500 0.046137 0.075000
0 0.614966 0.414750 0.054389 0.069500
0 0.677232 0.424250 0.043136 0.073500
0 0.594899 0.492000 0.057014 0.072000
0 0.659977 0.490250 0.050638 0.072500
0 0.628470 0.538000 0.058890 0.069000
0 0.634659 0.616500 0.052513 0.067000
0 0.689047 0.553500 0.045011 0.067000
0 0.661290 0.682250 0.048012 0.072500
0 0.644411 0.749500 0.055514 0.060000
0 0.657539 0.795750 0.053263 0.064500
0 0.702926 0.767500 0.046512 0.065000
0 0.692611 0.708500 0.045386 0.077000
0 0.695236 0.624250 0.045386 0.068500
0 0.717179 0.669250 0.046512 0.075500
0 0.744186 0.722500 0.049512 0.073000
0 0.791260 0.704250 0.046887 0.064500
0 0.732746 0.601000 0.044636 0.076000
0 0.740435 0.532750 0.045011 0.072500
0 0.780570 0.645000 0.052513 0.074000
0 0.840960 0.669250 0.045011 0.064500
0 0.791260 0.556750 0.040885 0.071500
0 0.817517 0.600750 0.048387 0.069500
0 0.858027 0.616500 0.041635 0.071000
0 0.882971 0.617250 0.039010 0.072500
0 0.919730 0.596500 0.045011 0.063000
0 0.919917 0.523000 0.044636 0.066000
0 0.866842 0.543000 0.038260 0.073000
0 0.835709 0.542500 0.045761 0.069000
0 0.769505 0.477750 0.043886 0.074500
0 0.732746 0.431750 0.056639 0.070500
0 0.817517 0.463750 0.050638 0.075500
0 0.873406 0.467250 0.054389 0.071500
0 0.757877 0.368750 0.053638 0.072500
0 0.783571 0.410500 0.050263 0.075000
0 0.853151 0.403000 0.041635 0.074000
0 0.826332 0.361250 0.052513 0.077500
0 0.768192 0.308000 0.043511 0.068000