0 0.480495 0.118500 0.039010 0.048000
0 0.518942 0.116000 0.039385 0.057000
0 0.564516 0.114750 0.043511 0.055500
0 0.589085 0.149500 0.040885 0.055000
0 0.557014 0.051000 0.042761 0.054000
0 0.605964 0.096250 0.046887 0.058500
0 0.628657 0.134500 0.039760 0.059000
0 0.660728 0.143250 0.043886 0.067500
0 0.533758 0.173250 0.036009 0.051500
0 0.554764 0.197250 0.044261 0.061500
0 0.504126 0.171250 0.033008 0.058500
0 0.460615 0.184250 0.036759 0.048500
0 0.452926 0.220500 0.033383 0.059000
0 0.494561 0.246750 0.038635 0.053500
0 0.535634 0.248250 0.038260 0.053500
0 0.551200 0.293500 0.040135 0.054000
0 0.589647 0.229000 0.038260 0.059000
0 0.599212 0.288000 0.044636 0.053000
0 0.642536 0.209250 0.042761 0.057500
0 0.677044 0.227500 0.048012 0.057000
0 0.727682 0.193250 0.048012 0.064500
0 0.731995 0.258000 0.047637 0.067000
0 0.785634 0.250500 0.047637 0.069000
0 0.637659 0.269250 0.041260 0.054500
0 0.612528 0.327500 0.052513 0.058000
0 0.608777 0.381500 0.042761 0.055000
0 0.513878 0.299500 0.042761 0.058000
0 0.465866 0.277750 0.039760 0.048500
0 0.457989 0.337250 0.036759 0.062500
0 0.489122 0.342000 0.040510 0.053000
0 0.693173 0.338500 0.052513 0.074000
0 0.724681 0.388500 0.051763 0.068000
0 0.760315 0.348250 0.055514 0.061500
0 0.811890 0.335000 0.052888 0.069000
0 0.786009 0.403750 0.055889 0.069500
0 0.773818 0.476750 0.055514 0.069500
0 0.793323 0.511750 0.057764 0.080500
0 0.746249 0.535250 0.053638 0.073500
0 0.713428 0.483000 0.057014 0.065000
0 0.659415 0.463500 0.051013 0.063000
0 0.634284 0.430000 0.045011 0.061000
0 0.654539 0.374500 0.039010 0.069000
0 0.526444 0.376750 0.043136 0.061500
0 0.561140 0.411000 0.039010 0.063000
0 0.594524 0.444500 0.037509 0.059000
0 0.607464 0.488000 0.044636 0.067000
0 0.636909 0.524750 0.048012 0.063500
0 0.483308 0.388500 0.041635 0.066000
0 0.523068 0.432500 0.041635 0.059000
0 0.439985 0.393250 0.041260 0.056500
0 0.423106 0.431000 0.035259 0.055000
0 0.463616 0.477500 0.032258 0.057000
0 0.431920 0.497250 0.040885 0.054500
0 0.468305 0.534000 0.038635 0.060000
0 0.499625 0.487500 0.039010 0.059000
0 0.513878 0.541000 0.039760 0.058000
0 0.554201 0.500500 0.046137 0.065000
0 0.597524 0.550500 0.042011 0.061000
0 0.552138 0.573750 0.042761 0.059500
0 0.428732 0.558750 0.040510 0.054500
0 0.477119 0.575750 0.036759 0.059500
0 0.420480 0.609750 0.035259 0.056500
0 0.459115 0.623250 0.033758 0.062500
0 0.480308 0.642000 0.033383 0.067000
0 0.516317 0.602500 0.043136 0.061000
0 0.534134 0.657000 0.041260 0.063000
0 0.459302 0.683000 0.029632 0.060000
0 0.425356 0.663750 0.036009 0.062500
0 0.427232 0.719250 0.037509 0.061500
0 0.430233 0.780000 0.036759 0.061000
0 0.418042 0.814750 0.034134 0.062500
0 0.464741 0.806250 0.037509 0.062500
0 0.479557 0.742000 0.037884 0.060000
0 0.513128 0.775250 0.041260 0.065500
0 0.514066 0.709250 0.037884 0.060500
0 0.543698 0.735500 0.040885 0.055000
0 0.580833 0.740000 0.049137 0.064000
0 0.595461 0.681250 0.047637 0.068500
0 0.578582 0.630750 0.043136 0.061500
0 0.623781 0.605000 0.046512 0.065000
0 0.660728 0.599000 0.048387 0.069000
0 0.706489 0.589750 0.054389 0.064500
0 0.654351 0.658000 0.046137 0.065000
0 0.691485 0.688750 0.056639 0.077500
0 0.634471 0.736500 0.049137 0.074000
0 0.609152 0.788250 0.052513 0.072500
0 0.563016 0.797250 0.046512 0.079500
0 0.527944 0.831750 0.044636 0.072500
0 0.430045 0.869500 0.037884 0.060000
0 0.474306 0.878750 0.043136 0.068500
0 0.516317 0.923500 0.037884 0.074000
0 0.557764 0.886000 0.036009 0.071000
0 0.592648 0.939500 0.048012 0.066000
0 0.598087 0.872000 0.044636 0.077000
0 0.647599 0.870000 0.047637 0.077000
0 0.651163 0.940250 0.051763 0.069500
0 0.698612 0.838000 0.055889 0.082000
0 0.687922 0.762500 0.053263 0.078000
0 0.748500 0.878750 0.055889 0.079500
0 0.759377 0.806500 0.051388 0.076000
0 0.825206 0.788750 0.054764 0.082500
0 0.791635 0.717000 0.058890 0.080000
0 0.735371 0.732250 0.059640 0.079500
0 0.737622 0.656500 0.055139 0.078000
0 0.767442 0.604500 0.063016 0.079000
0 0.842648 0.600750 0.063391 0.078500