0 0.057014 0.265250 0.051763 0.062500
0 0.107839 0.270500 0.055139 0.070000
0 0.135596 0.194500 0.055139 0.064000
0 0.165604 0.252000 0.053638 0.077000
0 0.226182 0.178500 0.045761 0.077000
0 0.245686 0.256750 0.052513 0.067500
0 0.268755 0.311250 0.053638 0.084500
0 0.306264 0.240250 0.059640 0.079500
0 0.346399 0.264750 0.042386 0.080500
0 0.396099 0.281500 0.066017 0.069000
0 0.283196 0.118250 0.051763 0.084500
0 0.343398 0.162500 0.050638 0.078000
0 0.379782 0.201750 0.058890 0.073500
0 0.414666 0.136750 0.058140 0.078500
0 0.440548 0.192750 0.060390 0.079500
0 0.464929 0.264500 0.062641 0.081000
0 0.524194 0.245000 0.059640 0.070000
0 0.536947 0.134000 0.049137 0.087000
0 0.589835 0.158000 0.056639 0.089000
0 0.637659 0.160750 0.053263 0.073500
0 0.709302 0.164000 0.066017 0.084000
0 0.750188 0.201250 0.061515 0.079500
0 0.652288 0.229750 0.066017 0.066500
0 0.653038 0.291750 0.062266 0.086500
0 0.580270 0.268500 0.043511 0.081000
0 0.600338 0.335250 0.055889 0.077500
0 0.541073 0.339250 0.055139 0.078500
0 0.474119 0.352000 0.064516 0.082000
0 0.414291 0.383250 0.051388 0.084500
0 0.359152 0.356250 0.060390 0.071500
0 0.300825 0.396000 0.057764 0.064000
0 0.361590 0.419750 0.057764 0.072500
0 0.252813 0.370750 0.057764 0.078500
0 0.200300 0.312750 0.057764 0.075500
0 0.151538 0.322500 0.054014 0.078000
0 0.096962 0.353500 0.060390 0.070000
0 0.119467 0.397250 0.064141 0.073500
0 0.175544 0.391750 0.048012 0.086500
0 0.037134 0.332250 0.057014 0.068500
0 0.035446 0.397750 0.051388 0.072500
0 0.062453 0.442000 0.060390 0.078000
0 0.040885 0.471750 0.053263 0.073500
0 0.044449 0.548000 0.058890 0.088000
0 0.101275 0.519000 0.051763 0.081000
0 0.109527 0.583000 0.063766 0.071000
0 0.142536 0.643250 0.050263 0.078500
0 0.151163 0.553500 0.051763 0.077000
0 0.152101 0.475500 0.051388 0.076000
0 0.212678 0.458750 0.048012 0.071500
0 0.225806 0.525000 0.054014 0.076000
0 0.230308 0.608250 0.056264 0.087500
0 0.205926 0.670750 0.057764 0.061500
0 0.255251 0.698500 0.049887 0.076000
0 0.314141 0.679750 0.058890 0.079500
0 0.336084 0.760250 0.057764 0.073500
0 0.393098 0.801250 0.069017 0.078500
0 0.386722 0.718750 0.052513 0.079500
0 0.347524 0.645750 0.058890 0.080500
0 0.313953 0.592500 0.062266 0.076000
0 0.278132 0.524500 0.063391 0.070000
0 0.285821 0.463500 0.057014 0.071000
0 0.332333 0.514750 0.056264 0.067500
0 0.379032 0.504750 0.053638 0.085500
0 0.401163 0.573500 0.050638 0.081000
0 0.434359 0.630750 0.060765 0.079500
0 0.440923 0.532750 0.058140 0.079500
0 0.462303 0.460500 0.064141 0.089000
0 0.521568 0.450500 0.059640 0.088000
0 0.578957 0.484750 0.058890 0.084500
0 0.574081 0.401250 0.055889 0.072500
0 0.638222 0.428750 0.061890 0.078500
0 0.689047 0.480000 0.060765 0.077000
0 0.724681 0.285750 0.057014 0.077500
0 0.723556 0.365250 0.060765 0.086500
0 0.778882 0.379750 0.058890 0.086500
0 0.820893 0.397250 0.054389 0.078500
0 0.804951 0.320500 0.057014 0.087000
0 0.851275 0.337500 0.049887 0.077000
0 0.888222 0.418250 0.062266 0.091500
0 0.912791 0.497250 0.067892 0.073500
0 0.845274 0.475000 0.055889 0.080000
0 0.795011 0.478750 0.058890 0.079500
0 0.749437 0.453500 0.060015 0.087000
0 0.730870 0.538500 0.067892 0.076000
0 0.793323 0.548000 0.058515 0.083000
0 0.841898 0.581750 0.067892 0.080500
0 0.923106 0.646750 0.066767 0.090500
0 0.837584 0.654000 0.060765 0.083000
0 0.800638 0.691000 0.056639 0.082000
0 0.750188 0.625750 0.054014 0.089500
0 0.693736 0.598500 0.055139 0.083000
0 0.640473 0.573250 0.060390 0.083500
0 0.504126 0.533500 0.052513 0.076000
0 0.545011 0.566000 0.061515 0.086000
0 0.584209 0.625250 0.067892 0.066500
0 0.485371 0.599250 0.057764 0.079500
0 0.498875 0.690750 0.061515 0.079500
0 0.557202 0.678250 0.053638 0.078500
0 0.474869 0.766250 0.057014 0.087500
0 0.533196 0.753750 0.059640 0.084500
0 0.444674 0.855000 0.059640 0.065000
0 0.510690 0.841750 0.052138 0.067500
0 0.581208 0.836750 0.061140 0.072500
0 0.606152 0.753500 0.057014 0.082000
0 0.654914 0.667250 0.060765 0.078500
0 0.657352 0.737750 0.067142 0.067500
0 0.650975 0.810250 0.059640 0.082500
0 0.704239 0.797250 0.061890 0.079500
0 0.713241 0.692000 0.059640 0.077000
0 0.753563 0.753500 0.058515 0.070000
0 0.437922 0.710250 0.058140 0.070500