0 0.076707 0.558500 0.053638 0.073000
0 0.106714 0.662500 0.054389 0.099000
0 0.156602 0.707500 0.055889 0.084000
0 0.162978 0.638000 0.064891 0.076000
0 0.230683 0.644750 0.053263 0.078500
0 0.259752 0.708750 0.064141 0.081500
0 0.135784 0.573750 0.051763 0.072500
0 0.092836 0.477000 0.063391 0.078000
0 0.151725 0.507000 0.050638 0.071000
0 0.186047 0.562750 0.054014 0.071500
0 0.244936 0.575750 0.059265 0.077500
0 0.301763 0.568000 0.061140 0.075000
0 0.289760 0.640250 0.049887 0.085500
0 0.327644 0.709000 0.058140 0.095000
0 0.342648 0.631500 0.060390 0.085000
0 0.388785 0.692250 0.061890 0.086500
0 0.403413 0.608250 0.056639 0.079500
0 0.449175 0.681500 0.053638 0.086000
0 0.503751 0.658000 0.069017 0.085000
0 0.569392 0.665500 0.064516 0.079000
0 0.636159 0.644750 0.066017 0.079500
0 0.604839 0.569750 0.070143 0.078500
0 0.538260 0.591500 0.066017 0.080000
0 0.469617 0.592250 0.059265 0.077500
0 0.359902 0.551250 0.056639 0.079500
0 0.436797 0.502000 0.059640 0.088000
0 0.499625 0.520000 0.060015 0.086000
0 0.557202 0.513250 0.064141 0.077500
0 0.643098 0.495250 0.061140 0.082500
0 0.606527 0.435250 0.059265 0.078500
0 0.548387 0.438500 0.060765 0.084000
0 0.484621 0.442250 0.060015 0.073500
0 0.420293 0.429500 0.059640 0.064000
0 0.352776 0.468250 0.070143 0.076500
0 0.295011 0.493750 0.060390 0.072500
0 0.210990 0.493250 0.061140 0.066500
0 0.123781 0.416250 0.053263 0.070500
0 0.150038 0.358000 0.059265 0.066000
0 0.166729 0.435750 0.057389 0.072500
0 0.204801 0.378500 0.055514 0.072000
0 0.219055 0.313000 0.054764 0.069000
0 0.255439 0.375250 0.055514 0.084500
0 0.256939 0.454500 0.060765 0.078000
0 0.301763 0.422250 0.057389 0.076500
0 0.361028 0.397500 0.061890 0.075000
0 0.271380 0.306250 0.046887 0.075500
0 0.298762 0.333500 0.049137 0.087000
0 0.350525 0.325500 0.058140 0.075000
0 0.407164 0.348750 0.056639 0.076500
0 0.468492 0.374750 0.055514 0.068500
0 0.527007 0.359250 0.057764 0.072500
0 0.587959 0.359250 0.058890 0.088500
0 0.645536 0.331000 0.059265 0.086000
0 0.589647 0.267250 0.060765 0.084500
0 0.523443 0.240000 0.058140 0.089000
0 0.476369 0.234000 0.055514 0.077000
0 0.468492 0.300250 0.055514 0.076500
0 0.411665 0.276250 0.063391 0.090500
0 0.349775 0.250500 0.061890 0.081000
0 0.307952 0.264250 0.048012 0.075500
0 0.344711 0.188000 0.062266 0.070000
0 0.418417 0.196500 0.063391 0.070000
0 0.718680 0.360750 0.065266 0.084500
0 0.801763 0.361750 0.063391 0.089500
0 0.862903 0.383750 0.064141 0.089500
0 0.670293 0.405750 0.067517 0.083500
0 0.752626 0.425000 0.064891 0.087000
0 0.811140 0.456500 0.063391 0.088000
0 0.868342 0.471500 0.057014 0.083000
0 0.677607 0.583750 0.063391 0.086500
0 0.703676 0.666000 0.070518 0.084000
0 0.755064 0.634000 0.063016 0.089000
0 0.705364 0.475750 0.068642 0.086500
0 0.734059 0.548000 0.064516 0.083000
0 0.800638 0.557000 0.060390 0.094000
0 0.852213 0.574000 0.059265 0.094000
0 0.898162 0.667000 0.070893 0.082000
0 0.824831 0.639500 0.066767 0.086000
0 0.771005 0.708500 0.066392 0.082000
0 0.853901 0.738500 0.067892 0.086000