0 0.246249 0.772000 0.034884 0.038000
0 0.321268 0.753500 0.034134 0.046000
0 0.361215 0.749750 0.030758 0.035500
0 0.348650 0.807750 0.036384 0.034500
0 0.392723 0.750250 0.033758 0.038500
0 0.426669 0.799750 0.034134 0.042500
0 0.471680 0.788750 0.034884 0.036500
0 0.495499 0.711500 0.033008 0.033000
0 0.463428 0.744500 0.029632 0.032000
0 0.453863 0.703000 0.030008 0.037000
0 0.422356 0.709500 0.034509 0.037000
0 0.404726 0.698500 0.033008 0.038000
0 0.328020 0.719000 0.036384 0.032000
0 0.246999 0.712500 0.035634 0.033000
0 0.232183 0.678500 0.036009 0.035000
0 0.277757 0.679500 0.037884 0.034000
0 0.292198 0.694250 0.028507 0.035500
0 0.271568 0.648750 0.032258 0.034500
0 0.308327 0.640750 0.036009 0.038500
0 0.343586 0.639750 0.030758 0.031500
0 0.367404 0.652500 0.032633 0.038000
0 0.386534 0.640750 0.034134 0.035500
0 0.425169 0.624750 0.031883 0.038500
0 0.435296 0.657750 0.030383 0.038500
0 0.487622 0.655500 0.033008 0.037000
0 0.458740 0.628250 0.024756 0.037500
0 0.500563 0.570250 0.028132 0.037500
0 0.444861 0.585750 0.036009 0.046500
0 0.419355 0.565250 0.035259 0.041500
0 0.405476 0.597000 0.029257 0.036000
0 0.373593 0.582250 0.032258 0.034500
0 0.274944 0.612500 0.036009 0.035000
0 0.246249 0.601750 0.031883 0.037500
0 0.200488 0.610250 0.028132 0.042500
0 0.159790 0.644250 0.037509 0.037500
0 0.133908 0.568750 0.029257 0.039500
0 0.137847 0.537500 0.034884 0.045000
0 0.169917 0.563000 0.033008 0.043000
0 0.210053 0.563750 0.033758 0.039500
0 0.183796 0.523250 0.039760 0.035500
0 0.257502 0.531000 0.031133 0.045000
0 0.286009 0.542250 0.034134 0.045500
0 0.310765 0.574000 0.031133 0.041000
0 0.328207 0.545500 0.033758 0.042000
0 0.360465 0.558000 0.029257 0.039000
0 0.487059 0.517750 0.027382 0.044500
0 0.454426 0.496000 0.028882 0.040000
0 0.420293 0.496250 0.037134 0.041500
0 0.376594 0.502000 0.032258 0.042000
0 0.212678 0.451500 0.035259 0.041000
0 0.226557 0.482000 0.041260 0.045000
0 0.246249 0.441000 0.038635 0.046000
0 0.268380 0.481000 0.031133 0.042000
0 0.304389 0.461750 0.035634 0.042500
0 0.326519 0.443500 0.031133 0.044000
0 0.356152 0.464000 0.039385 0.039000
0 0.393473 0.454500 0.033758 0.041000
0 0.438110 0.450250 0.032258 0.038500
0 0.474869 0.464000 0.036009 0.045000
0 0.500563 0.422500 0.032633 0.046000
0 0.458177 0.419500 0.034134 0.044000
0 0.360653 0.429250 0.036384 0.044500
0 0.292198 0.423750 0.032258 0.043500
0 0.242873 0.391500 0.028882 0.047000
0 0.302701 0.390500 0.039010 0.041000
0 0.378845 0.391250 0.035259 0.043500
0 0.418230 0.402750 0.033008 0.043500
0 0.489310 0.358000 0.036384 0.038000
0 0.448425 0.373500 0.040135 0.048000
0 0.415229 0.364500 0.032258 0.038000
0 0.210990 0.322000 0.033383 0.046000
0 0.257314 0.352000 0.039010 0.051000
0 0.246999 0.306500 0.032633 0.048000
0 0.318642 0.322750 0.033383 0.044500
0 0.349962 0.352750 0.037509 0.042500
0 0.378657 0.343000 0.038635 0.044000
0 0.410728 0.328500 0.036009 0.049000
0 0.455926 0.311250 0.037134 0.050500
0 0.281133 0.268750 0.036384 0.041500
0 0.317517 0.277750 0.033383 0.049500
0 0.354089 0.219750 0.028507 0.045500
0 0.375656 0.251250 0.035634 0.049500
0 0.427419 0.229250 0.037884 0.052500
0 0.454989 0.257250 0.034509 0.049500
0 0.488747 0.234250 0.036759 0.051500
0 0.452176 0.198000 0.046137 0.057000
0 0.398162 0.192250 0.036384 0.048500
0 0.291073 0.169500 0.033008 0.046000
0 0.348087 0.130750 0.033008 0.052500
0 0.432108 0.167000 0.030758 0.046000
0 0.470930 0.151000 0.032633 0.044000
0 0.514441 0.153250 0.038635 0.055500
0 0.566017 0.140000 0.041260 0.046000
0 0.626407 0.140250 0.037509 0.058500
0 0.668230 0.150500 0.036384 0.055000
0 0.697674 0.183000 0.034509 0.048000
0 0.793886 0.192750 0.036384 0.054500
0 0.541073 0.173500 0.037884 0.056000
0 0.576894 0.182250 0.039010 0.050500
0 0.626969 0.204250 0.041635 0.051500
0 0.520068 0.235000 0.033383 0.053000
0 0.560953 0.229250 0.037134 0.044500
0 0.597899 0.247500 0.033758 0.046000
0 0.634471 0.258750 0.038635 0.050500
0 0.727307 0.232750 0.033758 0.047500
0 0.763128 0.242500 0.036384 0.049000
0 0.822393 0.250750 0.037884 0.050500
0 0.757314 0.311500 0.038260 0.052000
0 0.715116 0.285000 0.035634 0.050000
0 0.674231 0.279000 0.034884 0.046000
0 0.604651 0.281000 0.033758 0.043000
0 0.554951 0.270250 0.032633 0.045500
0 0.526819 0.284750 0.035634 0.052500
0 0.532258 0.326000 0.036759 0.044000
0 0.564704 0.318000 0.032633 0.048000
0 0.598087 0.321750 0.031883 0.042500
0 0.644411 0.311000 0.041260 0.049000
0 0.702551 0.331000 0.036759 0.053000
0 0.738372 0.338250 0.030383 0.042500
0 0.777007 0.332500 0.029632 0.045000
0 0.801575 0.342750 0.033758 0.044500
0 0.812453 0.406250 0.028507 0.038500
0 0.792761 0.388250 0.031133 0.052500
0 0.719055 0.379500 0.033008 0.040000
0 0.704051 0.375000 0.034509 0.042000
0 0.640285 0.355250 0.036009 0.043500
0 0.658477 0.382250 0.033383 0.042500
0 0.608215 0.382000 0.032633 0.054000
0 0.556452 0.366750 0.029632 0.042500
0 0.578395 0.397500 0.030008 0.040000
0 0.549137 0.406500 0.036009 0.045000
0 0.521005 0.397750 0.034509 0.051500
0 0.525506 0.470250 0.037509 0.039500
0 0.569580 0.454500 0.038635 0.042000
0 0.609902 0.450750 0.034509 0.040500
0 0.630908 0.411500 0.035259 0.042000
0 0.682858 0.443500 0.033383 0.051000
0 0.697299 0.457000 0.021005 0.040000
0 0.727494 0.428250 0.034884 0.042500
0 0.780008 0.430000 0.038635 0.038000
0 0.834396 0.439500 0.027382 0.046000
0 0.809640 0.449750 0.040135 0.048500
0 0.757689 0.463500 0.035259 0.044000
0 0.655101 0.484750 0.039385 0.044500
0 0.598462 0.481750 0.032633 0.040500
0 0.567704 0.498250 0.036384 0.040500
0 0.530945 0.500250 0.034134 0.038500
0 0.522506 0.554000 0.031508 0.044000
0 0.568080 0.556250 0.033383 0.041500
0 0.604276 0.557500 0.034509 0.041000
0 0.628470 0.503000 0.034884 0.040000
0 0.660353 0.529750 0.032633 0.035500
0 0.704801 0.520000 0.034509 0.045000
0 0.739497 0.518500 0.030383 0.044000
0 0.790698 0.499750 0.033008 0.048500
0 0.801388 0.527250 0.030383 0.050500
0 0.775319 0.541250 0.029257 0.042500
0 0.639347 0.569250 0.035634 0.042500
0 0.657914 0.570750 0.024006 0.039500
0 0.536947 0.595750 0.034884 0.042500
0 0.505064 0.628500 0.033383 0.039000
0 0.581583 0.614750 0.036384 0.051500
0 0.608402 0.614500 0.030758 0.034000
0 0.647224 0.630750 0.033383 0.042500
0 0.698800 0.598500 0.029257 0.044000
0 0.714366 0.572000 0.028882 0.044000
0 0.741185 0.585750 0.036759 0.045500
0 0.781133 0.574750 0.034884 0.040500
0 0.745124 0.605500 0.035634 0.038000
0 0.749437 0.635250 0.032258 0.039500
0 0.709677 0.644000 0.024756 0.035000
0 0.684171 0.654250 0.033008 0.039500
0 0.649100 0.654500 0.027382 0.035000
0 0.549700 0.649250 0.029632 0.039500
0 0.524194 0.666750 0.032633 0.034500
0 0.557202 0.671000 0.031883 0.022000
0 0.623781 0.680000 0.027007 0.031000
0 0.685484 0.688750 0.033383 0.034500
0 0.809640 0.655250 0.040135 0.041500
0 0.783196 0.727000 0.036009 0.042000
0 0.722993 0.700750 0.031133 0.034500
0 0.735184 0.710750 0.026257 0.031500
0 0.645724 0.709000 0.034134 0.043000
0 0.600713 0.697000 0.033383 0.037000
0 0.564704 0.709000 0.032633 0.038000
0 0.541823 0.731750 0.037884 0.038500
0 0.506377 0.745750 0.030758 0.035500
0 0.575956 0.756000 0.027382 0.040000
0 0.602213 0.736250 0.034134 0.044500
0 0.656977 0.750750 0.029632 0.034500
0 0.686797 0.735500 0.030758 0.038000
0 0.710615 0.743000 0.026632 0.028000
0 0.798012 0.784750 0.029632 0.039500
0 0.761253 0.774250 0.031133 0.036500
0 0.708177 0.759750 0.021755 0.028500
0 0.687734 0.769750 0.031133 0.027500
0 0.649475 0.774250 0.027382 0.029500
0 0.616654 0.789500 0.028507 0.039000
0 0.584021 0.780000 0.025506 0.030000
0 0.546137 0.789000 0.028507 0.036000
0 0.590960 0.827000 0.028882 0.036000
0 0.655851 0.887250 0.032633 0.039500
0 0.694299 0.828500 0.024756 0.034000
0 0.722243 0.807250 0.023631 0.031500
0 0.680795 0.786250 0.023256 0.014500
0 0.847337 0.716000 0.029257 0.033000
0 0.836834 0.630250 0.037509 0.042500
0 0.850338 0.663500 0.026257 0.043000
0 0.868342 0.665500 0.018005 0.039000
0 0.852588 0.614000 0.024756 0.041000
0 0.875656 0.603750 0.031883 0.040500
0 0.840023 0.569000 0.035634 0.037000
0 0.846774 0.534750 0.034884 0.042500
0 0.808327 0.477500 0.030008 0.029000
0 0.846962 0.479000 0.033758 0.045000
0 0.867967 0.503000 0.030758 0.034000
0 0.882408 0.449250 0.034884 0.037500
0 0.879595 0.422250 0.037509 0.053500
0 0.852588 0.406750 0.035259 0.047500
0 0.883158 0.357000 0.037134 0.041000
0 0.850900 0.339000 0.040135 0.045000
0 0.890660 0.313000 0.040135 0.045000
0 0.845274 0.297500 0.031883 0.049000
0 0.915229 0.260000 0.032258 0.053000