0 0.107557 0.110500 0.069959 0.098000
0 0.172278 0.075250 0.068462 0.085500
0 0.242237 0.061250 0.066218 0.091500
0 0.309203 0.116000 0.060232 0.086000
0 0.360831 0.151500 0.054246 0.098000
0 0.398990 0.093500 0.069211 0.080000
0 0.471006 0.122000 0.059858 0.092000
0 0.529368 0.156250 0.068088 0.090500
0 0.590722 0.225750 0.055368 0.077500
0 0.534231 0.248750 0.061354 0.073500
0 0.485597 0.272000 0.049383 0.080000
0 0.479798 0.196250 0.059484 0.073500
0 0.422933 0.166500 0.062477 0.082000
0 0.309951 0.185250 0.066966 0.064500
0 0.243547 0.156500 0.065095 0.078000
0 0.180135 0.169750 0.064721 0.086500
0 0.141788 0.213250 0.053124 0.078500
0 0.074448 0.185750 0.062103 0.078500
0 0.050505 0.291750 0.061354 0.065500
0 0.103068 0.261250 0.053498 0.080500
0 0.166480 0.283750 0.056865 0.062500
0 0.223906 0.301750 0.055743 0.075500
0 0.235503 0.222500 0.066218 0.077000
0 0.282828 0.279250 0.053124 0.076500
0 0.329779 0.265000 0.054246 0.076000
0 0.391508 0.250750 0.057239 0.084500
0 0.436214 0.317250 0.058361 0.073500
0 0.538908 0.314250 0.052750 0.067500
0 0.580247 0.376000 0.053124 0.070000
0 0.525814 0.377750 0.050505 0.063500
0 0.480920 0.361500 0.045267 0.074000
0 0.418257 0.390000 0.051627 0.070000
0 0.369061 0.317000 0.046016 0.074000
0 0.369622 0.380500 0.048634 0.071000
0 0.317808 0.337000 0.057987 0.083000
0 0.266929 0.360250 0.059484 0.064500
0 0.200150 0.356500 0.055368 0.067000
0 0.120090 0.341250 0.058361 0.074500
0 0.061541 0.367000 0.058736 0.071000
0 0.052189 0.417750 0.050505 0.058500
0 0.099327 0.445250 0.060980 0.065500
0 0.149270 0.401750 0.053872 0.066500
0 0.198092 0.431000 0.058736 0.059000
0 0.306023 0.414000 0.050131 0.075000
0 0.457912 0.419500 0.053124 0.066000
0 0.529929 0.431250 0.059484 0.057500
0 0.589413 0.443250 0.052750 0.061500
0 0.600075 0.497750 0.050131 0.055500
0 0.547325 0.490000 0.052376 0.070000
0 0.508605 0.512000 0.044519 0.064000
0 0.465582 0.478000 0.046764 0.058000
0 0.413767 0.501500 0.043397 0.065000
0 0.378601 0.449500 0.047886 0.064000
0 0.329405 0.476500 0.052750 0.065000
0 0.267116 0.462250 0.053124 0.070500
0 0.226337 0.482750 0.046390 0.062500
0 0.166293 0.477250 0.055743 0.060500
0 0.119903 0.513500 0.057239 0.059000
0 0.066779 0.486750 0.054994 0.054500
0 0.096521 0.540750 0.046390 0.057500
0 0.152637 0.553750 0.053872 0.056500
0 0.183502 0.534000 0.053498 0.061000
0 0.235503 0.558500 0.049757 0.061000
0 0.266554 0.521000 0.046764 0.060000
0 0.312757 0.538250 0.052376 0.062500
0 0.365320 0.511250 0.048260 0.050500
0 0.380284 0.559750 0.042275 0.059500
0 0.427235 0.538750 0.050131 0.052500
0 0.467826 0.555500 0.043771 0.054000
0 0.511785 0.564750 0.045642 0.065500
0 0.567901 0.595500 0.046390 0.052000
0 0.606435 0.555500 0.049383 0.054000
0 0.606248 0.597750 0.049009 0.050500
0 0.572578 0.649000 0.044519 0.059000
0 0.579873 0.693000 0.040404 0.046000
0 0.586794 0.729750 0.042275 0.038500
0 0.543771 0.728750 0.042275 0.044500
0 0.540217 0.688250 0.041152 0.042500
0 0.522260 0.623500 0.041900 0.052000
0 0.483352 0.618500 0.046390 0.056000
0 0.490647 0.663000 0.043771 0.044000
0 0.503741 0.714750 0.038533 0.054500
0 0.415264 0.606000 0.045642 0.057000
0 0.440703 0.657250 0.047886 0.055500
0 0.459596 0.704000 0.038533 0.054000
0 0.372054 0.600000 0.039282 0.059000
0 0.390011 0.651000 0.045267 0.054000
0 0.415638 0.702250 0.040404 0.060500
0 0.368500 0.709000 0.044893 0.054000
0 0.350355 0.654500 0.040030 0.051000
0 0.324355 0.585750 0.049383 0.054500
0 0.284325 0.580750 0.046390 0.062500
0 0.302095 0.628500 0.044519 0.055000
0 0.317621 0.703250 0.046390 0.051500
0 0.235690 0.559250 0.043397 0.059500
0 0.244295 0.619750 0.048634 0.047500
0 0.252338 0.668250 0.043771 0.054500
0 0.189862 0.600250 0.050505 0.043500
0 0.207819 0.652000 0.046016 0.062000
0 0.157688 0.627500 0.049009 0.053000
0 0.106809 0.593000 0.045267 0.058000
0 0.645342 0.269500 0.055368 0.079000
0 0.690049 0.310250 0.049009 0.073500
0 0.611672 0.328250 0.056117 0.074500
0 0.645716 0.339500 0.050131 0.072000
0 0.718668 0.356500 0.047138 0.075000
0 0.782454 0.345250 0.052750 0.073500
0 0.814067 0.393250 0.044893 0.062500
0 0.866068 0.374000 0.049383 0.069000
0 0.745043 0.408750 0.050505 0.062500
0 0.674336 0.400500 0.046764 0.066000
0 0.621025 0.408500 0.050131 0.070000
0 0.633745 0.457000 0.047138 0.058000
0 0.694725 0.447750 0.051627 0.058500
0 0.772727 0.460000 0.050505 0.062000
0 0.842499 0.475500 0.052376 0.060000
0 0.887579 0.427250 0.052001 0.055500
0 0.911710 0.463750 0.046390 0.060500
0 0.913206 0.506500 0.044893 0.048000
0 0.874111 0.513000 0.043023 0.056000
0 0.799476 0.503250 0.051627 0.046500
0 0.727647 0.481750 0.046390 0.060500
0 0.677329 0.490750 0.057987 0.061500
0 0.646091 0.539000 0.047886 0.054000
0 0.707445 0.548750 0.050131 0.058500
0 0.748784 0.528500 0.044519 0.057000
0 0.783015 0.553500 0.043397 0.058000
0 0.827535 0.554250 0.045642 0.055500
0 0.878414 0.574500 0.044145 0.059000
0 0.920501 0.561500 0.041526 0.061000
0 0.907969 0.632000 0.038159 0.060000
0 0.866442 0.621250 0.041900 0.048500
0 0.828844 0.602000 0.046764 0.055000
0 0.789936 0.616000 0.046016 0.059000
0 0.742985 0.584500 0.041152 0.044000
0 0.687991 0.592250 0.038908 0.049500
0 0.648896 0.591500 0.043771 0.058000
0 0.615226 0.664250 0.046016 0.050500
0 0.670034 0.639750 0.046390 0.049500
0 0.715675 0.631750 0.039656 0.052500
0 0.752899 0.649250 0.038533 0.045500
0 0.800412 0.644500 0.045267 0.042000
0 0.838010 0.672750 0.039656 0.050500
0 0.879349 0.665250 0.041526 0.052500
0 0.843434 0.699750 0.042275 0.040500
0 0.805836 0.707750 0.034418 0.049500
0 0.821736 0.747500 0.032548 0.045000
0 0.770296 0.710500 0.038159 0.059000
0 0.720352 0.688500 0.037037 0.044000
0 0.663113 0.693000 0.038533 0.043000
0 0.624766 0.701000 0.038159 0.046000
0 0.628694 0.737000 0.038533 0.043000
0 0.657314 0.752750 0.037411 0.043500
0 0.690610 0.724500 0.043397 0.037000
0 0.733259 0.729250 0.039656 0.041500
0 0.771044 0.742000 0.039656 0.034000
0 0.787505 0.781500 0.043397 0.034000
0 0.737187 0.788250 0.037785 0.033500
0 0.698279 0.764500 0.041526 0.043000