0 0.089085 0.360500 0.058140 0.070000
0 0.116279 0.340000 0.070518 0.087000
0 0.166542 0.404250 0.060765 0.078500
0 0.130533 0.486000 0.057014 0.074000
0 0.095649 0.529250 0.065266 0.067500
0 0.085709 0.574500 0.063391 0.059000
0 0.134471 0.615500 0.054389 0.071000
0 0.089835 0.660250 0.055139 0.066500
0 0.136722 0.683000 0.049887 0.059000
0 0.047637 0.754750 0.048762 0.074500
0 0.096962 0.791500 0.049887 0.064000
0 0.138972 0.741500 0.050638 0.067000
0 0.171043 0.789750 0.049512 0.055500
0 0.188297 0.729500 0.053263 0.070000
0 0.210053 0.661500 0.053263 0.064000
0 0.258627 0.666000 0.049887 0.059000
0 0.183983 0.601500 0.054389 0.060000
0 0.188297 0.535750 0.058515 0.073500
0 0.256939 0.527000 0.051763 0.075000
0 0.251688 0.595000 0.053263 0.066000
0 0.291823 0.560500 0.043511 0.072000
0 0.300075 0.622500 0.054014 0.059000
0 0.211365 0.464000 0.050638 0.082000
0 0.262378 0.462500 0.055139 0.069000
0 0.310765 0.495750 0.058140 0.067500
0 0.340960 0.540000 0.053263 0.070000
0 0.355964 0.602250 0.054014 0.066500
0 0.225806 0.387500 0.054014 0.083000
0 0.240248 0.284000 0.059640 0.088000
0 0.273256 0.348000 0.049887 0.078000
0 0.302888 0.258500 0.055139 0.081000
0 0.344711 0.332750 0.048012 0.079500
0 0.386722 0.323000 0.057764 0.082000
0 0.416167 0.382250 0.047637 0.079500
0 0.327082 0.415250 0.052513 0.078500
0 0.377344 0.447250 0.057014 0.074500
0 0.433796 0.452250 0.055889 0.062500
0 0.463991 0.402250 0.051763 0.068500
0 0.453301 0.340500 0.056639 0.071000
0 0.493436 0.460000 0.055889 0.069000
0 0.456864 0.534250 0.048012 0.073500
0 0.506564 0.524500 0.057389 0.070000
0 0.406039 0.563250 0.055139 0.072500
0 0.403038 0.648000 0.054389 0.074000
0 0.451800 0.604750 0.046887 0.059500
0 0.510128 0.598750 0.048012 0.078500
0 0.496812 0.643250 0.055139 0.066500
0 0.455926 0.678750 0.049887 0.062500
0 0.485371 0.728250 0.047262 0.072500
0 0.457427 0.787750 0.050638 0.068500
0 0.380345 0.725250 0.047262 0.061500
0 0.402476 0.784250 0.048012 0.073500
0 0.332333 0.699250 0.048762 0.072500
0 0.291448 0.727500 0.051763 0.074000
0 0.254689 0.786750 0.052513 0.068500
0 0.304014 0.791500 0.049887 0.066000
0 0.347337 0.784500 0.048012 0.064000
0 0.346962 0.823250 0.048762 0.049500
0 0.537509 0.695250 0.048012 0.054500
0 0.573143 0.756500 0.043511 0.064000
0 0.599587 0.829500 0.049887 0.065000
0 0.594711 0.713750 0.049137 0.065500
0 0.662603 0.732500 0.054389 0.066000
0 0.581958 0.648750 0.050638 0.072500
0 0.560015 0.574750 0.055514 0.068500
0 0.605589 0.600250 0.054389 0.062500
0 0.657539 0.667250 0.048012 0.075500
0 0.708740 0.645250 0.050638 0.062500
0 0.665791 0.595500 0.057014 0.070000
0 0.619655 0.548500 0.049512 0.060000
0 0.574831 0.501500 0.050638 0.058000
0 0.547074 0.440250 0.059640 0.074500
0 0.521943 0.383500 0.049887 0.070000
0 0.440173 0.252000 0.059640 0.075000
0 0.375281 0.234250 0.062641 0.073500
0 0.418042 0.188750 0.051388 0.066500
0 0.480308 0.149500 0.049887 0.087000
0 0.507877 0.250000 0.057764 0.076000
0 0.520443 0.315750 0.055889 0.077500
0 0.570330 0.366750 0.050638 0.084500
0 0.612903 0.413500 0.050263 0.072000
0 0.628845 0.484250 0.055139 0.072500
0 0.678920 0.491500 0.052513 0.069000
0 0.742873 0.488500 0.058890 0.075000
0 0.799325 0.552250 0.056264 0.079500
0 0.807764 0.591750 0.056639 0.050500
0 0.843961 0.539500 0.048012 0.076000
0 0.816392 0.483500 0.058140 0.060000
0 0.873031 0.480500 0.055139 0.069000
0 0.788822 0.428500 0.060765 0.064000
0 0.834959 0.422250 0.051763 0.067500
0 0.816392 0.370750 0.059640 0.075500
0 0.762941 0.367000 0.057764 0.066000
0 0.722243 0.424750 0.059640 0.068500
0 0.656414 0.411000 0.047262 0.075000
0 0.634096 0.345500 0.051388 0.064000
0 0.690735 0.355750 0.054389 0.072500
0 0.575394 0.292750 0.046512 0.062500
0 0.578957 0.221250 0.053638 0.070500
0 0.632783 0.271250 0.061515 0.072500
0 0.675731 0.214000 0.055139 0.081000
0 0.755814 0.230500 0.056264 0.077000
0 0.822206 0.238750 0.060765 0.079500
0 0.678170 0.294000 0.048762 0.082000
0 0.739872 0.300750 0.055139 0.078500
0 0.798012 0.299750 0.058890 0.078500
0 0.847524 0.308000 0.055139 0.081000
0 0.724494 0.579250 0.046137 0.075500