0 0.108965 0.530000 0.052888 0.063000
0 0.113841 0.599000 0.049887 0.061000
0 0.160540 0.475500 0.050263 0.068000
0 0.158477 0.536250 0.051388 0.065500
0 0.168980 0.610250 0.053638 0.051500
0 0.157539 0.662750 0.046512 0.067500
0 0.171043 0.733750 0.048012 0.058500
0 0.212303 0.758750 0.049512 0.057500
0 0.216242 0.709000 0.047637 0.060000
0 0.242123 0.810250 0.051388 0.062500
0 0.180983 0.416000 0.052888 0.061000
0 0.207989 0.378250 0.047637 0.064500
0 0.237247 0.310500 0.049137 0.065000
0 0.278320 0.294250 0.049512 0.061500
0 0.261253 0.369250 0.053638 0.069500
0 0.237809 0.446000 0.046512 0.063000
0 0.206864 0.492250 0.044636 0.064500
0 0.220930 0.563000 0.050263 0.063000
0 0.262753 0.477250 0.050638 0.066500
0 0.280758 0.426000 0.052888 0.062000
0 0.323706 0.261750 0.055514 0.068500
0 0.316767 0.345500 0.051388 0.066000
0 0.267442 0.549250 0.044261 0.063500
0 0.222618 0.624500 0.041635 0.058000
0 0.258065 0.627750 0.049512 0.063500
0 0.270818 0.689250 0.048762 0.061500
0 0.268192 0.736250 0.045761 0.057500
0 0.132221 0.632000 0.043136 0.041000
0 0.371155 0.250750 0.049887 0.064500
0 0.416729 0.229250 0.050263 0.067500
0 0.411478 0.288250 0.051763 0.059500
0 0.373218 0.307000 0.047262 0.063000
0 0.338335 0.391250 0.051763 0.068500
0 0.399287 0.381500 0.045386 0.064000
0 0.320143 0.465000 0.048387 0.064000
0 0.362528 0.447000 0.050638 0.065000
0 0.359715 0.508250 0.050263 0.063500
0 0.307389 0.527000 0.045386 0.062000
0 0.308890 0.587500 0.048387 0.062000
0 0.354464 0.570500 0.048762 0.062000
0 0.403413 0.537750 0.047637 0.049500
0 0.310765 0.646500 0.049137 0.061000
0 0.309452 0.713000 0.050263 0.060000
0 0.301575 0.790750 0.051013 0.058500
0 0.315266 0.840250 0.049137 0.060500
0 0.349587 0.895500 0.051763 0.062000
0 0.393286 0.879750 0.050638 0.056500
0 0.360278 0.819250 0.046137 0.066500
0 0.343398 0.763000 0.045386 0.062000
0 0.386159 0.771750 0.050638 0.059500
0 0.447299 0.786750 0.050638 0.056500
0 0.482183 0.746500 0.048387 0.064000
0 0.433983 0.732000 0.048012 0.058000
0 0.391223 0.706250 0.048012 0.068500
0 0.353151 0.675750 0.046137 0.054500
0 0.373968 0.645250 0.050263 0.065500
0 0.424231 0.655500 0.048762 0.069000
0 0.453863 0.682750 0.047262 0.057500
0 0.509002 0.695500 0.050263 0.057000
0 0.497374 0.630250 0.049512 0.069500
0 0.454051 0.594500 0.049887 0.063000
0 0.411853 0.585750 0.052513 0.060500
0 0.451613 0.539750 0.051013 0.065500
0 0.454426 0.268250 0.052138 0.065500
0 0.472993 0.182250 0.048762 0.068500
0 0.538635 0.168000 0.055514 0.074000
0 0.516129 0.245250 0.052513 0.071500
0 0.495499 0.311250 0.051013 0.068500
0 0.463241 0.364500 0.051763 0.064000
0 0.437922 0.418250 0.048387 0.064500
0 0.440923 0.472000 0.052888 0.060000
0 0.480683 0.497750 0.049137 0.064500
0 0.484621 0.426500 0.045761 0.071000
0 0.512191 0.372250 0.048387 0.058500
0 0.529257 0.424000 0.053263 0.069000
0 0.496999 0.546750 0.050263 0.062500
0 0.532258 0.595000 0.048012 0.059000
0 0.575019 0.623000 0.048762 0.062000
0 0.581208 0.677000 0.048387 0.063000
0 0.532633 0.505750 0.048762 0.067500
0 0.563016 0.548750 0.048012 0.059500
0 0.615904 0.595250 0.048012 0.065500
0 0.646474 0.559000 0.050638 0.066000
0 0.602776 0.518000 0.051013 0.063000
0 0.562453 0.462750 0.049887 0.069500
0 0.536759 0.298000 0.046512 0.062000
0 0.555139 0.356750 0.048012 0.063500
0 0.579895 0.410000 0.049512 0.066000
0 0.612153 0.464000 0.048012 0.060000
0 0.654914 0.493000 0.048012 0.066000
0 0.690548 0.528750 0.048762 0.060500
0 0.683983 0.467250 0.039385 0.059500
0 0.655476 0.432500 0.049137 0.062000
0 0.621343 0.352250 0.044636 0.066500
0 0.589835 0.298500 0.049137 0.068000
0 0.561890 0.248500 0.048762 0.073000
0 0.603901 0.181750 0.050263 0.069500
0 0.638222 0.148250 0.054389 0.067500
0 0.626594 0.242500 0.048387 0.069000
0 0.653601 0.286500 0.050638 0.068000
0 0.670855 0.361500 0.049137 0.070000
0 0.691860 0.414750 0.043886 0.063500
0 0.732746 0.439250 0.049137 0.065500
0 0.756002 0.499750 0.053638 0.066500
0 0.796699 0.476750 0.053263 0.063500
0 0.785446 0.419750 0.047262 0.058500
0 0.756939 0.385750 0.050263 0.063500
0 0.709115 0.358750 0.045386 0.064500
0 0.701050 0.305250 0.048762 0.066500
0 0.847524 0.434250 0.048387 0.067500
0 0.848087 0.379250 0.055514 0.064500
0 0.807952 0.356500 0.048012 0.063000
0 0.754689 0.322000 0.054764 0.062000
0 0.681358 0.240250 0.052138 0.067500
0 0.685484 0.173750 0.054389 0.071500
0 0.714554 0.202750 0.047262 0.071500
0 0.765941 0.209250 0.048762 0.063500
0 0.755626 0.265250 0.044636 0.071500
0 0.784884 0.280500 0.046137 0.070000
0 0.861778 0.310750 0.058140 0.065500
0 0.832521 0.234750 0.051388 0.069500