0 0.072018 0.473250 0.072018 0.080500
0 0.087397 0.524500 0.057764 0.055000
0 0.115529 0.604500 0.065266 0.071000
0 0.110278 0.660750 0.062266 0.065500
0 0.158477 0.673500 0.060390 0.069000
0 0.178357 0.612250 0.055139 0.060500
0 0.222993 0.584250 0.059640 0.071500
0 0.158852 0.549750 0.068642 0.074500
0 0.165604 0.461250 0.064141 0.073500
0 0.214554 0.514250 0.062266 0.083500
0 0.231620 0.447750 0.067892 0.073500
0 0.278320 0.467250 0.061515 0.066500
0 0.172356 0.377000 0.079145 0.088000
0 0.181545 0.288750 0.065266 0.083500
0 0.187922 0.199250 0.079520 0.092500
0 0.247749 0.275000 0.071643 0.087000
0 0.270443 0.150000 0.067517 0.083000
0 0.300450 0.255000 0.064516 0.105000
0 0.346024 0.335250 0.064891 0.079500
0 0.366842 0.279750 0.072768 0.091500
0 0.407164 0.329000 0.058890 0.065000
0 0.437922 0.270750 0.067892 0.080500
0 0.346962 0.171250 0.070518 0.079500
0 0.413916 0.184500 0.058140 0.082000
0 0.471305 0.203250 0.067892 0.080500
0 0.506564 0.282000 0.064141 0.082000
0 0.546887 0.211500 0.066767 0.086000
0 0.595836 0.270500 0.059640 0.088000
0 0.637284 0.202000 0.061515 0.086000
0 0.652288 0.259250 0.053263 0.086500
0 0.708365 0.263500 0.058890 0.091000
0 0.707052 0.357000 0.061515 0.077000
0 0.715116 0.421750 0.063391 0.074500
0 0.765191 0.312500 0.057014 0.082000
0 0.764254 0.393000 0.055139 0.087000
0 0.753188 0.447000 0.038260 0.059000
0 0.613278 0.354500 0.064516 0.082000
0 0.635596 0.418750 0.055889 0.080500
0 0.543698 0.356250 0.064141 0.087500
0 0.565454 0.425500 0.060390 0.082000
0 0.468305 0.344750 0.064891 0.081500
0 0.255251 0.362250 0.064141 0.078500
0 0.315266 0.405750 0.063391 0.078500
0 0.377719 0.402000 0.061515 0.076000
0 0.435109 0.416500 0.063766 0.076000
0 0.473931 0.473750 0.058890 0.077500
0 0.526257 0.505250 0.066017 0.079500
0 0.336084 0.477500 0.065266 0.077000
0 0.411665 0.492000 0.060390 0.075000
0 0.428920 0.546750 0.051388 0.070500
0 0.478057 0.554750 0.058140 0.072500
0 0.532258 0.567250 0.054014 0.071500
0 0.281133 0.570000 0.067892 0.070000
0 0.331020 0.611750 0.053638 0.061500
0 0.359715 0.559250 0.063016 0.072500
0 0.383721 0.614750 0.066017 0.065500
0 0.395349 0.649750 0.049512 0.055500
0 0.277007 0.658750 0.058890 0.073500
0 0.225244 0.667250 0.055139 0.061500
0 0.284509 0.733750 0.063391 0.068500
0 0.311140 0.788000 0.058890 0.064000
0 0.337959 0.685000 0.052513 0.075000
0 0.360090 0.736000 0.060765 0.062000
0 0.436609 0.725500 0.052513 0.070000
0 0.495124 0.716000 0.048762 0.065000
0 0.515191 0.761250 0.058140 0.056500
0 0.565829 0.759750 0.050638 0.062500
0 0.564329 0.715500 0.055139 0.064000
0 0.449550 0.660250 0.064141 0.073500
0 0.510315 0.645000 0.051388 0.070000
0 0.558140 0.629500 0.044261 0.070000
0 0.587022 0.540500 0.055514 0.064000
0 0.605214 0.609500 0.053638 0.057000
0 0.621530 0.684250 0.053263 0.066500
0 0.635034 0.750500 0.048012 0.062000
0 0.614216 0.484000 0.058890 0.064000
0 0.673106 0.476750 0.058890 0.070500
0 0.650413 0.547250 0.060765 0.069500
0 0.689422 0.528750 0.048012 0.061500
0 0.710053 0.592500 0.053263 0.064000
0 0.663541 0.602000 0.057764 0.069000
0 0.672731 0.667250 0.054389 0.063500
0 0.678170 0.709500 0.048762 0.061000
0 0.729557 0.669000 0.052513 0.065000
0 0.740435 0.711250 0.054014 0.057500
0 0.784509 0.663000 0.047637 0.072000
0 0.763503 0.605750 0.053638 0.066500
0 0.752626 0.540000 0.049887 0.065000
0 0.722431 0.480000 0.045761 0.061000
0 0.826707 0.499000 0.051763 0.073000
0 0.797449 0.558250 0.054764 0.060500
0 0.824269 0.610750 0.050638 0.062500
0 0.878845 0.626250 0.051763 0.053500
0 0.861028 0.561500 0.051388 0.060000
0 0.871905 0.504250 0.046887 0.062500
0 0.906602 0.522750 0.045011 0.058500
0 0.824456 0.410750 0.047262 0.070500
0 0.867029 0.442000 0.052888 0.067000
0 0.919167 0.452250 0.043886 0.067500
0 0.938672 0.388500 0.055889 0.073000
0 0.877719 0.361500 0.056264 0.086000
0 0.840585 0.300000 0.063016 0.087000