0 0.199925 0.368000 0.075019 0.105000
0 0.210615 0.495500 0.079895 0.099000
0 0.205364 0.586250 0.074644 0.088500
0 0.189235 0.658500 0.070143 0.086000
0 0.266692 0.718500 0.072768 0.073000
0 0.335521 0.746750 0.064141 0.071500
0 0.322956 0.685000 0.075769 0.080000
0 0.270818 0.621000 0.076519 0.074000
0 0.291823 0.546750 0.069767 0.094500
0 0.275881 0.424500 0.076894 0.097000
0 0.333833 0.468250 0.073518 0.094500
0 0.282821 0.315500 0.070518 0.103000
0 0.341335 0.369750 0.082521 0.100500
0 0.349212 0.273000 0.074269 0.112000
0 0.414104 0.224000 0.081020 0.106000
0 0.502626 0.239250 0.075019 0.098500
0 0.416542 0.322000 0.081395 0.104000
0 0.419917 0.413500 0.075394 0.083000
0 0.421230 0.497500 0.072018 0.095000
0 0.361215 0.544000 0.072768 0.092000
0 0.379220 0.626750 0.071268 0.076500
0 0.438860 0.583750 0.069017 0.084500
0 0.398162 0.693750 0.067892 0.074500
0 0.396662 0.772250 0.064891 0.080500
0 0.472431 0.799250 0.061140 0.082500
0 0.531883 0.783250 0.063766 0.068500
0 0.463616 0.716000 0.064516 0.072000
0 0.461365 0.650250 0.072018 0.075500
0 0.508252 0.616250 0.072768 0.074500
0 0.527194 0.684750 0.060390 0.084500
0 0.490623 0.526000 0.073518 0.080000
0 0.494749 0.458000 0.078770 0.064000
0 0.517254 0.359000 0.069767 0.100000
0 0.591335 0.322000 0.077644 0.099000
0 0.663728 0.283500 0.076144 0.101000
0 0.752813 0.330000 0.072018 0.109000
0 0.673106 0.387000 0.070143 0.086000
0 0.743436 0.420500 0.071268 0.079000
0 0.807014 0.406500 0.060390 0.099000
0 0.567892 0.415250 0.078020 0.093500
0 0.625656 0.471000 0.075019 0.086000
0 0.562266 0.513500 0.072018 0.088000
0 0.573143 0.599750 0.067517 0.084500
0 0.644786 0.554500 0.072768 0.088000
0 0.640285 0.630250 0.066767 0.083500
0 0.589647 0.664000 0.066017 0.074000
0 0.575581 0.730750 0.059640 0.077500
0 0.630345 0.686750 0.061890 0.073500
0 0.697299 0.664000 0.068267 0.075000
0 0.709302 0.589500 0.062266 0.087000
0 0.760315 0.648000 0.068267 0.089000
0 0.741373 0.516750 0.072393 0.082500
0 0.774756 0.568250 0.073143 0.084500
0 0.821830 0.599500 0.065266 0.078000
0 0.818455 0.493500 0.066017 0.082000
0 0.878657 0.526250 0.064141 0.084500
0 0.903038 0.445750 0.067892 0.080500
0 0.908102 0.363500 0.065266 0.089000
0 0.849962 0.321000 0.076519 0.094000