0 0.108305 0.088000 0.065470 0.071000
0 0.156566 0.059000 0.052001 0.077000
0 0.058736 0.194750 0.051627 0.080500
0 0.052376 0.275250 0.056865 0.073500
0 0.105125 0.331250 0.052376 0.067500
0 0.123831 0.397750 0.050879 0.072500
0 0.150019 0.377500 0.053124 0.068000
0 0.147026 0.448500 0.054620 0.065000
0 0.083053 0.490500 0.053124 0.064000
0 0.169285 0.518250 0.046764 0.068500
0 0.156004 0.589750 0.047138 0.066500
0 0.212495 0.622750 0.048634 0.068500
0 0.253086 0.662000 0.053498 0.060000
0 0.278152 0.615250 0.049009 0.063500
0 0.329405 0.598500 0.051253 0.064000
0 0.372241 0.634750 0.047138 0.060500
0 0.377478 0.703500 0.044893 0.064000
0 0.380284 0.569000 0.046764 0.062000
0 0.297045 0.553000 0.045642 0.061000
0 0.240554 0.556750 0.056865 0.071500
0 0.216236 0.503000 0.053124 0.060000
0 0.241676 0.425000 0.050879 0.067000
0 0.205013 0.349500 0.047886 0.068000
0 0.252151 0.357250 0.050879 0.064500
0 0.137299 0.296750 0.053124 0.058500
0 0.118219 0.237000 0.051627 0.069000
0 0.154134 0.163750 0.059858 0.067500
0 0.189487 0.130000 0.051253 0.063000
0 0.237748 0.149750 0.044519 0.075500
0 0.215862 0.202000 0.052376 0.072000
0 0.266741 0.211500 0.050131 0.065000
0 0.236064 0.056250 0.052376 0.073500
0 0.265993 0.099000 0.047886 0.071000
0 0.297232 0.162750 0.048260 0.067500
0 0.321736 0.219250 0.048634 0.067500
0 0.297045 0.037250 0.053872 0.073500
0 0.323606 0.097500 0.050879 0.068000
0 0.348859 0.142250 0.053498 0.077500
0 0.369996 0.219250 0.046390 0.070500
0 0.414890 0.244000 0.047138 0.069000
0 0.454733 0.223500 0.046764 0.068000
0 0.397868 0.120750 0.052001 0.064500
0 0.382155 0.056250 0.052750 0.081500
0 0.427984 0.036000 0.050131 0.071000
0 0.446315 0.088500 0.047886 0.064000
0 0.483352 0.171500 0.050879 0.072000
0 0.199776 0.281250 0.047138 0.064500
0 0.243172 0.292250 0.044145 0.067500
0 0.287692 0.290000 0.048634 0.077000
0 0.325290 0.352500 0.048260 0.066000
0 0.364759 0.288750 0.049383 0.064500
0 0.377478 0.343750 0.053124 0.071500
0 0.424055 0.333000 0.049009 0.068000
0 0.464272 0.303000 0.050879 0.063000
0 0.475309 0.376750 0.041526 0.064500
0 0.433782 0.405500 0.048260 0.060000
0 0.473251 0.443000 0.048634 0.062000
0 0.390198 0.429000 0.047138 0.056000
0 0.348111 0.418500 0.040030 0.069000
0 0.298541 0.411000 0.053872 0.069000
0 0.327348 0.480250 0.044893 0.064500
0 0.375047 0.488000 0.052001 0.061000
0 0.450056 0.535500 0.049383 0.066000
0 0.492518 0.574000 0.043771 0.053000
0 0.444257 0.599750 0.048260 0.061500
0 0.443696 0.654500 0.046390 0.059000
0 0.425739 0.716250 0.046390 0.057500
0 0.468949 0.702000 0.043023 0.061000
0 0.468949 0.769250 0.043023 0.067500
0 0.518519 0.799000 0.044893 0.057000
0 0.510475 0.738500 0.037785 0.058000
0 0.517770 0.684500 0.039656 0.062000
0 0.490834 0.643250 0.045642 0.055500
0 0.533296 0.633500 0.040030 0.061000
0 0.575383 0.622750 0.046390 0.055500
0 0.550318 0.577250 0.044893 0.054500
0 0.601197 0.594750 0.047886 0.056500
0 0.621025 0.637000 0.047138 0.058000
0 0.665918 0.611500 0.049383 0.052000
0 0.696783 0.719000 0.049757 0.060000
0 0.558736 0.706750 0.045267 0.054500
0 0.612421 0.718000 0.045642 0.059000
0 0.592967 0.790250 0.045642 0.062500
0 0.659933 0.761000 0.043397 0.058000
0 0.678825 0.813750 0.033296 0.061500
0 0.707071 0.777500 0.041900 0.063000
0 0.757389 0.767500 0.044519 0.059000
0 0.776094 0.697250 0.042275 0.087500
0 0.537972 0.513000 0.047886 0.050000
0 0.556678 0.472250 0.048634 0.060500
0 0.619716 0.473750 0.049757 0.068500
0 0.634119 0.537500 0.043397 0.058000
0 0.674897 0.535000 0.044893 0.057000
0 0.700711 0.579750 0.044893 0.058500
0 0.713618 0.520000 0.040030 0.063000
0 0.749532 0.556000 0.043023 0.053000
0 0.665731 0.476250 0.040030 0.062500
0 0.696596 0.456000 0.046390 0.066000
0 0.518144 0.431250 0.046390 0.051500
0 0.516461 0.374250 0.043771 0.065500
0 0.544893 0.323500 0.040778 0.061000
0 0.560793 0.377750 0.042649 0.061500
0 0.594276 0.329500 0.043771 0.061000
0 0.623270 0.377500 0.043397 0.063000
0 0.515713 0.065750 0.045267 0.071500
0 0.559297 0.067000 0.045642 0.079000
0 0.554246 0.140000 0.043771 0.075000
0 0.562851 0.203000 0.051253 0.064000
0 0.535354 0.219000 0.050131 0.068000
0 0.573139 0.259000 0.044893 0.054000
0 0.633932 0.260000 0.039282 0.064000
0 0.661803 0.307750 0.047138 0.049500
0 0.712682 0.304750 0.045642 0.064500
0 0.676394 0.250500 0.044145 0.058000
0 0.679199 0.188750 0.046016 0.066500
0 0.659184 0.118750 0.047886 0.078500
0 0.705387 0.113750 0.046016 0.062500
0 0.731201 0.163000 0.046764 0.068000
0 0.736438 0.219250 0.049009 0.055500
0 0.762439 0.334000 0.046390 0.053000
0 0.702207 0.371500 0.039656 0.066000
0 0.728956 0.417250 0.041526 0.061500
0 0.774785 0.400250 0.044145 0.061500
0 0.755518 0.469500 0.037785 0.059000
0 0.781145 0.510500 0.039656 0.062000
0 0.818743 0.506750 0.041526 0.054500
0 0.826412 0.427500 0.043397 0.062000
0 0.894875 0.365500 0.050879 0.078000
0 0.840441 0.312750 0.033296 0.062500
0 0.932473 0.560250 0.039282 0.067500
0 0.853535 0.571500 0.042275 0.055000
0 0.931912 0.635000 0.046390 0.075000
0 0.909652 0.704750 0.042275 0.071500
0 0.805275 0.627750 0.043771 0.062500
0 0.837823 0.681000 0.046016 0.069000
0 0.866442 0.753000 0.043397 0.058000
0 0.809951 0.760250 0.041152 0.070500