0 0.113466 0.433250 0.058140 0.090500
0 0.134659 0.347750 0.066017 0.085500
0 0.193923 0.269500 0.048012 0.099000
0 0.230495 0.237500 0.076144 0.107000
0 0.306639 0.225250 0.066392 0.104500
0 0.258252 0.353000 0.064141 0.092000
0 0.203488 0.402750 0.064891 0.087500
0 0.325769 0.350000 0.066392 0.096000
0 0.261065 0.444500 0.069767 0.087000
0 0.325394 0.466500 0.072393 0.079000
0 0.171980 0.469000 0.060390 0.091000
0 0.237809 0.495500 0.061515 0.072000
0 0.284884 0.531250 0.065641 0.078500
0 0.183421 0.556750 0.062266 0.081500
0 0.241560 0.623000 0.059265 0.078000
0 0.132783 0.560250 0.059265 0.070500
0 0.180983 0.629250 0.061890 0.072500
0 0.226557 0.698750 0.055514 0.077500
0 0.277944 0.688250 0.059265 0.076500
0 0.295949 0.608750 0.061515 0.079500
0 0.348837 0.636500 0.061515 0.075000
0 0.329145 0.724000 0.059640 0.071000
0 0.360840 0.559500 0.071268 0.085000
0 0.396474 0.482500 0.063016 0.077000
0 0.383908 0.403750 0.062641 0.087500
0 0.370780 0.274500 0.069392 0.103000
0 0.420105 0.340000 0.072768 0.096000
0 0.433421 0.249000 0.076144 0.111000
0 0.500750 0.269250 0.071268 0.099500
0 0.551575 0.203000 0.078395 0.109000
0 0.588710 0.277500 0.076144 0.086000
0 0.553451 0.358000 0.072393 0.098000
0 0.474306 0.388500 0.070893 0.092000
0 0.518192 0.462250 0.067142 0.096500
0 0.454801 0.508500 0.073893 0.090000
0 0.507502 0.565500 0.060015 0.088000
0 0.428545 0.586750 0.065641 0.086500
0 0.450300 0.667750 0.063391 0.074500
0 0.398912 0.682250 0.054389 0.076500
0 0.512003 0.634500 0.062266 0.068000
0 0.566204 0.625250 0.070893 0.077500
0 0.569205 0.518250 0.063391 0.086500
0 0.593961 0.455250 0.067892 0.090500
0 0.629032 0.200000 0.075019 0.102000
0 0.668230 0.284000 0.079895 0.099000
0 0.669730 0.383000 0.077644 0.093000
0 0.665791 0.467250 0.075019 0.084500
0 0.631095 0.569000 0.070143 0.093000
0 0.699925 0.557500 0.072018 0.093000
0 0.636159 0.648500 0.067517 0.073000
0 0.706114 0.620750 0.062641 0.075500
0 0.762566 0.644500 0.061515 0.083000
0 0.786197 0.591500 0.075769 0.087000
0 0.759565 0.484000 0.078770 0.091000
0 0.741748 0.390000 0.075394 0.101000
0 0.833083 0.596000 0.059265 0.080000
0 0.840960 0.530750 0.083271 0.088500
0 0.888035 0.544250 0.061890 0.096500
0 0.923668 0.449500 0.078395 0.091000
0 0.777757 0.322250 0.079145 0.096500
0 0.840773 0.382000 0.095649 0.093000
0 0.928920 0.366750 0.091148 0.095500
0 0.872656 0.288250 0.103901 0.113500
0 0.828395 0.208750 0.084396 0.112500
0 0.737434 0.221750 0.090773 0.108500