0 0.176482 0.762500 0.069392 0.086000
0 0.227682 0.839000 0.066017 0.091000
0 0.303263 0.820250 0.069392 0.081500
0 0.260503 0.749250 0.068642 0.096500
0 0.209115 0.674750 0.064891 0.094500
0 0.232933 0.587750 0.075019 0.104500
0 0.291260 0.653000 0.070143 0.096000
0 0.342273 0.725000 0.070893 0.092000
0 0.382596 0.809500 0.070518 0.087000
0 0.307952 0.567750 0.072018 0.105500
0 0.361028 0.632000 0.074644 0.093000
0 0.413916 0.701000 0.072393 0.095000
0 0.455364 0.788250 0.072018 0.085500
0 0.260315 0.485500 0.075769 0.096000
0 0.288447 0.394500 0.079520 0.100000
0 0.321830 0.301500 0.080270 0.124000
0 0.332521 0.197500 0.071643 0.105000
0 0.391973 0.171500 0.080270 0.124000
0 0.417854 0.283750 0.081020 0.114500
0 0.450300 0.385500 0.077644 0.104000
0 0.378095 0.419750 0.081020 0.104500
0 0.386347 0.530750 0.080270 0.100500
0 0.442986 0.597500 0.074269 0.094000
0 0.484996 0.682750 0.073518 0.088500
0 0.524756 0.792000 0.071268 0.097000
0 0.605026 0.798500 0.075769 0.096000
0 0.678545 0.837500 0.076519 0.092000
0 0.753376 0.781000 0.080645 0.089000
0 0.631470 0.701750 0.075394 0.089500
0 0.556827 0.672750 0.076144 0.092500
0 0.521943 0.560750 0.076894 0.101500
0 0.599025 0.564250 0.080270 0.095500
0 0.678357 0.546250 0.081395 0.100500
0 0.711178 0.636500 0.082521 0.102000
0 0.789197 0.685250 0.075019 0.090500
0 0.788822 0.581750 0.072768 0.097500
0 0.759377 0.474500 0.077644 0.102000
0 0.680795 0.401500 0.081020 0.107000
0 0.615529 0.469000 0.083271 0.102000
0 0.580833 0.385500 0.084396 0.096000
0 0.630345 0.285250 0.091148 0.117500
0 0.526257 0.175000 0.090773 0.128000
0 0.504501 0.296000 0.081770 0.119000
0 0.522693 0.455750 0.085146 0.105500
0 0.452738 0.498500 0.078020 0.103000