0 0.111965 0.453500 0.049137 0.064000
0 0.170480 0.432500 0.041635 0.061000
0 0.198987 0.315250 0.049887 0.091500
0 0.372656 0.249500 0.027382 0.038000
0 0.213991 0.514000 0.031883 0.042000
0 0.236497 0.528000 0.033383 0.039000
0 0.239122 0.488000 0.036384 0.044000
0 0.195611 0.554500 0.031133 0.048000
0 0.202926 0.589250 0.030758 0.035500
0 0.196737 0.632750 0.034134 0.046500
0 0.186609 0.660250 0.032633 0.041500
0 0.197674 0.709500 0.033008 0.050000
0 0.222431 0.729500 0.030758 0.042000
0 0.252626 0.740750 0.034884 0.036500
0 0.243248 0.703250 0.040135 0.040500
0 0.236309 0.664500 0.033008 0.040000
0 0.278132 0.721250 0.026632 0.037500
0 0.264816 0.776500 0.033008 0.045000
0 0.298200 0.775000 0.032258 0.045000
0 0.304951 0.730500 0.033008 0.040000
0 0.232183 0.605750 0.025506 0.038500
0 0.262191 0.611250 0.035259 0.043500
0 0.259752 0.639000 0.029632 0.037000
0 0.287509 0.638250 0.028132 0.038500
0 0.302138 0.596250 0.028882 0.044500
0 0.230683 0.565250 0.029257 0.040500
0 0.250188 0.566250 0.032258 0.043500
0 0.286009 0.552000 0.036384 0.045000
0 0.273256 0.508000 0.037134 0.040000
0 0.313203 0.510250 0.032258 0.037500
0 0.341335 0.516750 0.027007 0.042500
0 0.369467 0.544500 0.033758 0.040000
0 0.377344 0.507000 0.029257 0.037000
0 0.356902 0.470250 0.028132 0.038500
0 0.313578 0.473750 0.030758 0.042500
0 0.270818 0.429750 0.031508 0.037500
0 0.296699 0.448250 0.030758 0.041500
0 0.334584 0.437750 0.030758 0.038500
0 0.345086 0.400750 0.035259 0.042500
0 0.327457 0.371000 0.033008 0.039000
0 0.358402 0.341500 0.032633 0.039000
0 0.380908 0.313000 0.031883 0.044000
0 0.395161 0.349750 0.029632 0.030500
0 0.370405 0.375000 0.022881 0.040000
0 0.393098 0.402500 0.033008 0.043000
0 0.419542 0.378750 0.032633 0.039500
0 0.372843 0.428500 0.030008 0.044000
0 0.390098 0.461250 0.029257 0.044500
0 0.413916 0.453750 0.025131 0.042500
0 0.438860 0.460500 0.029257 0.043000
0 0.442986 0.507250 0.030008 0.036500
0 0.462491 0.495500 0.032258 0.046000
0 0.409790 0.532750 0.032633 0.046500
0 0.431733 0.545500 0.028507 0.043000
0 0.460803 0.544750 0.028132 0.047500
0 0.384096 0.575250 0.030758 0.039500
0 0.413166 0.581250 0.028882 0.047500
0 0.446549 0.584500 0.033383 0.039000
0 0.475619 0.614500 0.032258 0.045000
0 0.444674 0.643500 0.027382 0.044000
0 0.422356 0.616500 0.023256 0.033000
0 0.395536 0.610500 0.029632 0.032000
0 0.397412 0.648500 0.031133 0.042000
0 0.317892 0.558750 0.033383 0.035500
0 0.344711 0.578750 0.029257 0.041500
0 0.357652 0.607750 0.027382 0.044500
0 0.361778 0.648750 0.034134 0.035500
0 0.328770 0.601500 0.025131 0.041000
0 0.321643 0.642750 0.031133 0.036500
0 0.303263 0.677000 0.025881 0.039000
0 0.330458 0.675500 0.033758 0.040000
0 0.343773 0.702250 0.037884 0.040500
0 0.384471 0.718250 0.029257 0.038500
0 0.412791 0.703500 0.031133 0.038000
0 0.361965 0.743000 0.031508 0.037000
0 0.330833 0.756000 0.033758 0.043000
0 0.346587 0.791500 0.033758 0.037000
0 0.331395 0.798500 0.025881 0.036000
0 0.379032 0.808750 0.031133 0.044500
0 0.403976 0.828250 0.029257 0.038500
0 0.385221 0.835000 0.025506 0.032000
0 0.394224 0.759000 0.029257 0.038000
0 0.413916 0.792750 0.028882 0.039500
0 0.438110 0.810750 0.032258 0.040500
0 0.516317 0.799250 0.028132 0.039500
0 0.487997 0.777250 0.032258 0.034500
0 0.477682 0.737750 0.033383 0.039500
0 0.430795 0.728500 0.031133 0.041000
0 0.510878 0.730250 0.030008 0.037500
0 0.531320 0.766250 0.032633 0.037500
0 0.537509 0.729500 0.026257 0.041000
0 0.493811 0.691000 0.028882 0.040000
0 0.522881 0.697750 0.025506 0.042500
0 0.468305 0.667000 0.027382 0.043000
0 0.488372 0.640000 0.031508 0.037000
0 0.501500 0.603500 0.030008 0.036000
0 0.526819 0.568750 0.030383 0.043500
0 0.530383 0.603500 0.024006 0.037000
0 0.492311 0.534250 0.033383 0.031500
0 0.527569 0.646250 0.028882 0.038500
0 0.547449 0.684250 0.028882 0.036500
0 0.568080 0.713000 0.033383 0.039000
0 0.559265 0.641750 0.026257 0.042500
0 0.577457 0.615250 0.031133 0.044500
0 0.554576 0.596750 0.026632 0.036500
0 0.552513 0.557500 0.029257 0.039000
0 0.578207 0.548250 0.031133 0.046500
0 0.522131 0.518500 0.029257 0.039000
0 0.496812 0.488500 0.031133 0.046000
0 0.480120 0.446250 0.030758 0.042500
0 0.457989 0.424000 0.028507 0.045000
0 0.430045 0.418250 0.031133 0.043500
0 0.454051 0.383000 0.032633 0.045000
0 0.478995 0.396250 0.024756 0.042500
0 0.477119 0.354750 0.032258 0.039500
0 0.422168 0.330000 0.034134 0.044000
0 0.415791 0.303000 0.031883 0.031000
0 0.440735 0.290250 0.033008 0.035500
0 0.449550 0.325750 0.032633 0.042500
0 0.478057 0.261500 0.031883 0.041000
0 0.486309 0.302500 0.029632 0.041000
0 0.515004 0.335250 0.030008 0.041500
0 0.514816 0.291000 0.028132 0.041000
0 0.517817 0.250000 0.029632 0.042000
0 0.539947 0.268750 0.031133 0.043500
0 0.540885 0.243500 0.024756 0.029000
0 0.558890 0.217000 0.030758 0.038000
0 0.570893 0.267500 0.028507 0.040000
0 0.604464 0.236000 0.035634 0.040000
0 0.623218 0.271250 0.035634 0.042500
0 0.627719 0.242500 0.026632 0.031000
0 0.619092 0.216000 0.021380 0.025000
0 0.643661 0.226500 0.024756 0.040000
0 0.664666 0.242750 0.028507 0.034500
0 0.659977 0.265750 0.027382 0.045500
0 0.648912 0.302000 0.036009 0.038000
0 0.577644 0.309750 0.031508 0.035500
0 0.596587 0.338500 0.028882 0.046000
0 0.624719 0.339000 0.028882 0.041000
0 0.569955 0.345000 0.034134 0.048000
0 0.547637 0.319500 0.033008 0.045000
0 0.537697 0.366250 0.037884 0.034500
0 0.554014 0.401750 0.032258 0.043500
0 0.584396 0.419500 0.035259 0.044000
0 0.611215 0.423500 0.025131 0.042000
0 0.622468 0.380250 0.038635 0.042500
0 0.504126 0.379000 0.033758 0.041000
0 0.503751 0.416250 0.033008 0.043500
0 0.533008 0.423500 0.027757 0.046000
0 0.517442 0.454500 0.032633 0.041000
0 0.540885 0.483250 0.032258 0.045500
0 0.554014 0.447250 0.029257 0.044500
0 0.577082 0.471500 0.037884 0.040000
0 0.565454 0.507500 0.028882 0.039000
0 0.603151 0.501000 0.035259 0.042000
0 0.628470 0.528250 0.034884 0.046500
0 0.636347 0.489000 0.025881 0.040000
0 0.612716 0.459500 0.034884 0.041000
0 0.673856 0.485000 0.030383 0.045000
0 0.645161 0.449000 0.027007 0.043000
0 0.683983 0.523500 0.031883 0.045000
0 0.638222 0.562750 0.029632 0.041500
0 0.606714 0.562250 0.028882 0.042500
0 0.607652 0.606500 0.029257 0.045000
0 0.638035 0.602000 0.029257 0.041000
0 0.599962 0.649250 0.028882 0.042500
0 0.633158 0.645250 0.030758 0.042500
0 0.600525 0.696000 0.033758 0.046000
0 0.620968 0.682000 0.028132 0.043000
0 0.595461 0.740000 0.031883 0.038000
0 0.618155 0.717250 0.030008 0.034500
0 0.650788 0.702250 0.038260 0.037500
0 0.642161 0.748000 0.030758 0.044000
0 0.637472 0.772750 0.026632 0.036500
0 0.632783 0.821000 0.029257 0.040000
0 0.605026 0.832500 0.028507 0.039000
0 0.576894 0.821750 0.022506 0.044500
0 0.557014 0.783000 0.023256 0.045000
0 0.671605 0.728750 0.026632 0.039500
0 0.688485 0.748500 0.027382 0.043000
0 0.710803 0.764500 0.028507 0.036000
0 0.713616 0.725750 0.028132 0.045500
0 0.664291 0.678250 0.030758 0.043500
0 0.689797 0.690500 0.029257 0.034000
0 0.691673 0.656750 0.029257 0.042500
0 0.718680 0.682500 0.030008 0.041000
0 0.734246 0.707250 0.025881 0.043500
0 0.748500 0.747500 0.029632 0.044000
0 0.673481 0.617250 0.029632 0.037500
0 0.691110 0.583500 0.031883 0.044000
0 0.705926 0.620000 0.031508 0.037000
0 0.723181 0.586250 0.030758 0.042500
0 0.740623 0.640000 0.033383 0.039000
0 0.760690 0.664500 0.039010 0.030000
0 0.772131 0.693750 0.026632 0.046500
0 0.772131 0.739000 0.025881 0.048000
0 0.771943 0.789250 0.031508 0.051500
0 0.750750 0.586500 0.027382 0.044000
0 0.760128 0.610750 0.025881 0.042500
0 0.771755 0.567750 0.034884 0.035500
0 0.696174 0.553000 0.029257 0.039000
0 0.722993 0.527000 0.041635 0.041000
0 0.736684 0.547750 0.032258 0.031500
0 0.704239 0.495250 0.037134 0.045500
0 0.738372 0.495000 0.029632 0.048000
0 0.660165 0.407750 0.031508 0.037500
0 0.681545 0.442000 0.033008 0.040000
0 0.723181 0.447000 0.030008 0.044000
0 0.743061 0.446000 0.031508 0.048000
0 0.773818 0.484250 0.027007 0.044500
0 0.709677 0.390250 0.030758 0.043500
0 0.697862 0.363500 0.034884 0.042000
0 0.667479 0.329500 0.035634 0.041000
0 0.701050 0.256250 0.028507 0.044500
0 0.684359 0.293500 0.032633 0.042000
0 0.719242 0.222000 0.033383 0.039000
0 0.736122 0.257500 0.031133 0.046000
0 0.759190 0.228000 0.035259 0.038000
0 0.731995 0.328000 0.035634 0.045000
0 0.736122 0.362250 0.029632 0.034500
0 0.744374 0.391250 0.031133 0.049500
0 0.775506 0.290500 0.037884 0.043000
0 0.791823 0.287750 0.021005 0.044500
0 0.821268 0.291500 0.032633 0.040000
0 0.867779 0.310250 0.036384 0.045500
0 0.878282 0.351000 0.037134 0.043000
0 0.822206 0.332750 0.033758 0.040500
0 0.778882 0.334500 0.028882 0.042000
0 0.808890 0.370250 0.035634 0.044500
0 0.839085 0.378250 0.030008 0.029500
0 0.779632 0.400250 0.031133 0.041500
0 0.783571 0.439750 0.035259 0.047500
0 0.815829 0.409250 0.033008 0.045500
0 0.821268 0.442000 0.035634 0.034000
0 0.810203 0.479750 0.033008 0.046500
0 0.854651 0.474250 0.031133 0.047500
0 0.876969 0.452000 0.031508 0.042000
0 0.867404 0.410000 0.034134 0.048000
0 0.887284 0.400500 0.031133 0.046000
0 0.914666 0.427000 0.036384 0.041000
0 0.906789 0.467750 0.029632 0.045500
0 0.846024 0.521750 0.035634 0.042500
0 0.795011 0.527000 0.033383 0.043000
0 0.807202 0.556250 0.028507 0.044500
0 0.798387 0.596500 0.031133 0.040000
0 0.799700 0.643750 0.032258 0.044500
0 0.822206 0.665500 0.030008 0.046000
0 0.821080 0.738000 0.036009 0.041000
0 0.813953 0.775250 0.033008 0.039500
0 0.843773 0.813750 0.032633 0.047500
0 0.807764 0.832500 0.031133 0.047000
0 0.780195 0.855000 0.031508 0.040000
0 0.841523 0.756750 0.030383 0.040500
0 0.880720 0.769750 0.033008 0.043500
0 0.899662 0.735750 0.033383 0.052500
0 0.859902 0.701750 0.031883 0.043500
0 0.886347 0.674250 0.032258 0.039500
0 0.887659 0.697750 0.031133 0.029500
0 0.848650 0.637000 0.034884 0.040000
0 0.880908 0.610000 0.029632 0.043000
0 0.902476 0.638500 0.030008 0.044000
0 0.933421 0.600500 0.034884 0.045000
0 0.838522 0.590250 0.030383 0.043500
0 0.846212 0.557500 0.031508 0.033000
0 0.871155 0.565750 0.026632 0.042500
0 0.909415 0.552250 0.028132 0.042500
0 0.895536 0.511750 0.030383 0.044500
0 0.919730 0.513250 0.024006 0.040500