0 0.107464 0.522000 0.061890 0.070000
0 0.079707 0.596500 0.064891 0.078000
0 0.085334 0.661750 0.065641 0.076500
0 0.099962 0.741000 0.055889 0.074000
0 0.157164 0.494500 0.065266 0.069000
0 0.163916 0.569250 0.064516 0.075500
0 0.176669 0.635500 0.062266 0.070000
0 0.153601 0.698250 0.057389 0.063500
0 0.168417 0.755000 0.057764 0.074000
0 0.222056 0.767250 0.058515 0.078500
0 0.214554 0.688000 0.058515 0.070000
0 0.279257 0.760000 0.055139 0.073000
0 0.265379 0.699750 0.058890 0.066500
0 0.240810 0.638000 0.058515 0.072000
0 0.223931 0.577250 0.057764 0.074500
0 0.207989 0.471000 0.063391 0.076000
0 0.177607 0.404750 0.056639 0.081500
0 0.228620 0.400000 0.063391 0.082000
0 0.182671 0.328750 0.062266 0.085500
0 0.232183 0.227000 0.065266 0.094000
0 0.247562 0.308750 0.066017 0.092500
0 0.294449 0.216250 0.063766 0.089500
0 0.307577 0.299500 0.071268 0.087000
0 0.282071 0.380750 0.058515 0.085500
0 0.370593 0.192750 0.055514 0.085500
0 0.369842 0.282750 0.061515 0.089500
0 0.342086 0.372500 0.058515 0.085000
0 0.307014 0.449500 0.060390 0.089000
0 0.276444 0.500000 0.066767 0.082000
0 0.275694 0.584750 0.059265 0.080500
0 0.300075 0.639250 0.055514 0.070500
0 0.338335 0.702000 0.060015 0.078000
0 0.333646 0.776250 0.051388 0.066500
0 0.393848 0.757500 0.054014 0.062000
0 0.394036 0.715250 0.061140 0.055500
0 0.441298 0.733000 0.059640 0.074000
0 0.363653 0.642750 0.058890 0.063500
0 0.341710 0.592000 0.061515 0.072000
0 0.320893 0.531000 0.064141 0.070000
0 0.378095 0.556500 0.058515 0.077000
0 0.407164 0.493500 0.055889 0.069000
0 0.366654 0.445500 0.058890 0.083000
0 0.401163 0.366500 0.063391 0.093000
0 0.445799 0.404000 0.061140 0.080000
0 0.459490 0.470250 0.057764 0.077500
0 0.443923 0.555250 0.057389 0.074500
0 0.421230 0.605250 0.058515 0.067500
0 0.436609 0.665250 0.060015 0.072500
0 0.484809 0.773000 0.055889 0.068000
0 0.510503 0.809500 0.051763 0.061000
0 0.569392 0.820500 0.051013 0.069000
0 0.536009 0.762000 0.053263 0.066000
0 0.509002 0.708000 0.062266 0.072000
0 0.476932 0.626000 0.057389 0.070000
0 0.530570 0.633250 0.053638 0.076500
0 0.495874 0.571000 0.061515 0.074000
0 0.597524 0.759750 0.056264 0.066500
0 0.628657 0.793000 0.045011 0.061000
0 0.576707 0.658250 0.054389 0.063500
0 0.575769 0.714000 0.051763 0.068000
0 0.642348 0.732000 0.050638 0.072000
0 0.614591 0.675000 0.053638 0.076000
0 0.686422 0.754000 0.049512 0.061000
0 0.731433 0.723000 0.049512 0.064000
0 0.696174 0.690500 0.063016 0.064000
0 0.657164 0.652250 0.052513 0.065500
0 0.629220 0.609250 0.055889 0.072500
0 0.577457 0.585500 0.055889 0.071000
0 0.551013 0.545750 0.051763 0.072500
0 0.508252 0.506000 0.059265 0.069000
0 0.441110 0.178750 0.069017 0.087500
0 0.432483 0.273250 0.062266 0.093500
0 0.510690 0.212750 0.067892 0.089500
0 0.493248 0.276750 0.066017 0.083500
0 0.482183 0.354500 0.067142 0.075000
0 0.522881 0.421750 0.064516 0.073500
0 0.570705 0.465000 0.061140 0.080000
0 0.599025 0.524250 0.048762 0.074500
0 0.646099 0.533500 0.054389 0.069000
0 0.676669 0.579250 0.055514 0.067500
0 0.708740 0.626500 0.051388 0.075000
0 0.747374 0.658500 0.046887 0.067000
0 0.767254 0.692000 0.046137 0.066000
0 0.819205 0.654750 0.049512 0.059500
0 0.783383 0.617250 0.058140 0.067500
0 0.736684 0.569750 0.052513 0.068500
0 0.699550 0.514250 0.050263 0.070500
0 0.666542 0.471000 0.060765 0.069000
0 0.621905 0.436750 0.057014 0.075500
0 0.570705 0.400250 0.059640 0.067500
0 0.542386 0.347750 0.065266 0.071500
0 0.562641 0.266500 0.058515 0.078000
0 0.588897 0.189500 0.058515 0.091000
0 0.627157 0.255000 0.057014 0.083000
0 0.604651 0.336000 0.057014 0.071000
0 0.658852 0.350750 0.056639 0.083500
0 0.690360 0.410250 0.057389 0.079500
0 0.725994 0.452000 0.052888 0.078000
0 0.762003 0.499750 0.056639 0.074500
0 0.790323 0.543000 0.045011 0.068000
0 0.821455 0.580000 0.045011 0.066000
0 0.850150 0.644000 0.041635 0.058000
0 0.904351 0.616000 0.050263 0.065000
0 0.861778 0.581500 0.045386 0.059000
0 0.845274 0.526000 0.052138 0.068000
0 0.819017 0.479500 0.053638 0.070000
0 0.777944 0.405500 0.061515 0.065000
0 0.762753 0.357000 0.061140 0.078000
0 0.726182 0.294750 0.064516 0.081500
0 0.699175 0.238500 0.061515 0.082000
0 0.816579 0.407250 0.050263 0.074500
0 0.860090 0.376000 0.049512 0.072000
0 0.864591 0.449750 0.054764 0.075500
0 0.914854 0.405500 0.054764 0.071000
0 0.929670 0.462000 0.048387 0.071000
0 0.891035 0.506250 0.047637 0.069500
0 0.944111 0.516000 0.051763 0.068000
0 0.912603 0.560000 0.057764 0.064000
0 0.953301 0.572750 0.046137 0.065500