0 0.151538 0.446250 0.027007 0.041500
0 0.160165 0.493500 0.030008 0.041000
0 0.141223 0.530750 0.022881 0.042500
0 0.157727 0.533750 0.032633 0.042500
0 0.139722 0.579500 0.024381 0.047000
0 0.160165 0.586750 0.026257 0.047500
0 0.179107 0.571000 0.031883 0.044000
0 0.159977 0.641000 0.031133 0.045000
0 0.195236 0.624750 0.031883 0.045500
0 0.194486 0.602750 0.022881 0.025500
0 0.178357 0.669750 0.019880 0.035500
0 0.193173 0.666500 0.032258 0.044000
0 0.220368 0.662250 0.031133 0.046500
0 0.196737 0.560500 0.027382 0.045000
0 0.170855 0.469500 0.029632 0.041000
0 0.181545 0.419000 0.031508 0.043000
0 0.195049 0.380500 0.027007 0.041000
0 0.223931 0.375750 0.030008 0.048500
0 0.217554 0.412000 0.031508 0.046000
0 0.202926 0.463000 0.033008 0.045000
0 0.198425 0.504500 0.031508 0.043000
0 0.222618 0.483500 0.030383 0.046000
0 0.221493 0.550500 0.031883 0.051000
0 0.251500 0.598250 0.031133 0.047500
0 0.277194 0.614000 0.031508 0.048000
0 0.292573 0.650750 0.038260 0.046500
0 0.273256 0.666750 0.033383 0.043500
0 0.324081 0.665500 0.031508 0.049000
0 0.234246 0.513000 0.030383 0.045000
0 0.246812 0.458250 0.030758 0.043500
0 0.253001 0.342250 0.031883 0.047500
0 0.280383 0.333500 0.032633 0.052000
0 0.323518 0.329750 0.031133 0.045500
0 0.305701 0.373250 0.032258 0.042500
0 0.282633 0.399750 0.031883 0.047500
0 0.281133 0.438500 0.029632 0.035000
0 0.265754 0.481250 0.031883 0.043500
0 0.284509 0.493750 0.034134 0.039500
0 0.292948 0.453750 0.032258 0.045500
0 0.261628 0.541750 0.032633 0.046500
0 0.304201 0.543000 0.034509 0.048000
0 0.303638 0.586250 0.031883 0.047500
0 0.324081 0.620750 0.032258 0.049500
0 0.358965 0.655500 0.032258 0.048000
0 0.315641 0.498250 0.034134 0.046500
0 0.331958 0.463750 0.034509 0.047500
0 0.319205 0.414000 0.033758 0.043000
0 0.347524 0.405250 0.033383 0.047500
0 0.363091 0.354250 0.033008 0.046500
0 0.399287 0.330000 0.033383 0.039000
0 0.390285 0.370250 0.029632 0.047500
0 0.427044 0.341000 0.034884 0.048000
0 0.415041 0.381000 0.035634 0.040000
0 0.375469 0.413000 0.033758 0.047000
0 0.403601 0.428750 0.034509 0.051500
0 0.382033 0.459500 0.037134 0.048000
0 0.368342 0.506000 0.034509 0.040000
0 0.342648 0.534000 0.033383 0.047000
0 0.353338 0.570750 0.033008 0.040500
0 0.379220 0.589500 0.036759 0.049000
0 0.388410 0.630750 0.037134 0.045500
0 0.413353 0.658750 0.034509 0.053500
0 0.395349 0.540250 0.033008 0.041500
0 0.407352 0.512000 0.038260 0.046000
0 0.414104 0.474750 0.033758 0.043500
0 0.465491 0.326750 0.036009 0.049500
0 0.448800 0.371000 0.037884 0.043000
0 0.455551 0.407250 0.036384 0.044500
0 0.449175 0.452500 0.031883 0.052000
0 0.452551 0.500750 0.033383 0.041500
0 0.438297 0.551750 0.037884 0.044500
0 0.449362 0.667250 0.033758 0.055500
0 0.461365 0.621500 0.032258 0.049000
0 0.471680 0.720500 0.034134 0.046000
0 0.488560 0.759500 0.032633 0.044000
0 0.520255 0.796250 0.030008 0.049500
0 0.558140 0.803750 0.033758 0.045500
0 0.564516 0.855000 0.036009 0.050000
0 0.592648 0.813500 0.037509 0.048000
0 0.620593 0.804000 0.035634 0.049000
0 0.517067 0.741250 0.034884 0.047500
0 0.554014 0.755250 0.034509 0.052500
0 0.587959 0.749000 0.041635 0.048000
0 0.628657 0.741250 0.034509 0.047500
0 0.673293 0.734750 0.039010 0.050500
0 0.692423 0.776000 0.039010 0.047000
0 0.489497 0.680000 0.032258 0.050000
0 0.516879 0.663000 0.035259 0.045000
0 0.493061 0.618750 0.033383 0.048500
0 0.533196 0.698750 0.034884 0.046500
0 0.547824 0.669500 0.037134 0.053000
0 0.576894 0.703750 0.039010 0.043500
0 0.481245 0.572500 0.037509 0.044000
0 0.475431 0.537500 0.035634 0.045000
0 0.511253 0.547750 0.033008 0.045500
0 0.525319 0.586000 0.039385 0.040000
0 0.539010 0.624500 0.037509 0.049000
0 0.573893 0.611250 0.038260 0.048500
0 0.586459 0.657500 0.036384 0.045000
0 0.645349 0.695250 0.034134 0.036500
0 0.625844 0.668000 0.040885 0.040000
0 0.714929 0.724250 0.040510 0.053500
0 0.665979 0.662500 0.037134 0.051000
0 0.701800 0.669750 0.035259 0.054500
0 0.732371 0.682250 0.032633 0.041500
0 0.768192 0.680500 0.035259 0.051000
0 0.728245 0.641750 0.037134 0.045500
0 0.685671 0.622750 0.039010 0.046500
0 0.650788 0.614250 0.042761 0.044500
0 0.561328 0.557250 0.037134 0.048500
0 0.610090 0.564750 0.036384 0.048500
0 0.646099 0.561500 0.037884 0.046000
0 0.704989 0.572000 0.037134 0.050000
0 0.737059 0.588500 0.039760 0.048000
0 0.794824 0.624000 0.039010 0.045000
0 0.881658 0.630500 0.044636 0.045000
0 0.809452 0.566750 0.042011 0.043500
0 0.751313 0.545500 0.040510 0.049000
0 0.714929 0.526750 0.039010 0.049500
0 0.472806 0.484500 0.035634 0.049000
0 0.509002 0.496750 0.039760 0.047500
0 0.559077 0.514250 0.039385 0.050500
0 0.495499 0.447750 0.036009 0.046500
0 0.489872 0.404750 0.034509 0.047500
0 0.485184 0.362500 0.036384 0.046000
0 0.507502 0.324750 0.037509 0.051500
0 0.514254 0.377750 0.037509 0.043500
0 0.519692 0.422250 0.036384 0.047500
0 0.539010 0.459000 0.034509 0.050000
0 0.570705 0.470250 0.034134 0.057500
0 0.600713 0.494500 0.036384 0.053000
0 0.629782 0.513750 0.036759 0.045500
0 0.667104 0.509750 0.040135 0.043500
0 0.549512 0.400750 0.035259 0.051500
0 0.581770 0.420750 0.037509 0.048500
0 0.620593 0.442500 0.039385 0.053000
0 0.652101 0.474500 0.040135 0.046000
0 0.701050 0.480750 0.042011 0.052500
0 0.755814 0.498250 0.038260 0.045500
0 0.795949 0.532750 0.039760 0.053500
0 0.822956 0.513000 0.033758 0.046000
0 0.839647 0.541000 0.041635 0.056000
0 0.885971 0.521250 0.043511 0.049500
0 0.921793 0.529000 0.038635 0.050000
0 0.861778 0.478000 0.039385 0.048000
0 0.906602 0.460250 0.044261 0.055500
0 0.797449 0.477250 0.041260 0.048500
0 0.828582 0.454250 0.036759 0.049500
0 0.736497 0.462500 0.040135 0.045000
0 0.683796 0.440500 0.042761 0.048000
0 0.610090 0.406750 0.035634 0.046500
0 0.579707 0.380000 0.039385 0.044000
0 0.549700 0.352500 0.037884 0.046000
0 0.533008 0.313000 0.032258 0.049000
0 0.573518 0.295750 0.036759 0.049500
0 0.592648 0.328250 0.037509 0.047500
0 0.626219 0.319250 0.037134 0.049500
0 0.631283 0.362500 0.037509 0.050000
0 0.648162 0.411750 0.039760 0.052500
0 0.666729 0.343000 0.035634 0.051000
0 0.658852 0.283250 0.037134 0.047500
0 0.690735 0.274500 0.036384 0.047000
0 0.708552 0.311500 0.042011 0.051000
0 0.681545 0.389000 0.041260 0.046000
0 0.719992 0.412250 0.039385 0.050500
0 0.706677 0.371250 0.038260 0.048500
0 0.736122 0.350750 0.037884 0.053500
0 0.741373 0.392250 0.041635 0.044500
0 0.764254 0.430500 0.040885 0.051000
0 0.775694 0.386500 0.035259 0.054000
0 0.803826 0.416000 0.039010 0.052000
0 0.855401 0.416250 0.040885 0.048500
0 0.724869 0.256500 0.039385 0.054000
0 0.766129 0.250250 0.038635 0.051500
0 0.814704 0.262500 0.039760 0.052000
0 0.781695 0.329000 0.038260 0.043000
0 0.830645 0.322000 0.040135 0.050000
0 0.826144 0.373000 0.035634 0.049000
0 0.903976 0.390750 0.041260 0.049500
0 0.926294 0.341250 0.042386 0.053500