0 0.184734 0.395250 0.060390 0.070500
0 0.229557 0.310000 0.054764 0.072000
0 0.262566 0.287000 0.054764 0.081000
0 0.311890 0.262750 0.062641 0.092500
0 0.281508 0.381500 0.052138 0.077000
0 0.256564 0.425500 0.048762 0.063000
0 0.226932 0.441750 0.055514 0.061500
0 0.203488 0.517250 0.051388 0.061500
0 0.274756 0.499250 0.056639 0.069500
0 0.281695 0.544750 0.049512 0.059500
0 0.226369 0.612500 0.051388 0.064000
0 0.279257 0.623750 0.046887 0.063500
0 0.308890 0.705000 0.049887 0.060000
0 0.337584 0.741500 0.053263 0.053000
0 0.357277 0.800750 0.047637 0.047500
0 0.376032 0.849000 0.049137 0.054000
0 0.421793 0.895500 0.047637 0.057000
0 0.437359 0.847250 0.043511 0.058500
0 0.418980 0.796500 0.045761 0.061000
0 0.390098 0.734500 0.047262 0.058000
0 0.402476 0.692000 0.048762 0.055000
0 0.388410 0.624000 0.049887 0.054000
0 0.337022 0.587000 0.052888 0.055000
0 0.375469 0.549750 0.047262 0.064500
0 0.333083 0.507000 0.049512 0.061000
0 0.328020 0.421000 0.054389 0.068000
0 0.341710 0.359000 0.061515 0.079000
0 0.383908 0.295500 0.060390 0.087000
0 0.419542 0.352500 0.055889 0.080000
0 0.404539 0.408500 0.046887 0.068000
0 0.381283 0.474000 0.054389 0.067000
0 0.439047 0.473500 0.052138 0.066000
0 0.421980 0.534750 0.052513 0.067500
0 0.444111 0.592250 0.056264 0.066500
0 0.448800 0.652000 0.052888 0.062000
0 0.450300 0.717750 0.052138 0.057500
0 0.450675 0.763750 0.047637 0.055500
0 0.476369 0.813500 0.045011 0.062000
0 0.480683 0.892000 0.044636 0.058000
0 0.489497 0.930750 0.047262 0.055500
0 0.533571 0.883750 0.039385 0.038500
0 0.567329 0.908500 0.042386 0.046000
0 0.579332 0.865500 0.038635 0.044000
0 0.521193 0.859250 0.046137 0.050500
0 0.625844 0.854250 0.044636 0.054500
0 0.560765 0.817750 0.041260 0.047500
0 0.610653 0.809500 0.044261 0.054000
0 0.658665 0.797750 0.045011 0.050500
0 0.492123 0.753000 0.050263 0.058000
0 0.527944 0.788750 0.046137 0.049500
0 0.580458 0.776500 0.055889 0.054000
0 0.546887 0.720000 0.047262 0.061000
0 0.592273 0.708500 0.042011 0.058000
0 0.618342 0.730500 0.037884 0.056000
0 0.658665 0.712000 0.044261 0.058000
0 0.633721 0.683500 0.043136 0.053000
0 0.495874 0.689750 0.048012 0.055500
0 0.539947 0.674750 0.043886 0.056500
0 0.584209 0.644500 0.052138 0.059000
0 0.675731 0.656500 0.043136 0.059000
0 0.496812 0.619500 0.045386 0.057000
0 0.543511 0.615750 0.048762 0.053500
0 0.600900 0.583250 0.051013 0.058500
0 0.636722 0.613250 0.050638 0.060500
0 0.505626 0.566250 0.048762 0.058500
0 0.554389 0.539500 0.042761 0.057000
0 0.674981 0.587750 0.044636 0.059500
0 0.646099 0.549750 0.046887 0.061500
0 0.479182 0.496750 0.049887 0.062500
0 0.468117 0.420750 0.050263 0.072500
0 0.508065 0.442000 0.051388 0.065000
0 0.551575 0.480250 0.053638 0.069500
0 0.599775 0.509000 0.054764 0.065000
0 0.667292 0.493500 0.048762 0.065000
0 0.624156 0.454250 0.051013 0.064500
0 0.682858 0.428500 0.049137 0.072000
0 0.706864 0.480750 0.046137 0.065500
0 0.484621 0.346250 0.052513 0.063500
0 0.540698 0.390250 0.052138 0.062500
0 0.584771 0.415250 0.049512 0.065500
0 0.634659 0.386000 0.050263 0.069000
0 0.463428 0.229500 0.057389 0.084000
0 0.507502 0.274250 0.054014 0.074500
0 0.531883 0.210500 0.058515 0.085000
0 0.548762 0.315250 0.050263 0.055500
0 0.608965 0.345500 0.050638 0.082000
0 0.587584 0.258750 0.054389 0.075500
0 0.615341 0.181750 0.058140 0.076500
0 0.638410 0.269000 0.053263 0.079000
0 0.656977 0.328500 0.055889 0.075000
0 0.680608 0.195750 0.052888 0.077500
0 0.722431 0.295250 0.059265 0.076500
0 0.706864 0.365000 0.052138 0.068000
0 0.746624 0.342250 0.046887 0.074500
0 0.737622 0.409750 0.045386 0.068500
0 0.784134 0.364500 0.045386 0.067000
0 0.844711 0.394500 0.045011 0.070000
0 0.806452 0.450000 0.051763 0.060000
0 0.874156 0.473000 0.047637 0.063000
0 0.836647 0.518500 0.046887 0.061000
0 0.773818 0.525750 0.046512 0.066500
0 0.729932 0.555500 0.058515 0.061000
0 0.780383 0.627500 0.049137 0.072000
0 0.824269 0.590250 0.043886 0.064500
0 0.729932 0.639000 0.043511 0.058000
0 0.701613 0.702500 0.045386 0.065000
0 0.677794 0.728250 0.041260 0.049500
0 0.723368 0.731000 0.041635 0.050000
0 0.748312 0.694500 0.042761 0.061000
0 0.799700 0.677000 0.039010 0.048000