0 0.067329 0.471000 0.060390 0.064000
0 0.094336 0.393750 0.052138 0.062500
0 0.102026 0.370250 0.057014 0.059500
0 0.156227 0.287500 0.057389 0.062000
0 0.184734 0.267750 0.060390 0.075500
0 0.258252 0.215250 0.049137 0.075500
0 0.305514 0.221000 0.058140 0.082000
0 0.219617 0.290750 0.052888 0.064500
0 0.192986 0.351750 0.054389 0.065500
0 0.145911 0.414750 0.061515 0.062500
0 0.120218 0.476000 0.058140 0.060000
0 0.121905 0.551000 0.054764 0.059000
0 0.139910 0.599250 0.051763 0.053500
0 0.183796 0.612750 0.050263 0.044500
0 0.195236 0.594750 0.046137 0.048500
0 0.230683 0.619250 0.043511 0.049500
0 0.237809 0.580250 0.051763 0.051500
0 0.276819 0.589250 0.042761 0.051500
0 0.099212 0.488250 0.034134 0.034500
0 0.152476 0.482000 0.027382 0.047000
0 0.189047 0.529750 0.048012 0.034500
0 0.179107 0.501000 0.052888 0.068000
0 0.227307 0.496250 0.043511 0.052500
0 0.269317 0.519500 0.051763 0.048000
0 0.202738 0.422750 0.052888 0.060500
0 0.232183 0.376000 0.057764 0.074000
0 0.269317 0.314750 0.058515 0.073500
0 0.243436 0.472750 0.048762 0.060500
0 0.290135 0.496750 0.044636 0.055500
0 0.318455 0.550750 0.050263 0.051500
0 0.324081 0.600000 0.047262 0.050000
0 0.378470 0.603000 0.043511 0.053000
0 0.361028 0.548500 0.042386 0.045000
0 0.338710 0.501000 0.052513 0.052000
0 0.292948 0.402500 0.050263 0.065000
0 0.316017 0.343250 0.056639 0.060500
0 0.344336 0.293500 0.057014 0.069000
0 0.396099 0.301500 0.054014 0.061000
0 0.367029 0.328250 0.053638 0.061500
0 0.341335 0.389750 0.044261 0.065500
0 0.327457 0.420750 0.051763 0.052500
0 0.433046 0.238000 0.058890 0.070000
0 0.409040 0.368500 0.052888 0.064000
0 0.389722 0.425250 0.051763 0.058500
0 0.371155 0.451500 0.048387 0.056000
0 0.384471 0.511000 0.050263 0.054000
0 0.404726 0.589000 0.048762 0.050000
0 0.418417 0.633750 0.044636 0.045500
0 0.434734 0.600750 0.042761 0.053500
0 0.430983 0.534000 0.047262 0.051000
0 0.429107 0.468000 0.051013 0.044000
0 0.439422 0.448250 0.048387 0.060500
0 0.458365 0.389750 0.052513 0.062500
0 0.472806 0.307000 0.049887 0.071000
0 0.494561 0.279000 0.053638 0.073000
0 0.524756 0.320250 0.054014 0.065500
0 0.509190 0.369750 0.052138 0.058500
0 0.495874 0.443000 0.049512 0.063000
0 0.473556 0.454250 0.038635 0.050500
0 0.478807 0.501250 0.046887 0.049500
0 0.468867 0.568000 0.048012 0.044000
0 0.475431 0.605250 0.043136 0.043500
0 0.451988 0.665500 0.048012 0.042000
0 0.493811 0.658750 0.048387 0.040500
0 0.521568 0.630500 0.041635 0.049000
0 0.525506 0.699000 0.046512 0.043000
0 0.565641 0.703500 0.038260 0.043000
0 0.554201 0.627000 0.033383 0.043000
0 0.564891 0.598500 0.026257 0.039000
0 0.506939 0.578750 0.040885 0.056500
0 0.545949 0.577000 0.040885 0.047000
0 0.518192 0.511750 0.040885 0.050500
0 0.517817 0.476500 0.047637 0.052000
0 0.600338 0.285500 0.051388 0.067000
0 0.567517 0.339000 0.050263 0.061000
0 0.546887 0.384750 0.044261 0.058500
0 0.557577 0.445000 0.049137 0.053000
0 0.562453 0.508250 0.046137 0.052500
0 0.588335 0.587250 0.043886 0.055500
0 0.597337 0.641750 0.041635 0.044500
0 0.602213 0.670750 0.040135 0.039500
0 0.590773 0.403750 0.045011 0.056500
0 0.598650 0.468250 0.048012 0.049500
0 0.595461 0.516750 0.039385 0.052500
0 0.629032 0.562500 0.042011 0.047000
0 0.613278 0.591000 0.031508 0.041000
0 0.650038 0.701750 0.045011 0.040500
0 0.682671 0.669000 0.038260 0.047000
0 0.643286 0.613250 0.039760 0.045500
0 0.661665 0.581250 0.035259 0.051500
0 0.638410 0.514000 0.045761 0.048000
0 0.636909 0.448000 0.045761 0.057000
0 0.668417 0.537000 0.045011 0.043000
0 0.685671 0.508500 0.045011 0.052000
0 0.620780 0.373250 0.048012 0.065500
0 0.669542 0.334500 0.051013 0.060000
0 0.660728 0.381500 0.036384 0.051000
0 0.686047 0.425750 0.048012 0.051500
0 0.749625 0.431250 0.047637 0.064500
0 0.731433 0.466000 0.042761 0.048000
0 0.727119 0.537500 0.055139 0.045000
0 0.693548 0.564750 0.043511 0.037500
0 0.690173 0.594000 0.039760 0.040000
0 0.722993 0.641750 0.042386 0.049500
0 0.732933 0.588000 0.041260 0.046000
0 0.755064 0.602250 0.038260 0.043500
0 0.750188 0.528500 0.034509 0.046000
0 0.747749 0.489250 0.041635 0.049500
0 0.758815 0.557250 0.033758 0.044500
0 0.814329 0.627000 0.034509 0.054000
0 0.827832 0.572250 0.038260 0.052500
0 0.793698 0.528750 0.042761 0.043500
0 0.774944 0.416750 0.034509 0.055500
0 0.792011 0.468750 0.043886 0.054500
0 0.819767 0.488250 0.040885 0.051500
0 0.832896 0.516250 0.047637 0.045500
0 0.821268 0.398750 0.052138 0.058500
0 0.840773 0.448250 0.052888 0.048500
0 0.855214 0.481250 0.046512 0.051500