0 0.257877 0.382500 0.100900 0.131000
0 0.344711 0.381250 0.088522 0.109500
0 0.374719 0.267250 0.086272 0.133500
0 0.457802 0.355500 0.081395 0.118000
0 0.239497 0.506750 0.100900 0.117500
0 0.328582 0.504250 0.088522 0.117500
0 0.416542 0.463750 0.088147 0.102500
0 0.487997 0.482500 0.072768 0.094000
0 0.260878 0.608250 0.085146 0.110500
0 0.341523 0.594500 0.079895 0.100000
0 0.391973 0.638750 0.077269 0.091500
0 0.426107 0.559000 0.080270 0.091000
0 0.486122 0.554750 0.055514 0.074500
0 0.471118 0.650750 0.069767 0.092500
0 0.311890 0.733250 0.081395 0.110500
0 0.374719 0.780000 0.083271 0.095000
0 0.470743 0.804000 0.080270 0.095000
0 0.514629 0.835750 0.067517 0.084500
0 0.549700 0.786000 0.052138 0.084000
0 0.528882 0.714500 0.063016 0.090000
0 0.587959 0.707750 0.060390 0.079500
0 0.527757 0.604000 0.065266 0.083000
0 0.607089 0.622750 0.064891 0.086500
0 0.665791 0.586500 0.060015 0.083000
0 0.560765 0.530750 0.063766 0.093500
0 0.617592 0.513000 0.060390 0.081000
0 0.723931 0.593750 0.053263 0.082500
0 0.711740 0.530250 0.055889 0.084500
0 0.754501 0.528750 0.045386 0.081500
0 0.743623 0.460500 0.053638 0.082000
0 0.782446 0.456250 0.038260 0.068500
0 0.789385 0.388000 0.052888 0.086000
0 0.668980 0.450250 0.055139 0.093500
0 0.616092 0.437500 0.061890 0.093000
0 0.538822 0.440500 0.063391 0.098000
0 0.594899 0.361750 0.069017 0.101500
0 0.657914 0.362250 0.057764 0.097500
0 0.759190 0.300000 0.059265 0.087000
0 0.685484 0.298750 0.059640 0.069500
0 0.705739 0.219750 0.070143 0.105500
0 0.605964 0.257000 0.069392 0.093000
0 0.528507 0.262250 0.071268 0.101500
0 0.606902 0.171000 0.072768 0.110000
0 0.502438 0.361250 0.063391 0.105500