0 0.375094 0.158250 0.034509 0.040500
0 0.352026 0.181750 0.030383 0.048500
0 0.422918 0.187000 0.032633 0.044000
0 0.309265 0.199250 0.035634 0.047500
0 0.340585 0.233250 0.029257 0.042500
0 0.369280 0.218250 0.032633 0.043500
0 0.394036 0.205750 0.028882 0.039500
0 0.447487 0.209750 0.036009 0.042500
0 0.261815 0.230000 0.036009 0.047000
0 0.283946 0.264000 0.028507 0.044000
0 0.311890 0.254500 0.028882 0.040000
0 0.342086 0.276500 0.033758 0.037000
0 0.384096 0.254250 0.030008 0.043500
0 0.412416 0.237000 0.031883 0.039000
0 0.442611 0.249250 0.032258 0.040500
0 0.470555 0.250750 0.024381 0.041500
0 0.370030 0.294750 0.025881 0.042500
0 0.228245 0.257250 0.037884 0.043500
0 0.197299 0.292000 0.034509 0.039000
0 0.240248 0.307750 0.032633 0.039500
0 0.279445 0.309500 0.037509 0.045000
0 0.200113 0.328750 0.035634 0.039500
0 0.315266 0.299250 0.033383 0.040500
0 0.340585 0.315750 0.033008 0.042500
0 0.305889 0.337500 0.034884 0.040000
0 0.169355 0.388500 0.031883 0.045000
0 0.207614 0.403250 0.028882 0.044500
0 0.141035 0.431250 0.033008 0.040500
0 0.182483 0.440000 0.033383 0.045000
0 0.263503 0.377500 0.034134 0.040000
0 0.296699 0.381000 0.033758 0.040000
0 0.241185 0.421250 0.032258 0.040500
0 0.273631 0.410750 0.032633 0.036500
0 0.282446 0.448000 0.032258 0.038000
0 0.221305 0.459250 0.035259 0.038500
0 0.150225 0.483250 0.034884 0.043500
0 0.203863 0.489750 0.032633 0.043500
0 0.237059 0.504250 0.035259 0.041500
0 0.140285 0.546250 0.033008 0.040500
0 0.177982 0.553750 0.034884 0.037500
0 0.221680 0.548000 0.034509 0.037000
0 0.149850 0.597750 0.031883 0.042500
0 0.191860 0.591250 0.031883 0.033500
0 0.193923 0.671750 0.033008 0.039500
0 0.229557 0.612750 0.030008 0.035500
0 0.259940 0.606250 0.030008 0.038500
0 0.237059 0.652000 0.031508 0.037000
0 0.302326 0.612500 0.027757 0.033000
0 0.255064 0.533000 0.036009 0.043000
0 0.271568 0.491750 0.030008 0.040500
0 0.314329 0.435750 0.035259 0.040500
0 0.310015 0.479250 0.028882 0.038500
0 0.333646 0.465750 0.031883 0.040500
0 0.300638 0.516250 0.031133 0.037500
0 0.287509 0.557500 0.030383 0.038000
0 0.313578 0.574250 0.030008 0.040500
0 0.339272 0.553250 0.031883 0.040500
0 0.345836 0.505750 0.026257 0.032500
0 0.364216 0.482000 0.033008 0.044000
0 0.338522 0.379000 0.031883 0.039000
0 0.358777 0.359750 0.026632 0.042500
0 0.388972 0.342250 0.027007 0.041500
0 0.395724 0.297000 0.030008 0.040000
0 0.422543 0.278750 0.031883 0.039500
0 0.445611 0.292000 0.027757 0.037000
0 0.426294 0.322250 0.024381 0.036500
0 0.420480 0.358500 0.029257 0.036000
0 0.395911 0.379750 0.027382 0.031500
0 0.378657 0.406750 0.031883 0.033500
0 0.347524 0.424000 0.032633 0.037000
0 0.384284 0.452750 0.028882 0.033500
0 0.405476 0.421750 0.029257 0.032500
0 0.428732 0.401500 0.029257 0.039000
0 0.443361 0.374750 0.020255 0.032500
0 0.382221 0.549000 0.030008 0.046000
0 0.403226 0.484750 0.030758 0.042500
0 0.419355 0.448250 0.027757 0.042500
0 0.447112 0.443000 0.027757 0.037000
0 0.457239 0.405750 0.029257 0.033500
0 0.474494 0.373500 0.028507 0.041000
0 0.463803 0.336250 0.032633 0.040500
0 0.486122 0.302500 0.027757 0.045000
0 0.482558 0.200500 0.031133 0.037000
0 0.519880 0.176750 0.031508 0.043500
0 0.510315 0.224750 0.031133 0.043500
0 0.498312 0.264000 0.031133 0.035000
0 0.511065 0.303250 0.027382 0.038500
0 0.530383 0.335000 0.027757 0.040000
0 0.501313 0.341000 0.030383 0.039000
0 0.516317 0.378750 0.027382 0.031500
0 0.497374 0.402250 0.027007 0.038500
0 0.480120 0.430750 0.029257 0.039500
0 0.504501 0.446500 0.030758 0.035000
0 0.522881 0.419000 0.029257 0.040000
0 0.454801 0.477750 0.029632 0.030500
0 0.485934 0.481500 0.024381 0.036000
0 0.465491 0.508000 0.028507 0.032000
0 0.493248 0.526000 0.026257 0.037000
0 0.521193 0.474500 0.025881 0.037000
0 0.549887 0.481250 0.028507 0.042500
0 0.543511 0.436250 0.024756 0.037500
0 0.547449 0.395750 0.028132 0.032500
0 0.565454 0.373750 0.025881 0.032500
0 0.556264 0.339750 0.024006 0.033500
0 0.551388 0.308250 0.026257 0.033500
0 0.534321 0.283500 0.025131 0.038000
0 0.552138 0.235500 0.030758 0.038000
0 0.547262 0.197000 0.030758 0.039000
0 0.575581 0.215500 0.025881 0.040000
0 0.615716 0.198750 0.032633 0.042500
0 0.589647 0.242250 0.027007 0.040500
0 0.607089 0.281500 0.028132 0.034000
0 0.588897 0.301750 0.028507 0.035500
0 0.596212 0.349750 0.026632 0.042500
0 0.591335 0.402250 0.025131 0.037500
0 0.571455 0.427250 0.029632 0.034500
0 0.602776 0.426250 0.022506 0.030500
0 0.573331 0.464500 0.023631 0.038000
0 0.601463 0.457500 0.023631 0.036000
0 0.580833 0.501750 0.024381 0.031500
0 0.601650 0.514000 0.022506 0.031000
0 0.615904 0.483000 0.024006 0.036000
0 0.622281 0.448250 0.021755 0.031500
0 0.617592 0.377250 0.024381 0.034500
0 0.627344 0.344000 0.028132 0.033000
0 0.636909 0.301000 0.025506 0.044000
0 0.625469 0.243750 0.028882 0.032500
0 0.669355 0.202500 0.025131 0.039000
0 0.657164 0.248250 0.027757 0.041500
0 0.685484 0.249500 0.027382 0.035000
0 0.695799 0.282000 0.027757 0.037000
0 0.657914 0.292500 0.022506 0.038000
0 0.692798 0.312500 0.030008 0.038000
0 0.651725 0.354750 0.023631 0.043500
0 0.647037 0.394500 0.027757 0.036000
0 0.656227 0.411750 0.021380 0.030500
0 0.668792 0.437500 0.024006 0.032000
0 0.654164 0.457500 0.024756 0.030000
0 0.683796 0.463750 0.022506 0.033500
0 0.660728 0.485500 0.022131 0.028000
0 0.638597 0.496000 0.027382 0.031000
0 0.637472 0.522250 0.025131 0.023500
0 0.698612 0.354250 0.023631 0.031500
0 0.691298 0.373000 0.027757 0.038000
0 0.707052 0.426250 0.028507 0.034500
0 0.706864 0.513000 0.031883 0.038000
0 0.719242 0.285750 0.027382 0.029500
0 0.719242 0.317750 0.024381 0.038500
0 0.739685 0.343000 0.030758 0.040000
0 0.742123 0.375500 0.025131 0.029000
0 0.725806 0.404250 0.024006 0.042500
0 0.746437 0.404250 0.021755 0.033500
0 0.738747 0.446500 0.025131 0.035000
0 0.737434 0.485500 0.025506 0.035000
0 0.758065 0.494250 0.023256 0.034500
0 0.749812 0.522500 0.021755 0.028000
0 0.729932 0.542500 0.024006 0.033000
0 0.761065 0.269500 0.026257 0.035000
0 0.765941 0.307750 0.027757 0.037500
0 0.792386 0.308750 0.023631 0.039500
0 0.769692 0.343000 0.026257 0.038000
0 0.782446 0.382000 0.025506 0.038000
0 0.785446 0.431500 0.024756 0.028000
0 0.782821 0.462000 0.029257 0.032000
0 0.780945 0.481000 0.022506 0.024000
0 0.796512 0.477250 0.015379 0.029500
0 0.811703 0.512250 0.026257 0.035500
0 0.838897 0.525000 0.024381 0.033000
0 0.828957 0.487250 0.021755 0.034500
0 0.830458 0.447250 0.024006 0.036500
0 0.811703 0.422500 0.025506 0.036000
0 0.860090 0.443000 0.024756 0.032000
0 0.881845 0.411750 0.022506 0.034500
0 0.838147 0.409250 0.020630 0.031500
0 0.830270 0.383750 0.028882 0.035500
0 0.860090 0.369750 0.028507 0.034500
0 0.868155 0.386250 0.022131 0.024500
0 0.816954 0.347000 0.030008 0.035000
0 0.840210 0.317000 0.026257 0.037000