0 0.281695 0.173000 0.081770 0.110000
0 0.143848 0.303000 0.082896 0.112000
0 0.237059 0.276250 0.084021 0.099500
0 0.344524 0.209000 0.074644 0.112000
0 0.300450 0.303000 0.075769 0.114000
0 0.210615 0.375750 0.079895 0.096500
0 0.141785 0.442750 0.081020 0.107500
0 0.145349 0.566500 0.082146 0.085000
0 0.132596 0.679500 0.082146 0.096000
0 0.174419 0.757500 0.068267 0.104000
0 0.254876 0.809250 0.076894 0.098500
0 0.254126 0.726750 0.082896 0.104500
0 0.237434 0.597750 0.084771 0.111500
0 0.222806 0.484500 0.087022 0.119000
0 0.285071 0.423500 0.096024 0.111000
0 0.301200 0.525000 0.081770 0.094000
0 0.325206 0.631000 0.080270 0.104000
0 0.354464 0.738500 0.083271 0.103000
0 0.324456 0.859250 0.081770 0.097500
0 0.400975 0.926000 0.092273 0.088000
0 0.470743 0.936000 0.081770 0.080000
0 0.393473 0.805500 0.083271 0.085000
0 0.460615 0.854500 0.082521 0.099000
0 0.576332 0.952000 0.074644 0.088000
0 0.419167 0.130500 0.079895 0.097000
0 0.462491 0.216000 0.082521 0.106000
0 0.404351 0.323000 0.075019 0.114000
0 0.369467 0.458000 0.074269 0.108000
0 0.520443 0.115750 0.079895 0.106500
0 0.596024 0.125250 0.084771 0.107500
0 0.540510 0.229500 0.083271 0.105000
0 0.500375 0.327500 0.087022 0.104000
0 0.451988 0.414250 0.081770 0.105500
0 0.417479 0.551000 0.084771 0.099000
0 0.419730 0.647250 0.094524 0.098500
0 0.446549 0.743000 0.076144 0.098000
0 0.647787 0.882500 0.081770 0.095000
0 0.721680 0.848250 0.081020 0.101500
0 0.567892 0.851500 0.082521 0.093000
0 0.521193 0.784250 0.083646 0.096500
0 0.703113 0.752000 0.080645 0.106000
0 0.622281 0.769750 0.082521 0.105500
0 0.576894 0.696500 0.087772 0.104000
0 0.515941 0.651500 0.082896 0.115000
0 0.734621 0.669750 0.072393 0.105500
0 0.647037 0.658750 0.084021 0.103500
0 0.580270 0.596500 0.088522 0.101000
0 0.501500 0.513250 0.092273 0.111500
0 0.757689 0.570500 0.084771 0.096000
0 0.675544 0.560750 0.084771 0.102500
0 0.600150 0.498750 0.081020 0.101500
0 0.539572 0.420250 0.090398 0.110500
0 0.674231 0.193500 0.082146 0.109000
0 0.617779 0.293250 0.093773 0.113500
0 0.631095 0.395500 0.085146 0.121000
0 0.692423 0.299250 0.082521 0.118500
0 0.767067 0.257500 0.080270 0.107000
0 0.870593 0.275250 0.088522 0.123500
0 0.773818 0.355750 0.087772 0.118500
0 0.855214 0.387000 0.078770 0.112000
0 0.706114 0.458000 0.088897 0.103000
0 0.783946 0.462500 0.084771 0.101000