0 0.073518 0.448750 0.038260 0.047500
0 0.116092 0.408250 0.034134 0.049500
0 0.144036 0.430500 0.032258 0.048000
0 0.146474 0.364500 0.038635 0.048000
0 0.142536 0.485000 0.036009 0.050000
0 0.091898 0.503750 0.036759 0.045500
0 0.113841 0.543250 0.030383 0.057500
0 0.079145 0.562250 0.032258 0.043500
0 0.113091 0.593250 0.038635 0.046500
0 0.076894 0.614750 0.037509 0.047500
0 0.093773 0.679250 0.031508 0.053500
0 0.119280 0.700250 0.035259 0.045500
0 0.121718 0.735000 0.041635 0.045000
0 0.139347 0.763500 0.040135 0.051000
0 0.159415 0.696500 0.039760 0.047000
0 0.179107 0.760500 0.032633 0.051000
0 0.193923 0.699500 0.030758 0.043000
0 0.222806 0.687500 0.030758 0.049000
0 0.200863 0.637250 0.035634 0.046500
0 0.246812 0.629000 0.034509 0.057000
0 0.223181 0.592000 0.042011 0.044000
0 0.259565 0.562750 0.037509 0.049500
0 0.197487 0.545250 0.035634 0.051500
0 0.169355 0.581000 0.037134 0.053000
0 0.174794 0.535750 0.024756 0.047500
0 0.181920 0.490250 0.039760 0.047500
0 0.189797 0.444250 0.036009 0.044500
0 0.183608 0.401500 0.030383 0.056000
0 0.130533 0.312500 0.034509 0.053000
0 0.195611 0.351000 0.031133 0.050000
0 0.227682 0.364750 0.039010 0.049500
0 0.229557 0.412750 0.039010 0.047500
0 0.223181 0.466000 0.045011 0.042000
0 0.247937 0.509250 0.043511 0.049500
0 0.291448 0.477000 0.036009 0.058000
0 0.241748 0.317750 0.040135 0.046500
0 0.277194 0.342500 0.037509 0.044000
0 0.255439 0.276500 0.036759 0.047000
0 0.285259 0.295000 0.036384 0.052000
0 0.279445 0.245250 0.040510 0.051500
0 0.305139 0.205250 0.046137 0.060500
0 0.335334 0.269250 0.038260 0.053500
0 0.321080 0.319750 0.032258 0.050500
0 0.311140 0.364000 0.037134 0.057000
0 0.270255 0.389000 0.031133 0.052000
0 0.299325 0.425250 0.039760 0.049500
0 0.329895 0.452250 0.039385 0.051500
0 0.340585 0.409250 0.032258 0.050500
0 0.257314 0.702750 0.034509 0.044500
0 0.271943 0.667500 0.035259 0.050000
0 0.292948 0.710250 0.036009 0.047500
0 0.241935 0.789000 0.039010 0.046000
0 0.272881 0.772000 0.031133 0.050000
0 0.313953 0.734500 0.037509 0.047000
0 0.323143 0.700000 0.039385 0.057000
0 0.323893 0.808250 0.035634 0.051500
0 0.304014 0.804250 0.024381 0.047500
0 0.363653 0.817500 0.031883 0.057000
0 0.311140 0.650000 0.035634 0.043000
0 0.306827 0.613000 0.037509 0.051000
0 0.306639 0.546250 0.032633 0.051500
0 0.340210 0.560500 0.033008 0.053000
0 0.353151 0.521500 0.034134 0.054000
0 0.365529 0.205250 0.037134 0.055500
0 0.397787 0.187750 0.038635 0.061500
0 0.423106 0.144250 0.043511 0.056500
0 0.439047 0.212000 0.035634 0.065000
0 0.458365 0.167000 0.035259 0.055000
0 0.471118 0.216250 0.037509 0.067500
0 0.493811 0.157500 0.036384 0.061000
0 0.512003 0.245250 0.045011 0.057500
0 0.379595 0.271750 0.047262 0.054500
0 0.368530 0.320250 0.045386 0.047500
0 0.356527 0.357250 0.046887 0.047500
0 0.365904 0.406000 0.036384 0.057000
0 0.401725 0.369750 0.036759 0.058500
0 0.375469 0.458500 0.039010 0.051000
0 0.378470 0.502500 0.037509 0.046000
0 0.374156 0.563000 0.038635 0.056000
0 0.361028 0.601250 0.034884 0.045500
0 0.345461 0.666000 0.036009 0.051000
0 0.371530 0.682250 0.033383 0.044500
0 0.382596 0.630000 0.037509 0.047000
0 0.397037 0.655750 0.034134 0.044500
0 0.372656 0.751500 0.035634 0.047000
0 0.394224 0.740000 0.039010 0.040000
0 0.392348 0.804000 0.037509 0.037000
0 0.414291 0.789500 0.039385 0.043000
0 0.403226 0.826250 0.036759 0.036500
0 0.440173 0.859500 0.038635 0.054000
0 0.445236 0.807500 0.039760 0.040000
0 0.441485 0.734250 0.034509 0.047500
0 0.463616 0.769000 0.035259 0.045000
0 0.488185 0.807000 0.036384 0.048000
0 0.478245 0.745500 0.040510 0.050000
0 0.485559 0.851750 0.032633 0.045500
0 0.430795 0.691250 0.037884 0.042500
0 0.448237 0.644000 0.037509 0.052000
0 0.430420 0.607750 0.035634 0.055500
0 0.469617 0.617000 0.033758 0.054000
0 0.463241 0.562500 0.043511 0.043000
0 0.419355 0.524000 0.033008 0.049000
0 0.442986 0.512250 0.035259 0.046500
0 0.478245 0.515750 0.035259 0.051500
0 0.419917 0.483750 0.040885 0.057500
0 0.417854 0.431250 0.039010 0.044500
0 0.455176 0.444500 0.035634 0.046000
0 0.445049 0.403000 0.032633 0.040000
0 0.436047 0.354250 0.038635 0.048500
0 0.412603 0.312500 0.041260 0.051000
0 0.427794 0.273250 0.045386 0.055500
0 0.459302 0.315250 0.040135 0.055500
0 0.474119 0.370750 0.034509 0.054500
0 0.489497 0.294000 0.042011 0.061000
0 0.525319 0.307750 0.039385 0.055500
0 0.514441 0.355750 0.048387 0.050500
0 0.528695 0.404250 0.037884 0.052500
0 0.487809 0.423250 0.043136 0.051500
0 0.503938 0.470250 0.046137 0.052500
0 0.520630 0.503250 0.042761 0.046500
0 0.512941 0.555000 0.040135 0.048000
0 0.508815 0.600750 0.034884 0.048500
0 0.508440 0.654750 0.037884 0.050500
0 0.491748 0.682500 0.036759 0.047000
0 0.527569 0.683000 0.035634 0.050000
0 0.520443 0.730750 0.037884 0.043500
0 0.523818 0.911000 0.040885 0.049000
0 0.543323 0.921000 0.034884 0.043000
0 0.575769 0.926250 0.033758 0.043500
0 0.588710 0.894750 0.037884 0.046500
0 0.615529 0.904000 0.033008 0.042000
0 0.632596 0.879500 0.031883 0.047000
0 0.533571 0.846250 0.035634 0.040500
0 0.555701 0.862000 0.031133 0.043000
0 0.570330 0.828250 0.029632 0.045500
0 0.599212 0.815500 0.040885 0.054000
0 0.637659 0.836000 0.039760 0.046000
0 0.662041 0.855000 0.032258 0.043000
0 0.553451 0.775750 0.036384 0.046500
0 0.554951 0.723500 0.036384 0.041000
0 0.597899 0.736750 0.038260 0.046500
0 0.618905 0.770000 0.036759 0.045000
0 0.565829 0.676000 0.038635 0.052000
0 0.592086 0.664500 0.042386 0.048000
0 0.604276 0.692750 0.036009 0.048500
0 0.644224 0.728750 0.041635 0.050500
0 0.656227 0.764750 0.039385 0.043500
0 0.667479 0.805000 0.036384 0.050000
0 0.552138 0.625500 0.039760 0.047000
0 0.544449 0.575000 0.034884 0.049000
0 0.563578 0.537000 0.037884 0.051000
0 0.583083 0.593750 0.037884 0.052500
0 0.619842 0.615500 0.037134 0.058000
0 0.651538 0.599000 0.041260 0.054000
0 0.659602 0.642250 0.046887 0.043500
0 0.578582 0.491500 0.039385 0.052000
0 0.597899 0.543000 0.034509 0.048000
0 0.632596 0.553000 0.036384 0.061000
0 0.667667 0.561000 0.043511 0.062000
0 0.664104 0.511750 0.045386 0.050500
0 0.612903 0.485500 0.039010 0.054000
0 0.566017 0.446250 0.039010 0.056500
0 0.573706 0.397750 0.041635 0.054500
0 0.605026 0.426500 0.044261 0.049000
0 0.560953 0.341500 0.043136 0.050000
0 0.618342 0.373250 0.046137 0.057500
0 0.650975 0.403000 0.044636 0.051000
0 0.656977 0.453000 0.040885 0.050000
0 0.564516 0.294500 0.038260 0.051000
0 0.596962 0.316000 0.043136 0.057000
0 0.637847 0.306250 0.040135 0.057500
0 0.553263 0.230500 0.043511 0.062000
0 0.608215 0.263500 0.042386 0.051000
0 0.657914 0.258500 0.045011 0.050000
0 0.533196 0.194250 0.042386 0.056500
0 0.590960 0.214250 0.041635 0.053500
0 0.629220 0.211000 0.033383 0.052000
0 0.660915 0.207750 0.055514 0.060500
0 0.540135 0.112250 0.042761 0.055500
0 0.558515 0.153000 0.039760 0.060000
0 0.607839 0.150250 0.041635 0.056500
0 0.589272 0.099250 0.046512 0.056500
0 0.564516 0.062750 0.036009 0.058500
0 0.614029 0.040250 0.047262 0.052500
0 0.638222 0.091250 0.046137 0.052500
0 0.651538 0.141000 0.042011 0.065000
0 0.701425 0.052250 0.048762 0.057500
0 0.748125 0.070000 0.042386 0.058000
0 0.692798 0.133250 0.039010 0.054500
0 0.721493 0.170250 0.043136 0.051500
0 0.741185 0.138250 0.039760 0.057500
0 0.788635 0.167750 0.037134 0.057500
0 0.718492 0.232500 0.046887 0.057000
0 0.770630 0.220000 0.043136 0.059000
0 0.804014 0.258500 0.040885 0.053000
0 0.851650 0.243500 0.045386 0.062000
0 0.683608 0.313750 0.044636 0.057500
0 0.719992 0.327500 0.037884 0.062000
0 0.759377 0.328500 0.043136 0.060000
0 0.804389 0.318250 0.037884 0.054500
0 0.688485 0.369500 0.037884 0.055000
0 0.716617 0.383500 0.042386 0.057000
0 0.691485 0.424000 0.035634 0.053000
0 0.695424 0.478250 0.041260 0.055500
0 0.737247 0.489250 0.045386 0.056500
0 0.719617 0.541250 0.040135 0.050500
0 0.704989 0.603250 0.036384 0.062500
0 0.672356 0.685250 0.041635 0.050500
0 0.714179 0.686000 0.042011 0.057000
0 0.691298 0.732000 0.039760 0.048000
0 0.726932 0.740500 0.039010 0.050000
0 0.717179 0.820000 0.045761 0.053000
0 0.691485 0.838750 0.031133 0.044500
0 0.708552 0.879500 0.036759 0.051000
0 0.653226 0.938750 0.038635 0.051500
0 0.690548 0.953750 0.036009 0.038500
0 0.737247 0.828250 0.031883 0.045500
0 0.769692 0.830750 0.034509 0.046500
0 0.799512 0.793750 0.037134 0.043500
0 0.771568 0.746500 0.038260 0.048000
0 0.811140 0.753500 0.040885 0.048000
0 0.870030 0.781250 0.041635 0.042500
0 0.839272 0.724750 0.041635 0.045500
0 0.926294 0.805250 0.049137 0.055500
0 0.909790 0.715750 0.046887 0.059500
0 0.798575 0.691250 0.041260 0.042500
0 0.753563 0.661500 0.054014 0.065000
0 0.808515 0.661500 0.042386 0.047000
0 0.770068 0.608500 0.042011 0.054000
0 0.803076 0.600250 0.040510 0.053500
0 0.839460 0.622750 0.040510 0.055500
0 0.927607 0.636000 0.040510 0.060000
0 0.912041 0.654500 0.032633 0.035000
0 0.757314 0.542500 0.043511 0.055000
0 0.788822 0.514250 0.040510 0.049500
0 0.827269 0.558250 0.042386 0.060500
0 0.857277 0.542750 0.043886 0.059500
0 0.890098 0.567000 0.042761 0.051000
0 0.749062 0.446750 0.039760 0.062500
0 0.790135 0.467250 0.043136 0.055500
0 0.835709 0.483250 0.040510 0.043500
0 0.759002 0.378250 0.042386 0.042500
0 0.809265 0.402750 0.047637 0.060500
0 0.844711 0.442500 0.051763 0.061000
0 0.838335 0.372250 0.046512 0.054500
0 0.867779 0.403750 0.038635 0.049500
0 0.905289 0.440000 0.040885 0.060000
0 0.886347 0.486750 0.048762 0.056500
0 0.847899 0.294750 0.037134 0.061500
0 0.858027 0.336000 0.044636 0.046000
0 0.878470 0.287750 0.036759 0.059500
0 0.906789 0.265500 0.041635 0.058000
0 0.926294 0.311250 0.039385 0.050500
0 0.926482 0.360000 0.051013 0.055000
0 0.961178 0.428750 0.051388 0.053500
0 0.963803 0.476000 0.039385 0.047000
0 0.930608 0.486500 0.033758 0.057000
0 0.923293 0.532000 0.046137 0.041000
0 0.972056 0.536000 0.046137 0.059000
0 0.946924 0.576750 0.045386 0.049500
0 0.961928 0.614750 0.036384 0.049500
0 0.037509 0.591250 0.029257 0.044500