0 0.154726 0.624000 0.052138 0.077000
0 0.228807 0.570250 0.056264 0.066500
0 0.201425 0.482500 0.059265 0.070000
0 0.242686 0.453000 0.056264 0.080000
0 0.258815 0.519000 0.061515 0.063000
0 0.277944 0.589000 0.046512 0.074000
0 0.242311 0.640000 0.054014 0.071000
0 0.290323 0.660250 0.048762 0.068500
0 0.251688 0.710750 0.044261 0.061500
0 0.223368 0.660500 0.049887 0.054000
0 0.292198 0.724000 0.053263 0.057000
0 0.388410 0.746000 0.050638 0.054000
0 0.412041 0.772000 0.035634 0.054000
0 0.450300 0.786500 0.055139 0.071000
0 0.401163 0.705750 0.056639 0.061500
0 0.325769 0.547500 0.055139 0.060000
0 0.341710 0.601500 0.054014 0.060000
0 0.382596 0.638500 0.055514 0.069000
0 0.428357 0.607750 0.051013 0.062500
0 0.397412 0.548500 0.055139 0.067000
0 0.356152 0.497250 0.049137 0.069500
0 0.313953 0.461250 0.051013 0.061500
0 0.338335 0.405250 0.058515 0.068500
0 0.268005 0.379250 0.061140 0.076500
0 0.374156 0.335000 0.058890 0.072000
0 0.393098 0.419500 0.049512 0.068000
0 0.441860 0.419500 0.049512 0.073000
0 0.415791 0.493750 0.055139 0.059500
0 0.469992 0.488750 0.051013 0.067500
0 0.449925 0.542750 0.055139 0.063500
0 0.490060 0.597250 0.054389 0.063500
0 0.503188 0.528500 0.050638 0.065000
0 0.536947 0.611250 0.043886 0.074500
0 0.566204 0.566250 0.056639 0.067500
0 0.564891 0.493000 0.048012 0.069000
0 0.509940 0.425250 0.055889 0.070500
0 0.554764 0.397250 0.055514 0.073500
0 0.452363 0.336250 0.057014 0.075500
0 0.416729 0.279250 0.055514 0.066500
0 0.438110 0.220250 0.062266 0.074500
0 0.482746 0.276250 0.060015 0.078500
0 0.538072 0.287000 0.053638 0.073000
0 0.562266 0.225750 0.060765 0.081500
0 0.590398 0.272750 0.049512 0.076500
0 0.546512 0.105250 0.049512 0.082500
0 0.595461 0.148250 0.053638 0.068500
0 0.631470 0.208250 0.047637 0.074500
0 0.690548 0.166000 0.054764 0.081000
0 0.734996 0.218500 0.052138 0.067000
0 0.778882 0.237250 0.052138 0.062500
0 0.711928 0.287000 0.046512 0.076000
0 0.653413 0.285000 0.057014 0.060000
0 0.598275 0.362750 0.057764 0.065500
0 0.510128 0.343000 0.051013 0.068000
0 0.614779 0.422750 0.051013 0.060500
0 0.672168 0.377750 0.060015 0.087500
0 0.683233 0.435500 0.046887 0.049000
0 0.714929 0.371250 0.050263 0.074500
0 0.737434 0.405750 0.053263 0.063500
0 0.743998 0.333750 0.051388 0.070500
0 0.786572 0.355750 0.046512 0.068500
0 0.812266 0.295000 0.045386 0.070000
0 0.836459 0.364500 0.054764 0.071000
0 0.862716 0.429000 0.048762 0.067000
0 0.794261 0.425750 0.050638 0.066500
0 0.719242 0.476750 0.043886 0.058500
0 0.779070 0.490750 0.046512 0.067500
0 0.681545 0.499000 0.050263 0.065000
0 0.716804 0.534000 0.042761 0.067000
0 0.616467 0.498000 0.055139 0.068000
0 0.650038 0.570250 0.051763 0.072500
0 0.693173 0.584000 0.052513 0.079000
0 0.600338 0.601000 0.051388 0.067000
0 0.635221 0.617500 0.040885 0.047000
0 0.745686 0.628500 0.051763 0.061000
0 0.774006 0.569750 0.047637 0.068500
0 0.836084 0.548500 0.051763 0.067000
0 0.863091 0.495500 0.051013 0.068000
0 0.887659 0.573250 0.050638 0.070500
0 0.841523 0.618500 0.055889 0.074000
0 0.796512 0.660500 0.055889 0.066000
0 0.787134 0.710250 0.037884 0.057500
0 0.798200 0.767500 0.051763 0.063000
0 0.750563 0.702250 0.050263 0.068500
0 0.743436 0.760250 0.051013 0.061500
0 0.712678 0.676000 0.051763 0.060000
0 0.673106 0.719500 0.055139 0.073000
0 0.704801 0.737750 0.048762 0.065500
0 0.635784 0.758750 0.048012 0.062500
0 0.593398 0.712750 0.049512 0.054500
0 0.553638 0.689000 0.050263 0.064000
0 0.516692 0.737750 0.051388 0.070500
0 0.584021 0.766750 0.051013 0.066500
0 0.860653 0.687750 0.053638 0.060500
0 0.847337 0.742500 0.048012 0.059000
0 0.899287 0.708000 0.034134 0.063000
0 0.909415 0.644250 0.046887 0.066500