0 0.216804 0.500250 0.027007 0.030500
0 0.234621 0.483250 0.031133 0.033500
0 0.224869 0.453500 0.030383 0.036000
0 0.222431 0.421750 0.023256 0.033500
0 0.225994 0.390250 0.023631 0.035500
0 0.252251 0.419250 0.031133 0.038500
0 0.254314 0.362500 0.026257 0.033000
0 0.253751 0.321250 0.027382 0.031500
0 0.269317 0.389250 0.024756 0.033500
0 0.286572 0.335750 0.024756 0.030500
0 0.313391 0.309000 0.027382 0.034000
0 0.322393 0.340250 0.028882 0.031500
0 0.292761 0.382000 0.024381 0.039000
0 0.315641 0.372750 0.028132 0.034500
0 0.282821 0.420750 0.023256 0.036500
0 0.261440 0.453750 0.024006 0.038500
0 0.279445 0.488250 0.027007 0.035500
0 0.245686 0.520250 0.028507 0.039500
0 0.239122 0.562000 0.029632 0.035000
0 0.260315 0.592250 0.027757 0.037500
0 0.252626 0.620500 0.019880 0.035000
0 0.260878 0.642000 0.028132 0.041000
0 0.275131 0.678500 0.026632 0.033000
0 0.299325 0.653250 0.027757 0.037500
0 0.283571 0.618250 0.033008 0.031500
0 0.318642 0.621250 0.026632 0.037500
0 0.304764 0.586250 0.023631 0.035500
0 0.285821 0.564500 0.027757 0.035000
0 0.272693 0.529750 0.027007 0.036500
0 0.293511 0.516250 0.028132 0.035500
0 0.311703 0.483250 0.033008 0.033500
0 0.302326 0.458500 0.030008 0.036000
0 0.306827 0.411250 0.029257 0.034500
0 0.323893 0.437250 0.031883 0.033500
0 0.330270 0.391750 0.022131 0.033500
0 0.343773 0.419000 0.026632 0.033000
0 0.357464 0.454000 0.026257 0.033000
0 0.337959 0.475000 0.024006 0.044000
0 0.346024 0.500750 0.025881 0.035500
0 0.324456 0.519750 0.030008 0.034500
0 0.369467 0.485750 0.029257 0.040500
0 0.379970 0.512250 0.027007 0.029500
0 0.369280 0.421000 0.025881 0.033000
0 0.383346 0.458000 0.026257 0.033000
0 0.403601 0.477750 0.026257 0.032500
0 0.348837 0.378000 0.024756 0.033000
0 0.365154 0.390250 0.026632 0.030500
0 0.346774 0.320250 0.022881 0.029500
0 0.360840 0.346000 0.025506 0.034000
0 0.372468 0.309500 0.028507 0.035000
0 0.387284 0.337750 0.030383 0.031500
0 0.396287 0.372500 0.026632 0.027000
0 0.394224 0.411250 0.024756 0.032500
0 0.406039 0.325500 0.025131 0.018000
0 0.417479 0.340500 0.029257 0.033000
0 0.432483 0.334750 0.018005 0.026500
0 0.451050 0.312500 0.024381 0.040000
0 0.457239 0.350500 0.030758 0.031000
0 0.422918 0.388750 0.022131 0.032500
0 0.445611 0.384750 0.024756 0.034500
0 0.425731 0.415500 0.029257 0.037000
0 0.404914 0.442750 0.028132 0.033500
0 0.428357 0.463750 0.023256 0.035500
0 0.451050 0.438000 0.025881 0.037000
0 0.460240 0.409000 0.027007 0.030000
0 0.473743 0.385500 0.024006 0.030000
0 0.486872 0.409500 0.026257 0.034000
0 0.408477 0.514500 0.027757 0.032000
0 0.427232 0.499000 0.021005 0.033000
0 0.317142 0.553750 0.028132 0.032500
0 0.342648 0.550000 0.024381 0.036000
0 0.364966 0.562750 0.020255 0.039500
0 0.387472 0.549500 0.025506 0.033000
0 0.412228 0.547250 0.024756 0.039500
0 0.431733 0.527250 0.026257 0.036500
0 0.448987 0.490750 0.024756 0.030500
0 0.435859 0.564500 0.026257 0.033000
0 0.329332 0.587750 0.024756 0.032500
0 0.343398 0.614250 0.025881 0.034500
0 0.364029 0.623250 0.026632 0.037500
0 0.378657 0.590750 0.024381 0.034500
0 0.401913 0.583750 0.023631 0.032500
0 0.426294 0.595500 0.022881 0.036000
0 0.451050 0.589750 0.025131 0.037500
0 0.480683 0.575750 0.025131 0.035500
0 0.400038 0.616500 0.025881 0.037000
0 0.342461 0.667000 0.025506 0.043000
0 0.316017 0.691500 0.027382 0.037000
0 0.303826 0.711000 0.024756 0.033000
0 0.310015 0.742750 0.029632 0.037500
0 0.329520 0.717250 0.025881 0.035500
0 0.348650 0.747500 0.025881 0.036000
0 0.363278 0.726750 0.028882 0.036500
0 0.358777 0.689250 0.025881 0.039500
0 0.330458 0.770000 0.028507 0.031000
0 0.362903 0.777250 0.025881 0.035500
0 0.386347 0.763000 0.027007 0.039000
0 0.408477 0.782250 0.028507 0.039500
0 0.387284 0.806500 0.028132 0.034000
0 0.406227 0.820250 0.030758 0.037500
0 0.418980 0.859250 0.027007 0.037500
0 0.450675 0.868000 0.026632 0.030000
0 0.476369 0.865000 0.024756 0.036000
0 0.430233 0.805500 0.027007 0.039000
0 0.442048 0.832250 0.027382 0.037500
0 0.465866 0.826500 0.025506 0.042000
0 0.456677 0.793000 0.027382 0.043000
0 0.396849 0.725000 0.029257 0.041000
0 0.411290 0.745750 0.032633 0.034500
0 0.435109 0.761000 0.027757 0.039000
0 0.444111 0.726500 0.027757 0.034000
0 0.392536 0.683750 0.028882 0.036500
0 0.415791 0.698500 0.028132 0.040000
0 0.375656 0.654750 0.025131 0.035500
0 0.409415 0.658250 0.025131 0.035500
0 0.434171 0.665250 0.029632 0.030500
0 0.451238 0.693250 0.033758 0.034500
0 0.466054 0.672250 0.025131 0.038500
0 0.430420 0.630000 0.028132 0.035000
0 0.453863 0.635000 0.020255 0.038000
0 0.475619 0.636250 0.026257 0.035500
0 0.473743 0.606000 0.025506 0.029000
0 0.487997 0.699000 0.025506 0.038000
0 0.469617 0.723000 0.024756 0.031000
0 0.488372 0.740500 0.025506 0.035000
0 0.474494 0.769250 0.028507 0.036500
0 0.501313 0.764000 0.027382 0.038000
0 0.487059 0.811250 0.026632 0.040500
0 0.512378 0.799000 0.027007 0.033000
0 0.501875 0.858250 0.025506 0.032500
0 0.515566 0.835000 0.025131 0.036000
0 0.539572 0.819000 0.024381 0.039000
0 0.499437 0.895000 0.022881 0.040000
0 0.521193 0.882250 0.025131 0.032500
0 0.543136 0.862500 0.027757 0.033000
0 0.571643 0.860000 0.027007 0.034000
0 0.573893 0.810750 0.029257 0.032500
0 0.582521 0.835750 0.026257 0.033500
0 0.536572 0.784750 0.027382 0.034500
0 0.530758 0.750000 0.023256 0.035000
0 0.555701 0.766750 0.026632 0.033500
0 0.587209 0.775000 0.027382 0.037000
0 0.519317 0.718750 0.026632 0.030500
0 0.492873 0.663000 0.027007 0.043000
0 0.518942 0.685750 0.026632 0.041500
0 0.547449 0.683500 0.027382 0.037000
0 0.520068 0.644750 0.029632 0.038500
0 0.496624 0.609500 0.024756 0.041000
0 0.518755 0.604000 0.022506 0.034000
0 0.538635 0.626750 0.026257 0.035500
0 0.558140 0.653750 0.028507 0.037500
0 0.481808 0.537500 0.023631 0.034000
0 0.470555 0.503250 0.025881 0.033500
0 0.492311 0.513500 0.022881 0.028000
0 0.466429 0.472250 0.028132 0.034500
0 0.491935 0.453750 0.024381 0.028500
0 0.500563 0.476250 0.026632 0.029500
0 0.516879 0.498000 0.024756 0.032000
0 0.526632 0.471750 0.024756 0.030500
0 0.507877 0.421250 0.021755 0.032500
0 0.500188 0.389500 0.024381 0.027000
0 0.484809 0.349250 0.025131 0.029500
0 0.483121 0.302500 0.024756 0.033000
0 0.473931 0.281250 0.023631 0.026500
0 0.497374 0.281500 0.024756 0.032000
0 0.510503 0.310250 0.024006 0.033500
0 0.510878 0.357000 0.022506 0.032000
0 0.524944 0.398250 0.025131 0.034500
0 0.548575 0.409250 0.021380 0.030500
0 0.545761 0.443750 0.030008 0.031500
0 0.569767 0.439500 0.023256 0.030000
0 0.546699 0.357000 0.021380 0.035000
0 0.541635 0.323500 0.024006 0.036000
0 0.526819 0.294500 0.025131 0.024000
0 0.531883 0.266500 0.024756 0.029000
0 0.548387 0.287750 0.025506 0.032500
0 0.560765 0.229000 0.027757 0.038000
0 0.591148 0.247750 0.025506 0.035500
0 0.609340 0.252000 0.016129 0.027000
0 0.604464 0.274750 0.026632 0.031500
0 0.630533 0.267500 0.024756 0.041000
0 0.647224 0.235500 0.026632 0.037000
0 0.670293 0.293000 0.026257 0.033000
0 0.704239 0.270750 0.021380 0.039500
0 0.628282 0.306500 0.022506 0.029000
0 0.650600 0.310500 0.025131 0.031000
0 0.597524 0.324500 0.024756 0.037000
0 0.574644 0.343000 0.027757 0.034000
0 0.599212 0.359000 0.024381 0.028000
0 0.586084 0.389750 0.023631 0.034500
0 0.611965 0.385000 0.024381 0.033000
0 0.635034 0.385250 0.024756 0.033500
0 0.627532 0.334000 0.026257 0.032000
0 0.662791 0.336500 0.027007 0.035000
0 0.676294 0.330750 0.020255 0.032500
0 0.688297 0.354500 0.024756 0.030000
0 0.665604 0.383000 0.025131 0.034000
0 0.712866 0.379250 0.025131 0.029500
0 0.699175 0.398750 0.023256 0.034500
0 0.594524 0.428000 0.026257 0.027000
0 0.628657 0.414000 0.028507 0.023000
0 0.630720 0.432750 0.025881 0.031500
0 0.600713 0.457500 0.025131 0.036000
0 0.554389 0.478750 0.025506 0.035500
0 0.570893 0.487500 0.018005 0.033000
0 0.542011 0.516750 0.021005 0.034500
0 0.511628 0.539000 0.024756 0.032000
0 0.533196 0.563500 0.025131 0.038000
0 0.552888 0.545500 0.023256 0.031000
0 0.546324 0.594000 0.025131 0.034000
0 0.567517 0.583500 0.023256 0.037000
0 0.566767 0.619250 0.020255 0.033500
0 0.591523 0.604000 0.027757 0.025000
0 0.596962 0.629500 0.025881 0.032000
0 0.580083 0.647750 0.022881 0.030500
0 0.578020 0.679000 0.027757 0.036000
0 0.597899 0.672250 0.024006 0.036500
0 0.560203 0.728750 0.028882 0.034500
0 0.571643 0.712000 0.027007 0.030000
0 0.587959 0.740000 0.026632 0.037000
0 0.603338 0.790250 0.025131 0.031500
0 0.617592 0.823500 0.026632 0.036000
0 0.641410 0.797500 0.026257 0.035000
0 0.646662 0.764750 0.030758 0.036500
0 0.670105 0.758250 0.022881 0.035500
0 0.607652 0.708000 0.027007 0.035000
0 0.629782 0.712750 0.021005 0.038500
0 0.659415 0.712000 0.027007 0.035000
0 0.683983 0.729750 0.025131 0.035500
0 0.641973 0.679250 0.024381 0.034500
0 0.624344 0.646750 0.023631 0.032500
0 0.642536 0.612250 0.024006 0.033500
0 0.651538 0.647750 0.025506 0.037500
0 0.674419 0.690000 0.023256 0.039000
0 0.690360 0.666750 0.022881 0.039500
0 0.698425 0.698500 0.022506 0.029000
0 0.710428 0.666250 0.023256 0.032500
0 0.697862 0.628000 0.029632 0.035000
0 0.669355 0.625000 0.024381 0.034000
0 0.605589 0.581000 0.029632 0.029000
0 0.579520 0.545500 0.021755 0.032000
0 0.570893 0.517750 0.027757 0.029500
0 0.597899 0.508500 0.027007 0.035000
0 0.604651 0.547500 0.027007 0.036000
0 0.628282 0.530500 0.024006 0.039000
0 0.643473 0.541500 0.025131 0.032000
0 0.626407 0.495250 0.025506 0.031500
0 0.649662 0.506500 0.024756 0.036000
0 0.648350 0.572750 0.027382 0.033500
0 0.668042 0.591000 0.023256 0.032000
0 0.650413 0.440250 0.020255 0.038500
0 0.658102 0.474250 0.028882 0.031500
0 0.677794 0.432500 0.026257 0.037000
0 0.691673 0.460750 0.022506 0.033500
0 0.699737 0.491500 0.024381 0.031000
0 0.677982 0.503250 0.023631 0.034500
0 0.698987 0.531250 0.023631 0.035500
0 0.692986 0.554750 0.028132 0.035500
0 0.719617 0.547000 0.022131 0.025000
0 0.684546 0.581250 0.024006 0.020500
0 0.731058 0.430250 0.027007 0.034500
0 0.728620 0.465000 0.027382 0.033000
0 0.731245 0.495750 0.028882 0.032500
0 0.742873 0.525750 0.021380 0.032500
0 0.741935 0.591000 0.027757 0.035000
0 0.743998 0.555750 0.028882 0.032500
0 0.753751 0.614500 0.022131 0.029000
0 0.747374 0.643000 0.022881 0.036000
0 0.725056 0.628000 0.020255 0.038000
0 0.717929 0.530000 0.021755 0.014000