0 0.214929 0.966500 0.039010 0.049000
0 0.249625 0.843750 0.036384 0.038500
0 0.194674 0.817250 0.036009 0.039500
0 0.303076 0.818500 0.032258 0.047000
0 0.249812 0.784500 0.034509 0.038000
0 0.338335 0.814750 0.021755 0.029500
0 0.354089 0.804250 0.036759 0.037500
0 0.385971 0.807500 0.030008 0.038000
0 0.412416 0.830000 0.031133 0.037000
0 0.421793 0.895500 0.034884 0.042000
0 0.457989 0.916500 0.037509 0.042000
0 0.213616 0.724750 0.031883 0.036500
0 0.254876 0.730750 0.031133 0.037500
0 0.283571 0.741750 0.033008 0.040500
0 0.326144 0.740750 0.029632 0.043500
0 0.366279 0.736500 0.030383 0.037000
0 0.275694 0.686250 0.031508 0.039500
0 0.191673 0.664500 0.032258 0.040000
0 0.214179 0.663000 0.032258 0.040000
0 0.181920 0.625750 0.034509 0.043500
0 0.129782 0.530500 0.035259 0.046000
0 0.179107 0.553500 0.035634 0.039000
0 0.219055 0.572250 0.036009 0.044500
0 0.223931 0.552000 0.038260 0.042000
0 0.237622 0.606250 0.036384 0.040500
0 0.261815 0.644750 0.033758 0.042500
0 0.272131 0.623250 0.036384 0.049500
0 0.273818 0.594000 0.037509 0.044000
0 0.257502 0.568250 0.028132 0.031500
0 0.301388 0.646500 0.032633 0.043000
0 0.305889 0.675250 0.019880 0.030500
0 0.327082 0.681250 0.036009 0.044500
0 0.357839 0.696250 0.035259 0.036500
0 0.330645 0.638250 0.034884 0.046500
0 0.160728 0.462000 0.034884 0.043000
0 0.143098 0.365750 0.036384 0.045500
0 0.143661 0.321250 0.039010 0.052500
0 0.173106 0.414750 0.036384 0.044500
0 0.200863 0.397000 0.037884 0.050000
0 0.211740 0.444500 0.038635 0.046000
0 0.213616 0.471500 0.034884 0.030000
0 0.237809 0.488000 0.038260 0.047000
0 0.189235 0.348500 0.038635 0.050000
0 0.198987 0.294250 0.037884 0.053500
0 0.222618 0.351000 0.038635 0.057000
0 0.243061 0.273000 0.036009 0.054000
0 0.239497 0.221250 0.037134 0.059500
0 0.266129 0.157750 0.040135 0.059500
0 0.322956 0.173250 0.027757 0.054500
0 0.346399 0.178750 0.031133 0.059500
0 0.277007 0.286000 0.035634 0.062000
0 0.265004 0.324500 0.039385 0.050000
0 0.314891 0.251750 0.032633 0.053500
0 0.330083 0.239250 0.041260 0.058500
0 0.333833 0.299250 0.038260 0.056500
0 0.307577 0.326000 0.041260 0.055000
0 0.291635 0.366500 0.036384 0.049000
0 0.252813 0.392250 0.038260 0.051500
0 0.268192 0.452250 0.038260 0.050500
0 0.274381 0.489000 0.034134 0.040000
0 0.285821 0.528250 0.043511 0.043500
0 0.332146 0.556500 0.041635 0.046000
0 0.330458 0.515000 0.039760 0.049000
0 0.325206 0.465250 0.039760 0.039500
0 0.323143 0.435750 0.043886 0.055500
0 0.329332 0.374000 0.036759 0.053000
0 0.388410 0.153500 0.043136 0.055000
0 0.388785 0.221750 0.045386 0.066500
0 0.363466 0.273250 0.038260 0.064500
0 0.374531 0.335500 0.043136 0.056000
0 0.367217 0.392500 0.039760 0.052000
0 0.364216 0.445000 0.044261 0.050000
0 0.373781 0.501250 0.038635 0.053500
0 0.378657 0.537250 0.040135 0.044500
0 0.371155 0.592000 0.037134 0.050000
0 0.376219 0.639750 0.035259 0.042500
0 0.382971 0.672500 0.039760 0.041000
0 0.389160 0.710250 0.036384 0.044500
0 0.394599 0.750750 0.036009 0.039500
0 0.402663 0.786250 0.034884 0.038500
0 0.433608 0.791500 0.033758 0.038000
0 0.421230 0.761000 0.033008 0.040000
0 0.414666 0.262250 0.044636 0.062500
0 0.407352 0.318750 0.046512 0.061500
0 0.408290 0.416750 0.038635 0.056500
0 0.403226 0.459000 0.042011 0.053000
0 0.409227 0.513250 0.043511 0.050500
0 0.428545 0.106250 0.044636 0.065500
0 0.432108 0.181250 0.045011 0.060500
0 0.467179 0.094250 0.046137 0.068500
0 0.498500 0.145750 0.050263 0.061500
0 0.526819 0.110000 0.048387 0.067000
0 0.536572 0.174500 0.048387 0.065000
0 0.462678 0.236000 0.047637 0.059000
0 0.455551 0.288750 0.043886 0.056500
0 0.445236 0.350750 0.048762 0.055500
0 0.445424 0.452750 0.040135 0.054500
0 0.430233 0.557750 0.040510 0.047500
0 0.405664 0.602000 0.037134 0.052000
0 0.407164 0.639500 0.039385 0.043000
0 0.413916 0.683500 0.038635 0.045000
0 0.415979 0.725000 0.030758 0.047000
0 0.474494 0.774250 0.042011 0.044500
0 0.476557 0.737000 0.040135 0.046000
0 0.457427 0.667500 0.034884 0.045000
0 0.439047 0.621750 0.036384 0.047500
0 0.478245 0.632250 0.042761 0.046500
0 0.508440 0.216750 0.046887 0.063500
0 0.504314 0.271000 0.042386 0.063000
0 0.487809 0.329500 0.045386 0.060000
0 0.493248 0.390500 0.045011 0.056000
0 0.480495 0.476750 0.035259 0.051500
0 0.457614 0.519750 0.039760 0.050500
0 0.465116 0.571500 0.035259 0.050000
0 0.507689 0.654250 0.034884 0.046500
0 0.505064 0.702250 0.040885 0.044500
0 0.524194 0.729750 0.031883 0.035500
0 0.542011 0.720000 0.036759 0.044000
0 0.524944 0.795750 0.035634 0.040500
0 0.535071 0.779750 0.019880 0.034500
0 0.554764 0.778250 0.035259 0.044500
0 0.534509 0.831500 0.036759 0.040000
0 0.563203 0.818250 0.040885 0.047500
0 0.606527 0.791750 0.036759 0.034500
0 0.613091 0.760250 0.039385 0.043500
0 0.629032 0.776000 0.031508 0.036000
0 0.653601 0.767500 0.037884 0.042000
0 0.577832 0.722500 0.037884 0.043000
0 0.619842 0.720250 0.041635 0.048500
0 0.651725 0.715500 0.035634 0.041000
0 0.539385 0.665250 0.035259 0.042500
0 0.566392 0.687250 0.039760 0.046500
0 0.608965 0.658000 0.036384 0.052000
0 0.645161 0.674500 0.036009 0.050000
0 0.534884 0.622750 0.042011 0.044500
0 0.507502 0.556000 0.037509 0.050000
0 0.566392 0.564250 0.038260 0.046500
0 0.583833 0.596000 0.041635 0.039000
0 0.633158 0.582500 0.035259 0.055000
0 0.668792 0.582000 0.043511 0.048000
0 0.683796 0.631000 0.039760 0.044000
0 0.706114 0.616500 0.040135 0.047000
0 0.735559 0.611250 0.049512 0.051500
0 0.513316 0.502500 0.043136 0.047000
0 0.546699 0.528500 0.043886 0.052000
0 0.500750 0.458750 0.045761 0.052500
0 0.555889 0.478250 0.042761 0.048500
0 0.592086 0.474750 0.039385 0.052500
0 0.587772 0.501750 0.038260 0.046500
0 0.620405 0.524500 0.036009 0.041000
0 0.629032 0.504750 0.043511 0.053500
0 0.656977 0.522500 0.038635 0.043000
0 0.701425 0.547750 0.040510 0.053500
0 0.750000 0.520500 0.042386 0.058000
0 0.704239 0.504500 0.046887 0.048000
0 0.670105 0.472000 0.048387 0.053000
0 0.702738 0.461750 0.049137 0.059500
0 0.739122 0.464750 0.039385 0.050500
0 0.538072 0.410750 0.043886 0.054500
0 0.586272 0.402000 0.042761 0.054000
0 0.641223 0.430000 0.043136 0.057000
0 0.676669 0.408250 0.047262 0.057500
0 0.528882 0.327750 0.044261 0.061500
0 0.568455 0.352000 0.039385 0.056000
0 0.601088 0.357000 0.043886 0.055000
0 0.632408 0.331000 0.049512 0.065000
0 0.683796 0.331500 0.045011 0.056000
0 0.725619 0.357000 0.049137 0.057000
0 0.746249 0.382750 0.045386 0.069500
0 0.727307 0.312750 0.057014 0.062500
0 0.542386 0.265500 0.043511 0.066000
0 0.592273 0.287250 0.038260 0.051500
0 0.569955 0.222500 0.043886 0.060000
0 0.608402 0.253500 0.047262 0.061000
0 0.663541 0.256250 0.052513 0.066500
0 0.639535 0.199500 0.047262 0.062000
0 0.602776 0.109750 0.047262 0.062500
0 0.642911 0.373750 0.044261 0.051500