0 0.252626 0.731000 0.051388 0.061000
0 0.347899 0.739500 0.052138 0.052000
0 0.300075 0.705000 0.052513 0.051000
0 0.145349 0.665000 0.050638 0.057000
0 0.191485 0.684000 0.047637 0.051000
0 0.244186 0.674250 0.057764 0.056500
0 0.295949 0.664500 0.049512 0.059000
0 0.332146 0.697000 0.047637 0.055000
0 0.384846 0.692750 0.042011 0.054500
0 0.427607 0.687500 0.051763 0.054000
0 0.144786 0.584750 0.048012 0.067500
0 0.192798 0.609000 0.051013 0.071000
0 0.244936 0.606000 0.049512 0.062000
0 0.302326 0.620000 0.058515 0.052000
0 0.353338 0.631500 0.049512 0.058000
0 0.404164 0.625750 0.051388 0.062500
0 0.454801 0.621750 0.049887 0.052500
0 0.488372 0.575750 0.045761 0.061500
0 0.437547 0.580250 0.055139 0.067500
0 0.359527 0.578750 0.051388 0.058500
0 0.304201 0.565500 0.058515 0.065000
0 0.263503 0.570750 0.046887 0.067500
0 0.201425 0.560750 0.057764 0.059500
0 0.151913 0.527000 0.054014 0.068000
0 0.207052 0.472500 0.053263 0.065000
0 0.246999 0.445500 0.053638 0.069000
0 0.281133 0.506000 0.053638 0.072000
0 0.310015 0.449250 0.049887 0.065500
0 0.354276 0.498250 0.052888 0.064500
0 0.376219 0.439750 0.054014 0.069500
0 0.400788 0.526750 0.055139 0.073500
0 0.424231 0.473000 0.052513 0.066000
0 0.462678 0.515250 0.053638 0.066500
0 0.474119 0.437750 0.054014 0.066500
0 0.476932 0.374500 0.060390 0.077000
0 0.413353 0.396250 0.055514 0.080500
0 0.329520 0.385500 0.055889 0.069000
0 0.211178 0.365250 0.055514 0.072500
0 0.256564 0.335250 0.056264 0.075500
0 0.300075 0.324000 0.055514 0.076000
0 0.366092 0.345750 0.057014 0.077500
0 0.431733 0.321250 0.057014 0.063500
0 0.478807 0.296500 0.061140 0.080000
0 0.331958 0.250750 0.057764 0.092500
0 0.390098 0.267000 0.061515 0.077000
0 0.390660 0.181000 0.055889 0.085000
0 0.442611 0.218750 0.059265 0.081500
0 0.429107 0.113000 0.060015 0.093000
0 0.511065 0.196750 0.063391 0.092500
0 0.583458 0.151250 0.060390 0.092500
0 0.575206 0.235000 0.058890 0.083000
0 0.632033 0.216000 0.061515 0.076000
0 0.705176 0.217000 0.063766 0.081000
0 0.748687 0.151750 0.064516 0.088500
0 0.818080 0.182250 0.059265 0.089500
0 0.867967 0.249250 0.065266 0.088500
0 0.926482 0.311000 0.061515 0.077000
0 0.794449 0.274250 0.063016 0.091500
0 0.733121 0.281000 0.056639 0.082000
0 0.589835 0.315500 0.061140 0.071000
0 0.532446 0.374000 0.055889 0.062000
0 0.618342 0.371750 0.054389 0.081500
0 0.670480 0.329000 0.056639 0.080000
0 0.752626 0.346250 0.059640 0.073500
0 0.838335 0.326250 0.058515 0.075500
0 0.874719 0.363500 0.054764 0.066000
0 0.573143 0.420500 0.060765 0.076000
0 0.525506 0.451000 0.054014 0.069000
0 0.642911 0.438000 0.051763 0.078000
0 0.700488 0.393250 0.058140 0.068500
0 0.755814 0.422000 0.060765 0.065000
0 0.818455 0.400000 0.062266 0.070000
0 0.590773 0.470000 0.051763 0.071000
0 0.510690 0.516250 0.049887 0.065500
0 0.568642 0.527000 0.052513 0.065000
0 0.637472 0.506250 0.052888 0.065500
0 0.691485 0.494250 0.055889 0.052500
0 0.750563 0.507750 0.054764 0.061500
0 0.801950 0.460000 0.051013 0.058000
0 0.855776 0.445500 0.054389 0.067000
0 0.886159 0.482250 0.046137 0.055500
0 0.937359 0.488000 0.045761 0.050000