0 0.376969 0.193750 0.035259 0.047500
0 0.410165 0.205000 0.032633 0.044000
0 0.426669 0.170750 0.031133 0.045500
0 0.434546 0.139000 0.033383 0.036000
0 0.458552 0.124500 0.026632 0.046000
0 0.466617 0.179000 0.032258 0.044000
0 0.493436 0.176250 0.028132 0.041500
0 0.495874 0.140500 0.033008 0.041000
0 0.535821 0.112500 0.030383 0.040000
0 0.535071 0.161000 0.026632 0.043000
0 0.563016 0.171750 0.027757 0.043500
0 0.555889 0.212250 0.024006 0.046500
0 0.514441 0.203500 0.031883 0.043000
0 0.528695 0.221750 0.028132 0.036500
0 0.484059 0.218250 0.037134 0.042500
0 0.451613 0.219500 0.033008 0.044000
0 0.393473 0.246500 0.032258 0.042000
0 0.348462 0.261000 0.030008 0.043000
0 0.408477 0.287500 0.028507 0.046000
0 0.439235 0.268000 0.033758 0.043000
0 0.471118 0.270000 0.028507 0.042000
0 0.459865 0.300500 0.030008 0.039000
0 0.438672 0.307500 0.028882 0.040000
0 0.447299 0.346500 0.029632 0.045000
0 0.388410 0.328750 0.032633 0.041500
0 0.353151 0.320750 0.031883 0.047500
0 0.314704 0.319250 0.030758 0.038500
0 0.319580 0.357250 0.040510 0.041500
0 0.355776 0.365750 0.034884 0.041500
0 0.386534 0.365500 0.032633 0.041000
0 0.418042 0.358500 0.030383 0.043000
0 0.430608 0.381750 0.027007 0.039500
0 0.395724 0.391500 0.032258 0.039000
0 0.371343 0.405250 0.033008 0.045500
0 0.385971 0.429750 0.032258 0.028500
0 0.341898 0.410500 0.034884 0.041000
0 0.300075 0.400000 0.035259 0.044000
0 0.326707 0.464000 0.034509 0.049000
0 0.295574 0.457500 0.033008 0.042000
0 0.290323 0.497500 0.035259 0.045000
0 0.317142 0.497750 0.033383 0.045500
0 0.352776 0.505000 0.034884 0.043000
0 0.365154 0.474500 0.034134 0.044000
0 0.403976 0.468500 0.040510 0.044000
0 0.391973 0.503750 0.033758 0.042500
0 0.329895 0.537750 0.028132 0.043500
0 0.301388 0.537500 0.032633 0.041000
0 0.270255 0.532250 0.031883 0.044500
0 0.293511 0.577250 0.036384 0.037500
0 0.321080 0.595750 0.034509 0.039500
0 0.356152 0.579500 0.033383 0.046000
0 0.358965 0.617750 0.027757 0.035500
0 0.289760 0.626250 0.032633 0.040500
0 0.302513 0.665500 0.032633 0.038000
0 0.338335 0.646250 0.036759 0.041500
0 0.362341 0.653750 0.029257 0.040500
0 0.389535 0.635750 0.030383 0.041500
0 0.328207 0.682500 0.033758 0.040000
0 0.351463 0.694000 0.032258 0.040000
0 0.387659 0.703500 0.026632 0.053000
0 0.411478 0.695500 0.027007 0.043000
0 0.408665 0.657500 0.031133 0.037000
0 0.406414 0.728250 0.031883 0.030500
0 0.281695 0.705000 0.030758 0.041000
0 0.316579 0.717250 0.030758 0.039500
0 0.337584 0.734750 0.033758 0.042500
0 0.366842 0.747250 0.024006 0.051500
0 0.392348 0.766000 0.027757 0.038000
0 0.417667 0.781000 0.026632 0.035000
0 0.300825 0.751750 0.032258 0.039500
0 0.319955 0.772000 0.031508 0.038000
0 0.340585 0.788000 0.029257 0.043000
0 0.369467 0.796000 0.030008 0.041000
0 0.393473 0.805500 0.030008 0.038000
0 0.318080 0.822750 0.035259 0.038500
0 0.338522 0.829250 0.027382 0.042500
0 0.369092 0.844250 0.029257 0.035500
0 0.385034 0.866500 0.030383 0.032000
0 0.413353 0.864750 0.030758 0.036500
0 0.425919 0.842500 0.027382 0.040000
0 0.454051 0.847250 0.024381 0.032500
0 0.446924 0.890750 0.029632 0.039500
0 0.478245 0.890000 0.025506 0.048000
0 0.501688 0.878250 0.028882 0.044500
0 0.516879 0.891750 0.023256 0.035500
0 0.541260 0.884750 0.027757 0.035500
0 0.545199 0.854250 0.026632 0.038500
0 0.459677 0.821750 0.029632 0.034500
0 0.478807 0.803250 0.027382 0.034500
0 0.481808 0.773000 0.029632 0.045000
0 0.440923 0.784000 0.025881 0.040000
0 0.434359 0.747750 0.029257 0.042500
0 0.449362 0.713000 0.031508 0.034000
0 0.476557 0.694000 0.030383 0.040000
0 0.490060 0.717000 0.031133 0.048000
0 0.510690 0.746750 0.027382 0.043500
0 0.523068 0.755250 0.023631 0.043500
0 0.514441 0.799000 0.025131 0.037000
0 0.519505 0.820750 0.024756 0.040500
0 0.549512 0.809500 0.027757 0.040000
0 0.569580 0.798250 0.025881 0.038500
0 0.565079 0.845000 0.021380 0.035000
0 0.565454 0.872000 0.025881 0.030000
0 0.584396 0.849750 0.027757 0.040500
0 0.591523 0.864000 0.025506 0.034000
0 0.554764 0.764750 0.026257 0.040500
0 0.521755 0.715750 0.030758 0.046500
0 0.550263 0.725500 0.024006 0.035000
0 0.439047 0.660250 0.031133 0.040500
0 0.429295 0.627250 0.027382 0.043500
0 0.445986 0.621750 0.021005 0.041500
0 0.468117 0.645500 0.030008 0.036000
0 0.496249 0.662500 0.024006 0.045000
0 0.520818 0.667250 0.027382 0.040500
0 0.536009 0.683750 0.026257 0.033500
0 0.543136 0.646000 0.027007 0.034000
0 0.559265 0.661500 0.023256 0.043000
0 0.562641 0.702750 0.024756 0.035500
0 0.584396 0.698250 0.021755 0.035500
0 0.590960 0.760000 0.024381 0.032000
0 0.599775 0.797000 0.027007 0.036000
0 0.614029 0.770000 0.020255 0.032000
0 0.611028 0.829250 0.024756 0.040500
0 0.628470 0.851750 0.026632 0.035500
0 0.630908 0.885250 0.022506 0.036500
0 0.650788 0.868500 0.021005 0.034000
0 0.665229 0.847500 0.023631 0.042000
0 0.390848 0.582000 0.036009 0.037000
0 0.385784 0.546500 0.031883 0.041000
0 0.406789 0.542750 0.029632 0.037500
0 0.418980 0.578250 0.032258 0.044500
0 0.444861 0.548250 0.036759 0.043500
0 0.454426 0.571750 0.030383 0.033500
0 0.471868 0.598500 0.030758 0.049000
0 0.483121 0.578000 0.025506 0.034000
0 0.496249 0.598750 0.034509 0.039500
0 0.508627 0.619500 0.025506 0.038000
0 0.514629 0.567250 0.029257 0.039500
0 0.550263 0.570750 0.027757 0.036500
0 0.550638 0.607500 0.030008 0.041000
0 0.574831 0.618500 0.022881 0.036000
0 0.586084 0.644000 0.029632 0.030000
0 0.484621 0.540000 0.030758 0.042000
0 0.461365 0.517000 0.027757 0.036000
0 0.428545 0.499750 0.029632 0.043500
0 0.433608 0.458250 0.027757 0.039500
0 0.448987 0.479500 0.027007 0.036000
0 0.436984 0.417000 0.033758 0.036000
0 0.464179 0.435250 0.030383 0.037500
0 0.480120 0.400500 0.029257 0.038000
0 0.499250 0.436750 0.028507 0.038500
0 0.482371 0.464750 0.028507 0.043500
0 0.508815 0.474250 0.029632 0.029500
0 0.517067 0.445000 0.023631 0.034000
0 0.536947 0.462000 0.024381 0.039000
0 0.486309 0.502750 0.028132 0.039500
0 0.478245 0.358750 0.033008 0.042500
0 0.506002 0.377750 0.032258 0.045500
0 0.530195 0.407500 0.027382 0.045000
0 0.543323 0.422500 0.022881 0.039000
0 0.546512 0.381500 0.025506 0.044000
0 0.524756 0.369250 0.024006 0.041500
0 0.510315 0.333750 0.025881 0.038500
0 0.483683 0.325500 0.032633 0.042000
0 0.510315 0.283250 0.028132 0.049500
0 0.525319 0.294500 0.023631 0.044000
0 0.541823 0.326750 0.028132 0.045500
0 0.555701 0.346000 0.025881 0.041000
0 0.587397 0.319750 0.025506 0.041500
0 0.551013 0.297000 0.023256 0.038000
0 0.511253 0.244000 0.027757 0.042000
0 0.533571 0.256750 0.024381 0.038500
0 0.543511 0.266000 0.021755 0.032000
0 0.580458 0.225000 0.029632 0.037000
0 0.578207 0.259750 0.028132 0.039500
0 0.617779 0.252250 0.021005 0.048500
0 0.606902 0.293750 0.023256 0.046500
0 0.632033 0.329750 0.029257 0.048500
0 0.651913 0.343000 0.025506 0.042000
0 0.631470 0.374250 0.032633 0.039500
0 0.589647 0.360250 0.028507 0.032500
0 0.585146 0.391500 0.027757 0.045000
0 0.609527 0.388500 0.021755 0.044000
0 0.584396 0.436250 0.027007 0.037500
0 0.600338 0.421750 0.022881 0.040500
0 0.625094 0.421250 0.023631 0.036500
0 0.652101 0.406500 0.023631 0.040000
0 0.660353 0.440000 0.027382 0.032000
0 0.619842 0.454000 0.027382 0.039000
0 0.633533 0.444750 0.021755 0.030500
0 0.619280 0.480750 0.026257 0.032500
0 0.647599 0.486750 0.022881 0.037500
0 0.647037 0.514000 0.027757 0.031000
0 0.563578 0.474500 0.025881 0.043000
0 0.585521 0.482250 0.024006 0.037500
0 0.586084 0.510250 0.029632 0.040500
0 0.601463 0.538750 0.025131 0.034500
0 0.591523 0.554750 0.029257 0.039500
0 0.549325 0.498250 0.025131 0.039500
0 0.554014 0.529500 0.023256 0.035000
0 0.534134 0.535500 0.024756 0.039000
0 0.592461 0.591250 0.025881 0.038500
0 0.684171 0.347750 0.028507 0.030500
0 0.695049 0.377500 0.034509 0.039000
0 0.700863 0.416750 0.026632 0.032500
0 0.724681 0.402000 0.025506 0.032000
0 0.725619 0.436000 0.024381 0.035000
0 0.763128 0.409000 0.031133 0.036000
0 0.771943 0.456750 0.028507 0.034500
0 0.765379 0.493000 0.022131 0.037000
0 0.789385 0.511500 0.029632 0.031000
0 0.812641 0.512250 0.021380 0.041500
0 0.702551 0.452250 0.027757 0.033500
0 0.688860 0.480000 0.027382 0.035000
0 0.709865 0.503500 0.026632 0.032000
0 0.735184 0.516750 0.024756 0.040500
0 0.760503 0.534750 0.022131 0.024500
0 0.771568 0.563250 0.027007 0.034500
0 0.788447 0.568250 0.021755 0.038500
0 0.823331 0.590500 0.029257 0.038000
0 0.715116 0.539750 0.022881 0.037500
0 0.689235 0.546000 0.029632 0.037000
0 0.699925 0.565500 0.027757 0.031000
0 0.713616 0.591750 0.025131 0.034500
0 0.765754 0.594500 0.025131 0.037000
0 0.757314 0.625000 0.021755 0.032000
0 0.735559 0.623250 0.021005 0.041500
0 0.638035 0.542250 0.030758 0.039500
0 0.644224 0.561000 0.028132 0.029000
0 0.668980 0.583000 0.020630 0.034000
0 0.695986 0.605750 0.022131 0.025500
0 0.699737 0.629000 0.026632 0.035000
0 0.696924 0.651750 0.024756 0.027500
0 0.722618 0.673250 0.020630 0.037500
0 0.752626 0.674250 0.022881 0.041500
0 0.766129 0.668250 0.021380 0.038500
0 0.668605 0.615250 0.026632 0.033500
0 0.630720 0.583000 0.027382 0.039000
0 0.616842 0.601000 0.022131 0.023000
0 0.606714 0.626250 0.027382 0.031500
0 0.625844 0.643250 0.024381 0.037500
0 0.644036 0.660750 0.025506 0.037500
0 0.612528 0.680250 0.024006 0.038500
0 0.630720 0.683750 0.021380 0.035500
0 0.628657 0.714250 0.020255 0.027500
0 0.626219 0.742750 0.029632 0.040500
0 0.660353 0.696250 0.024381 0.041500
0 0.673856 0.721500 0.025131 0.031000
0 0.694486 0.734000 0.020630 0.037000
0 0.690548 0.679750 0.024006 0.032500
0 0.704801 0.704000 0.021755 0.038000
0 0.751313 0.724000 0.018755 0.038000
0 0.720930 0.743250 0.020255 0.037500
0 0.712303 0.766750 0.021755 0.034500
0 0.674794 0.756250 0.016504 0.024500
0 0.671793 0.784500 0.030008 0.041000
0 0.686797 0.819750 0.024006 0.041500
0 0.695049 0.791750 0.021755 0.035500
0 0.746812 0.554500 0.029257 0.037000