0 0.411665 0.192500 0.070143 0.097000
0 0.477869 0.234000 0.065266 0.085000
0 0.346962 0.259250 0.066017 0.081500
0 0.417104 0.285500 0.063016 0.085000
0 0.510690 0.298250 0.064141 0.087500
0 0.441298 0.353750 0.069392 0.086500
0 0.367779 0.328000 0.066392 0.084000
0 0.309077 0.301750 0.072768 0.091500
0 0.521943 0.391500 0.059640 0.088000
0 0.578770 0.356000 0.068267 0.088000
0 0.468305 0.430500 0.058890 0.087000
0 0.249437 0.338250 0.063016 0.076500
0 0.297262 0.391500 0.058890 0.099000
0 0.352213 0.419750 0.065266 0.080500
0 0.408477 0.455500 0.066767 0.087000
0 0.520443 0.481750 0.053638 0.088500
0 0.573331 0.440750 0.061890 0.083500
0 0.638597 0.389000 0.058890 0.087000
0 0.682858 0.443000 0.061890 0.078000
0 0.621718 0.472000 0.061890 0.086000
0 0.243061 0.426250 0.063016 0.093500
0 0.346024 0.478500 0.061140 0.075000
0 0.397412 0.531250 0.057389 0.085500
0 0.451425 0.507500 0.067142 0.084000
0 0.499062 0.553500 0.065641 0.084000
0 0.593586 0.546750 0.058140 0.087500
0 0.665041 0.522750 0.063766 0.092500
0 0.719992 0.511750 0.060390 0.083500
0 0.739685 0.591500 0.057764 0.084000
0 0.633346 0.601000 0.061140 0.075000
0 0.535259 0.611250 0.063766 0.071500
0 0.590585 0.630250 0.062641 0.077500
0 0.681733 0.630000 0.061140 0.069000
0 0.721118 0.660000 0.061140 0.084000
0 0.633158 0.677250 0.071268 0.079500
0 0.160728 0.427500 0.067892 0.085000
0 0.129970 0.468750 0.070893 0.077500
0 0.201613 0.510500 0.068642 0.084000
0 0.151725 0.557000 0.069392 0.086000
0 0.266129 0.515000 0.067142 0.069000
0 0.180045 0.627250 0.066017 0.080500
0 0.227682 0.578250 0.069767 0.094500
0 0.309640 0.556750 0.060390 0.077500
0 0.289010 0.638500 0.064891 0.073000
0 0.349400 0.620250 0.061140 0.081500
0 0.410353 0.620250 0.065266 0.075500
0 0.421043 0.680500 0.068642 0.077000
0 0.394224 0.743500 0.063766 0.072000
0 0.437734 0.789500 0.063766 0.070000
0 0.515566 0.676500 0.061140 0.085000
0 0.492873 0.742500 0.066017 0.068000
0 0.569205 0.717000 0.068642 0.082000
0 0.521568 0.822500 0.060390 0.084000
0 0.605026 0.782000 0.059265 0.074000
0 0.574456 0.846000 0.066392 0.071000
0 0.664291 0.750500 0.072018 0.077000
0 0.638035 0.817250 0.057014 0.074500
0 0.702551 0.801250 0.059265 0.067500
0 0.761628 0.777250 0.064141 0.072500
0 0.630158 0.899250 0.068267 0.095500
0 0.684734 0.865750 0.066392 0.082500
0 0.745686 0.843000 0.058515 0.070000