0 0.111485 0.116250 0.057613 0.077500
0 0.195286 0.162750 0.053872 0.083500
0 0.234568 0.142500 0.060606 0.087000
0 0.273288 0.205500 0.046764 0.075000
0 0.314254 0.194250 0.060606 0.078500
0 0.329405 0.110250 0.063973 0.086500
0 0.367003 0.180250 0.051627 0.092500
0 0.395436 0.051000 0.061354 0.094000
0 0.451366 0.104750 0.055743 0.087500
0 0.500935 0.149500 0.065844 0.081000
0 0.456603 0.233500 0.057987 0.086000
0 0.407220 0.271250 0.054994 0.076500
0 0.355780 0.264250 0.053872 0.077500
0 0.314067 0.263000 0.045267 0.070000
0 0.222035 0.244250 0.047512 0.077500
0 0.115600 0.238000 0.051627 0.077000
0 0.116162 0.293750 0.052750 0.064500
0 0.096708 0.343500 0.052750 0.077000
0 0.102881 0.383250 0.054620 0.044500
0 0.149458 0.390250 0.042275 0.065500
0 0.163674 0.350000 0.044519 0.069000
0 0.179948 0.285250 0.043397 0.078500
0 0.228395 0.335750 0.053498 0.069500
0 0.258885 0.302250 0.047138 0.074500
0 0.287131 0.368000 0.053498 0.063000
0 0.336326 0.336500 0.046390 0.073000
0 0.379536 0.343000 0.050505 0.074000
0 0.206884 0.399000 0.038159 0.072000
0 0.192667 0.440500 0.045642 0.070000
0 0.157501 0.453500 0.038159 0.073000
0 0.107931 0.443750 0.042275 0.066500
0 0.131687 0.498750 0.036663 0.052500
0 0.170221 0.521750 0.047138 0.057500
0 0.203330 0.509250 0.045267 0.055500
0 0.150580 0.563250 0.041526 0.054500
0 0.186682 0.598000 0.041900 0.041000
0 0.204826 0.566500 0.039282 0.050000
0 0.244482 0.548250 0.043023 0.060500
0 0.226525 0.634250 0.041526 0.042500
0 0.248597 0.607250 0.040030 0.049500
0 0.264684 0.674500 0.041526 0.054000
0 0.281145 0.651250 0.051253 0.049500
0 0.279648 0.579000 0.036289 0.050000
0 0.240180 0.467750 0.038908 0.061500
0 0.251403 0.407000 0.047886 0.062000
0 0.287692 0.462250 0.047886 0.064500
0 0.278713 0.513250 0.043397 0.051500
0 0.322671 0.544000 0.046016 0.064000
0 0.324542 0.424000 0.045267 0.075000
0 0.334830 0.489000 0.048634 0.055000
0 0.328844 0.597250 0.050131 0.061500
0 0.335204 0.654500 0.041900 0.056000
0 0.297232 0.713250 0.034044 0.053500
0 0.342873 0.725750 0.034792 0.054500
0 0.379536 0.749500 0.035541 0.049000
0 0.371306 0.694750 0.052750 0.058500
0 0.417695 0.678500 0.043771 0.039000
0 0.454545 0.722250 0.044893 0.053500
0 0.430602 0.764000 0.042649 0.050000
0 0.474747 0.789500 0.041152 0.050000
0 0.504302 0.772750 0.048634 0.042500
0 0.518706 0.816500 0.050505 0.054000
0 0.365133 0.586750 0.038159 0.056500
0 0.379536 0.621750 0.043023 0.045500
0 0.405537 0.586250 0.045642 0.063500
0 0.418257 0.622000 0.045642 0.059000
0 0.456977 0.667500 0.043771 0.054000
0 0.491582 0.710500 0.045642 0.065000
0 0.536102 0.726000 0.048634 0.055000
0 0.457351 0.606500 0.045267 0.058000
0 0.496446 0.641750 0.048634 0.056500
0 0.548822 0.655500 0.048634 0.058000
0 0.510101 0.589250 0.052750 0.049500
0 0.564534 0.596000 0.051627 0.065000
0 0.469510 0.540500 0.056865 0.056000
0 0.413954 0.526500 0.043771 0.063000
0 0.369435 0.543250 0.047512 0.061500
0 0.372802 0.469250 0.053498 0.061500
0 0.362701 0.401000 0.049757 0.062000
0 0.416199 0.401750 0.054246 0.066500
0 0.440329 0.472000 0.044145 0.069000
0 0.436962 0.337500 0.058361 0.066000
0 0.468949 0.311750 0.057239 0.082500
0 0.512907 0.365750 0.060606 0.078500
0 0.476244 0.420000 0.049383 0.067000
0 0.525627 0.441500 0.054620 0.061000
0 0.490647 0.493500 0.046764 0.070000
0 0.542088 0.512750 0.052376 0.073500
0 0.526375 0.277750 0.063599 0.079500
0 0.543771 0.204750 0.072952 0.084500
0 0.625327 0.240250 0.060232 0.091500
0 0.654508 0.325250 0.074448 0.079500
0 0.588103 0.316000 0.060606 0.074000
0 0.626824 0.370000 0.053498 0.063000
0 0.562477 0.403500 0.052001 0.078000
0 0.591470 0.460000 0.056865 0.068000
0 0.589413 0.545500 0.046016 0.066000
0 0.633184 0.504000 0.054246 0.072000
0 0.671156 0.447250 0.060606 0.062500
0 0.716985 0.485250 0.059484 0.072500
0 0.738496 0.327500 0.069585 0.071000
0 0.779835 0.393500 0.060232 0.079000
0 0.782828 0.472250 0.063973 0.070500
0 0.624953 0.590000 0.049009 0.059000
0 0.677142 0.565250 0.056117 0.060500
0 0.735690 0.563750 0.060232 0.059500
0 0.763562 0.611750 0.054620 0.063500
0 0.674149 0.627750 0.047886 0.058500
0 0.598765 0.640250 0.053498 0.057500
0 0.645716 0.664500 0.042649 0.056000
0 0.685559 0.704000 0.049009 0.054000
0 0.730827 0.656500 0.063973 0.073000
0 0.738122 0.730250 0.056865 0.049500
0 0.641040 0.728750 0.052750 0.047500
0 0.588664 0.744250 0.051253 0.046500
0 0.549570 0.799250 0.039656 0.049500
0 0.565844 0.857750 0.042275 0.058500
0 0.593715 0.798000 0.046390 0.057000
0 0.631687 0.776750 0.044519 0.064500
0 0.804714 0.559250 0.059110 0.073500
0 0.848672 0.509000 0.068462 0.074000
0 0.852600 0.437500 0.062103 0.075000
0 0.844931 0.353250 0.066218 0.090500
0 0.921250 0.429500 0.065470 0.078000
0 0.948747 0.480250 0.062103 0.095500