0 0.345836 0.166250 0.088522 0.114500
0 0.220180 0.237500 0.087772 0.097000
0 0.446549 0.161250 0.081395 0.104500
0 0.392911 0.227500 0.079895 0.107000
0 0.321643 0.270000 0.081395 0.096000
0 0.216804 0.356000 0.078020 0.099000
0 0.300638 0.389750 0.079145 0.108500
0 0.222243 0.457000 0.077644 0.113000
0 0.189047 0.555750 0.081770 0.110500
0 0.250750 0.598500 0.088147 0.115000
0 0.295949 0.526250 0.088522 0.111500
0 0.344336 0.592000 0.084021 0.102000
0 0.412603 0.779000 0.075019 0.122000
0 0.478245 0.819500 0.078770 0.095000
0 0.412791 0.661750 0.075394 0.094500
0 0.495874 0.672000 0.081020 0.112000
0 0.466054 0.580500 0.079895 0.101000
0 0.403976 0.538000 0.084771 0.102000
0 0.357839 0.450000 0.075769 0.114000
0 0.364591 0.331000 0.087022 0.116000
0 0.501875 0.248000 0.084021 0.118000
0 0.453488 0.331000 0.092273 0.113000
0 0.446362 0.441750 0.081770 0.098500
0 0.579895 0.216500 0.087022 0.110000
0 0.571455 0.316250 0.076894 0.118500
0 0.510503 0.415000 0.084771 0.104000
0 0.500375 0.502750 0.082521 0.098500
0 0.549137 0.883500 0.067517 0.104000
0 0.615341 0.913000 0.082896 0.114000
0 0.721868 0.893250 0.085896 0.094500
0 0.797262 0.900500 0.071643 0.105000
0 0.667292 0.820500 0.075769 0.121000
0 0.545386 0.761750 0.070518 0.113500
0 0.614029 0.723750 0.083271 0.114500
0 0.555326 0.624250 0.085896 0.100500
0 0.718680 0.759500 0.082521 0.105000
0 0.799700 0.799500 0.081020 0.095000
0 0.878282 0.835250 0.085896 0.111500
0 0.636159 0.629500 0.075019 0.108000
0 0.718680 0.634000 0.079520 0.110000
0 0.836272 0.688250 0.077644 0.105500
0 0.928732 0.720500 0.087772 0.108000
0 0.936984 0.619000 0.081020 0.108000
0 0.805514 0.593750 0.088147 0.111500
0 0.589647 0.532000 0.082521 0.105000
0 0.659415 0.530750 0.081020 0.113500
0 0.746812 0.517500 0.075019 0.109000
0 0.856527 0.539000 0.089647 0.100000
0 0.947112 0.507250 0.085521 0.107500
0 0.591148 0.428250 0.078770 0.102500
0 0.670105 0.430000 0.084396 0.100000
0 0.787134 0.432000 0.079145 0.100000
0 0.869280 0.415500 0.082146 0.105000
0 0.656227 0.322500 0.082896 0.109000
0 0.736684 0.368250 0.091523 0.099500
0 0.657727 0.235000 0.079895 0.100000
0 0.736684 0.273250 0.073518 0.101500
0 0.772693 0.340500 0.072018 0.088000
0 0.870593 0.314500 0.078770 0.097000