0 0.105589 0.415000 0.071643 0.107000
0 0.154914 0.357250 0.077269 0.098500
0 0.142911 0.514750 0.079520 0.096500
0 0.195049 0.442000 0.084771 0.098000
0 0.252813 0.365250 0.076519 0.101500
0 0.186984 0.588750 0.070893 0.093500
0 0.234809 0.533500 0.075019 0.097000
0 0.275319 0.454750 0.072768 0.097500
0 0.335709 0.393750 0.072018 0.100500
0 0.375844 0.317250 0.073518 0.095500
0 0.460428 0.218000 0.088147 0.127000
0 0.535259 0.172000 0.078020 0.106000
0 0.455364 0.325750 0.076519 0.093500
0 0.391973 0.408250 0.081020 0.103500
0 0.349400 0.504000 0.075394 0.096000
0 0.306077 0.588250 0.060015 0.101500
0 0.248125 0.640500 0.073143 0.090000
0 0.240435 0.744000 0.072018 0.101000
0 0.314891 0.763750 0.073143 0.093500
0 0.335709 0.683000 0.065266 0.092000
0 0.397224 0.799000 0.069017 0.095000
0 0.433421 0.844250 0.074644 0.083500
0 0.399475 0.670500 0.073518 0.092000
0 0.381470 0.587000 0.076519 0.095000
0 0.416167 0.495500 0.073143 0.099000
0 0.468492 0.407250 0.073518 0.109500
0 0.543136 0.273000 0.078770 0.102000
0 0.602213 0.224500 0.077644 0.090000
0 0.668605 0.252750 0.071643 0.111500
0 0.602588 0.330750 0.076144 0.096500
0 0.542198 0.371750 0.081395 0.093500
0 0.702176 0.332000 0.075769 0.098000
0 0.653976 0.392750 0.079145 0.098500
0 0.590398 0.447500 0.075769 0.099000
0 0.518380 0.486000 0.071268 0.102000
0 0.461928 0.594750 0.073893 0.096500
0 0.473181 0.695500 0.070143 0.084000
0 0.515379 0.639750 0.065266 0.093500
0 0.539572 0.548500 0.072393 0.098000
0 0.494936 0.781250 0.070143 0.094500
0 0.525694 0.885000 0.077644 0.085000
0 0.591523 0.847750 0.071268 0.096500
0 0.655851 0.829250 0.079145 0.094500
0 0.534321 0.736000 0.067892 0.092000
0 0.595649 0.755000 0.069017 0.093000
0 0.744749 0.867750 0.070143 0.076500
0 0.740998 0.804250 0.069392 0.113500
0 0.807577 0.794250 0.072018 0.099500
0 0.835521 0.712000 0.067142 0.095000
0 0.772506 0.717250 0.075394 0.093500
0 0.695611 0.740750 0.078395 0.098500
0 0.633908 0.688750 0.081020 0.103500
0 0.583458 0.627750 0.070893 0.093500
0 0.678357 0.611250 0.070893 0.099500
0 0.748500 0.627250 0.076894 0.094500
0 0.856339 0.635000 0.075019 0.084000
0 0.837772 0.552250 0.079145 0.090500
0 0.649850 0.522500 0.078395 0.103000
0 0.736872 0.528500 0.084396 0.094000
0 0.711928 0.453500 0.074269 0.104000
0 0.801575 0.476500 0.086272 0.096000
0 0.772693 0.388500 0.078020 0.093000